date	location	variant	median_freq_nowcast	freq_upper_95	freq_lower_95	freq_upper_80	freq_lower_80	freq_upper_50	freq_lower_50	median_freq_forecast	freq_forecast_upper_95	freq_forecast_lower_95	freq_forecast_upper_80	freq_forecast_lower_80	freq_forecast_upper_50	freq_forecast_lower_50	model	analysis_date
2038-10-06	south	14	1.0	1.0	1.0	1.0	1.0	1.0	1.0								FGA	2039-10-01
2038-10-07	south	14	1.0	1.0	1.0	1.0	1.0	1.0	1.0								FGA	2039-10-01
2038-10-08	south	14	1.0	1.0	1.0	1.0	1.0	1.0	1.0								FGA	2039-10-01
2038-10-09	south	14	1.0	1.0	1.0	1.0	1.0	1.0	1.0								FGA	2039-10-01
2038-10-10	south	14	1.0	1.0	1.0	1.0	1.0	1.0	1.0								FGA	2039-10-01
2038-10-11	south	14	1.0	1.0	1.0	1.0	1.0	1.0	1.0								FGA	2039-10-01
2038-10-12	south	14	1.0	1.0	1.0	1.0	1.0	1.0	1.0								FGA	2039-10-01
2038-10-13	south	14	1.0	1.0	1.0	1.0	1.0	1.0	1.0								FGA	2039-10-01
2038-10-14	south	14	1.0	1.0	1.0	1.0	1.0	1.0	1.0								FGA	2039-10-01
2038-10-15	south	14	1.0	1.0	1.0	1.0	1.0	1.0	1.0								FGA	2039-10-01
2038-10-16	south	14	1.0	1.0	1.0	1.0	1.0	1.0	1.0								FGA	2039-10-01
2038-10-17	south	14	1.0	1.0	1.0	1.0	1.0	1.0	1.0								FGA	2039-10-01
2038-10-18	south	14	1.0	1.0	1.0	1.0	1.0	1.0	1.0								FGA	2039-10-01
2038-10-19	south	14	1.0	1.0	1.0	1.0	1.0	1.0	1.0								FGA	2039-10-01
2038-10-20	south	14	1.0	1.0	1.0	1.0	1.0	1.0	1.0								FGA	2039-10-01
2038-10-21	south	14	1.0	1.0	1.0	1.0	1.0	1.0	1.0								FGA	2039-10-01
2038-10-22	south	14	1.0	1.0	1.0	1.0	1.0	1.0	1.0								FGA	2039-10-01
2038-10-23	south	14	1.0	1.0	1.0	1.0	1.0	1.0	1.0								FGA	2039-10-01
2038-10-24	south	14	1.0	1.0	1.0	1.0	1.0	1.0	1.0								FGA	2039-10-01
2038-10-25	south	14	1.0	1.0	1.0	1.0	1.0	1.0	1.0								FGA	2039-10-01
2038-10-26	south	14	1.0	1.0	1.0	1.0	1.0	1.0	1.0								FGA	2039-10-01
2038-10-27	south	14	1.0	1.0	1.0	1.0	1.0	1.0	1.0								FGA	2039-10-01
2038-10-28	south	14	1.0	1.0	1.0	1.0	1.0	1.0	1.0								FGA	2039-10-01
2038-10-29	south	14	1.0	1.0	1.0	1.0	1.0	1.0	1.0								FGA	2039-10-01
2038-10-30	south	14	1.0	1.0	1.0	1.0	1.0	1.0	1.0								FGA	2039-10-01
2038-10-31	south	14	1.0	1.0	1.0	1.0	1.0	1.0	1.0								FGA	2039-10-01
2038-11-01	south	14	1.0	1.0	1.0	1.0	1.0	1.0	1.0								FGA	2039-10-01
2038-11-02	south	14	1.0	1.0	1.0	1.0	1.0	1.0	1.0								FGA	2039-10-01
2038-11-03	south	14	1.0	1.0	1.0	1.0	1.0	1.0	1.0								FGA	2039-10-01
2038-11-04	south	14	1.0	1.0	1.0	1.0	1.0	1.0	1.0								FGA	2039-10-01
2038-11-05	south	14	1.0	1.0	1.0	1.0	1.0	1.0	1.0								FGA	2039-10-01
2038-11-06	south	14	1.0	1.0	1.0	1.0	1.0	1.0	1.0								FGA	2039-10-01
2038-11-07	south	14	1.0	1.0	1.0	1.0	1.0	1.0	1.0								FGA	2039-10-01
2038-11-08	south	14	1.0	1.0	1.0	1.0	1.0	1.0	1.0								FGA	2039-10-01
2038-11-09	south	14	1.0	1.0	1.0	1.0	1.0	1.0	1.0								FGA	2039-10-01
2038-11-10	south	14	1.0	1.0	1.0	1.0	1.0	1.0	1.0								FGA	2039-10-01
2038-11-11	south	14	1.0	1.0	1.0	1.0	1.0	1.0	1.0								FGA	2039-10-01
2038-11-12	south	14	1.0	1.0	1.0	1.0	1.0	1.0	1.0								FGA	2039-10-01
2038-11-13	south	14	1.0	1.0	1.0	1.0	1.0	1.0	1.0								FGA	2039-10-01
2038-11-14	south	14	1.0	1.0	1.0	1.0	1.0	1.0	1.0								FGA	2039-10-01
2038-11-15	south	14	1.0	1.0	1.0	1.0	1.0	1.0	1.0								FGA	2039-10-01
2038-11-16	south	14	1.0	1.0	1.0	1.0	1.0	1.0	1.0								FGA	2039-10-01
2038-11-17	south	14	1.0	1.0	1.0	1.0	1.0	1.0	1.0								FGA	2039-10-01
2038-11-18	south	14	1.0	1.0	1.0	1.0	1.0	1.0	1.0								FGA	2039-10-01
2038-11-19	south	14	1.0	1.0	1.0	1.0	1.0	1.0	1.0								FGA	2039-10-01
2038-11-20	south	14	1.0	1.0	1.0	1.0	1.0	1.0	1.0								FGA	2039-10-01
2038-11-21	south	14	1.0	1.0	1.0	1.0	1.0	1.0	1.0								FGA	2039-10-01
2038-11-22	south	14	1.0	1.0	1.0	1.0	1.0	1.0	1.0								FGA	2039-10-01
2038-11-23	south	14	1.0	1.0	1.0	1.0	1.0	1.0	1.0								FGA	2039-10-01
2038-11-24	south	14	1.0	1.0	1.0	1.0	1.0	1.0	1.0								FGA	2039-10-01
2038-11-25	south	14	1.0	1.0	1.0	1.0	1.0	1.0	1.0								FGA	2039-10-01
2038-11-26	south	14	1.0	1.0	1.0	1.0	1.0	1.0	1.0								FGA	2039-10-01
2038-11-27	south	14	1.0	1.0	1.0	1.0	1.0	1.0	1.0								FGA	2039-10-01
2038-11-28	south	14	1.0	1.0	1.0	1.0	1.0	1.0	1.0								FGA	2039-10-01
2038-11-29	south	14	1.0	1.0	1.0	1.0	1.0	1.0	1.0								FGA	2039-10-01
2038-11-30	south	14	1.0	1.0	1.0	1.0	1.0	1.0	1.0								FGA	2039-10-01
2038-12-01	south	14	1.0	1.0	1.0	1.0	1.0	1.0	1.0								FGA	2039-10-01
2038-12-02	south	14	1.0	1.0	1.0	1.0	1.0	1.0	1.0								FGA	2039-10-01
2038-12-03	south	14	1.0	1.0	1.0	1.0	1.0	1.0	1.0								FGA	2039-10-01
2038-12-04	south	14	1.0	1.0	1.0	1.0	1.0	1.0	1.0								FGA	2039-10-01
2038-12-05	south	14	1.0	1.0	1.0	1.0	1.0	1.0	1.0								FGA	2039-10-01
2038-12-06	south	14	1.0	1.0	1.0	1.0	1.0	1.0	1.0								FGA	2039-10-01
2038-12-07	south	14	1.0	1.0	1.0	1.0	1.0	1.0	1.0								FGA	2039-10-01
2038-12-08	south	14	1.0	1.0	1.0	1.0	1.0	1.0	1.0								FGA	2039-10-01
2038-12-09	south	14	1.0	1.0	1.0	1.0	1.0	1.0	1.0								FGA	2039-10-01
2038-12-10	south	14	1.0	1.0	1.0	1.0	1.0	1.0	1.0								FGA	2039-10-01
2038-12-11	south	14	1.0	1.0	1.0	1.0	1.0	1.0	1.0								FGA	2039-10-01
2038-12-12	south	14	1.0	1.0	1.0	1.0	1.0	1.0	1.0								FGA	2039-10-01
2038-12-13	south	14	1.0	1.0	1.0	1.0	1.0	1.0	1.0								FGA	2039-10-01
2038-12-14	south	14	1.0	1.0	1.0	1.0	1.0	1.0	1.0								FGA	2039-10-01
2038-12-15	south	14	1.0	1.0	1.0	1.0	1.0	1.0	1.0								FGA	2039-10-01
2038-12-16	south	14	1.0	1.0	1.0	1.0	1.0	1.0	1.0								FGA	2039-10-01
2038-12-17	south	14	1.0	1.0	1.0	1.0	1.0	1.0	1.0								FGA	2039-10-01
2038-12-18	south	14	1.0	1.0	1.0	1.0	1.0	1.0	1.0								FGA	2039-10-01
2038-12-19	south	14	1.0	1.0	1.0	1.0	1.0	1.0	1.0								FGA	2039-10-01
2038-12-20	south	14	1.0	1.0	1.0	1.0	1.0	1.0	1.0								FGA	2039-10-01
2038-12-21	south	14	1.0	1.0	1.0	1.0	1.0	1.0	1.0								FGA	2039-10-01
2038-12-22	south	14	1.0	1.0	1.0	1.0	1.0	1.0	1.0								FGA	2039-10-01
2038-12-23	south	14	1.0	1.0	1.0	1.0	1.0	1.0	1.0								FGA	2039-10-01
2038-12-24	south	14	1.0	1.0	1.0	1.0	1.0	1.0	1.0								FGA	2039-10-01
2038-12-25	south	14	1.0	1.0	1.0	1.0	1.0	1.0	1.0								FGA	2039-10-01
2038-12-26	south	14	1.0	1.0	1.0	1.0	1.0	1.0	1.0								FGA	2039-10-01
2038-12-27	south	14	1.0	1.0	1.0	1.0	1.0	1.0	1.0								FGA	2039-10-01
2038-12-28	south	14	1.0	1.0	1.0	1.0	1.0	1.0	1.0								FGA	2039-10-01
2038-12-29	south	14	1.0	1.0	1.0	1.0	1.0	1.0	1.0								FGA	2039-10-01
2038-12-30	south	14	1.0	1.0	1.0	1.0	1.0	1.0	1.0								FGA	2039-10-01
2038-12-31	south	14	1.0	1.0	1.0	1.0	1.0	1.0	1.0								FGA	2039-10-01
2039-01-01	south	14	1.0	1.0	1.0	1.0	1.0	1.0	1.0								FGA	2039-10-01
2039-01-02	south	14	1.0	1.0	1.0	1.0	1.0	1.0	1.0								FGA	2039-10-01
2039-01-03	south	14	1.0	1.0	1.0	1.0	1.0	1.0	1.0								FGA	2039-10-01
2039-01-04	south	14	1.0	1.0	1.0	1.0	1.0	1.0	1.0								FGA	2039-10-01
2039-01-05	south	14	1.0	1.0	1.0	1.0	1.0	1.0	1.0								FGA	2039-10-01
2039-01-06	south	14	1.0	1.0	1.0	1.0	1.0	1.0	1.0								FGA	2039-10-01
2039-01-07	south	14	1.0	1.0	1.0	1.0	1.0	1.0	1.0								FGA	2039-10-01
2039-01-08	south	14	1.0	1.0	1.0	1.0	1.0	1.0	1.0								FGA	2039-10-01
2039-01-09	south	14	1.0	1.0	1.0	1.0	1.0	1.0	1.0								FGA	2039-10-01
2039-01-10	south	14	1.0	1.0	1.0	1.0	1.0	1.0	1.0								FGA	2039-10-01
2039-01-11	south	14	1.0	1.0	1.0	1.0	1.0	1.0	1.0								FGA	2039-10-01
2039-01-12	south	14	1.0	1.0	1.0	1.0	1.0	1.0	1.0								FGA	2039-10-01
2039-01-13	south	14	1.0	1.0	1.0	1.0	1.0	1.0	1.0								FGA	2039-10-01
2039-01-14	south	14	1.0	1.0	1.0	1.0	1.0	1.0	1.0								FGA	2039-10-01
2039-01-15	south	14	1.0	1.0	1.0	1.0	1.0	1.0	1.0								FGA	2039-10-01
2039-01-16	south	14	1.0	1.0	1.0	1.0	1.0	1.0	1.0								FGA	2039-10-01
2039-01-17	south	14	1.0	1.0	1.0	1.0	1.0	1.0	1.0								FGA	2039-10-01
2039-01-18	south	14	1.0	1.0	1.0	1.0	1.0	1.0	1.0								FGA	2039-10-01
2039-01-19	south	14	1.0	1.0	1.0	1.0	1.0	1.0	1.0								FGA	2039-10-01
2039-01-20	south	14	1.0	1.0	1.0	1.0	1.0	1.0	1.0								FGA	2039-10-01
2039-01-21	south	14	1.0	1.0	1.0	1.0	1.0	1.0	1.0								FGA	2039-10-01
2039-01-22	south	14	1.0	1.0	1.0	1.0	1.0	1.0	1.0								FGA	2039-10-01
2039-01-23	south	14	1.0	1.0	1.0	1.0	1.0	1.0	1.0								FGA	2039-10-01
2039-01-24	south	14	1.0	1.0	1.0	1.0	1.0	1.0	1.0								FGA	2039-10-01
2039-01-25	south	14	1.0	1.0	0.99999994	1.0	1.0	1.0	1.0								FGA	2039-10-01
2039-01-26	south	14	1.0	1.0	0.99999994	1.0	1.0	1.0	1.0								FGA	2039-10-01
2039-01-27	south	14	1.0	1.0	0.99999994	1.0	1.0	1.0	1.0								FGA	2039-10-01
2039-01-28	south	14	1.0	1.0	0.99999994	1.0	1.0	1.0	1.0								FGA	2039-10-01
2039-01-29	south	14	1.0	1.0	0.9999999	1.0	0.99999994	1.0	1.0								FGA	2039-10-01
2039-01-30	south	14	1.0	1.0	0.9999999	1.0	0.99999994	1.0	1.0								FGA	2039-10-01
2039-01-31	south	14	1.0	1.0	0.9999999	1.0	0.99999994	1.0	1.0								FGA	2039-10-01
2039-02-01	south	14	1.0	1.0	0.9999999	1.0	0.99999994	1.0	1.0								FGA	2039-10-01
2039-02-02	south	14	1.0	1.0	0.9999999	1.0	0.99999994	1.0	1.0								FGA	2039-10-01
2039-02-03	south	14	1.0	1.0	0.9999999	1.0	0.99999994	1.0	0.99999994								FGA	2039-10-01
2039-02-04	south	14	1.0	1.0	0.9999999	1.0	0.9999999	1.0	0.99999994								FGA	2039-10-01
2039-02-05	south	14	1.0	1.0	0.9999999	1.0	0.9999999	1.0	0.99999994								FGA	2039-10-01
2039-02-06	south	14	1.0	1.0	0.9999999	1.0	0.9999999	1.0	0.99999994								FGA	2039-10-01
2039-02-07	south	14	1.0	1.0	0.9999998	1.0	0.9999999	1.0	0.99999994								FGA	2039-10-01
2039-02-08	south	14	1.0	1.0	0.9999998	1.0	0.9999999	1.0	0.99999994								FGA	2039-10-01
2039-02-09	south	14	0.99999994	1.0	0.9999998	1.0	0.9999999	1.0	0.99999994								FGA	2039-10-01
2039-02-10	south	14	0.99999994	1.0	0.99999976	1.0	0.9999999	1.0	0.9999999								FGA	2039-10-01
2039-02-11	south	14	0.99999994	1.0	0.99999976	1.0	0.9999999	1.0	0.9999999								FGA	2039-10-01
2039-02-12	south	14	0.99999994	1.0	0.9999997	1.0	0.9999998	1.0	0.9999999								FGA	2039-10-01
2039-02-13	south	14	0.99999994	1.0	0.99999964	1.0	0.9999998	1.0	0.9999999								FGA	2039-10-01
2039-02-14	south	14	0.99999994	1.0	0.99999964	1.0	0.9999998	1.0	0.9999999								FGA	2039-10-01
2039-02-15	south	14	0.99999994	1.0	0.9999996	1.0	0.99999976	0.99999994	0.9999999								FGA	2039-10-01
2039-02-16	south	14	0.9999999	1.0	0.99999946	1.0	0.99999976	0.99999994	0.9999999								FGA	2039-10-01
2039-02-17	south	14	0.9999999	1.0	0.9999994	1.0	0.9999997	0.99999994	0.9999998								FGA	2039-10-01
2039-02-18	south	14	0.9999999	1.0	0.9999993	1.0	0.9999997	0.99999994	0.9999998								FGA	2039-10-01
2039-02-19	south	14	0.9999999	1.0	0.9999992	1.0	0.99999964	0.99999994	0.9999998								FGA	2039-10-01
2039-02-20	south	14	0.9999999	1.0	0.9999991	0.99999994	0.9999996	0.99999994	0.99999976								FGA	2039-10-01
2039-02-21	south	14	0.9999999	1.0	0.999999	0.99999994	0.9999996	0.99999994	0.99999976								FGA	2039-10-01
2039-02-22	south	14	0.9999999	1.0	0.99999887	0.99999994	0.99999946	0.99999994	0.9999997								FGA	2039-10-01
2039-02-23	south	14	0.9999999	1.0	0.9999987	0.99999994	0.99999934	0.9999999	0.9999997								FGA	2039-10-01
2039-02-24	south	14	0.9999998	1.0	0.99999845	0.99999994	0.9999993	0.9999999	0.99999964								FGA	2039-10-01
2039-02-25	south	14	0.9999998	1.0	0.9999983	0.99999994	0.9999992	0.9999999	0.99999964								FGA	2039-10-01
2039-02-26	south	14	0.9999998	1.0	0.99999803	0.99999994	0.9999991	0.9999999	0.9999996								FGA	2039-10-01
2039-02-27	south	14	0.9999998	0.99999994	0.9999978	0.99999994	0.999999	0.9999999	0.9999995								FGA	2039-10-01
2039-02-28	south	14	0.99999976	0.99999994	0.9999975	0.99999994	0.99999887	0.9999999	0.9999994								FGA	2039-10-01
2039-03-01	south	14	0.99999976	0.99999994	0.9999972	0.99999994	0.9999987	0.9999999	0.99999934								FGA	2039-10-01
2039-03-02	south	14	0.9999997	0.99999994	0.9999968	0.99999994	0.9999985	0.9999999	0.9999992								FGA	2039-10-01
2039-03-03	south	14	0.9999997	0.99999994	0.9999963	0.9999999	0.99999833	0.9999998	0.99999917								FGA	2039-10-01
2039-03-04	south	14	0.99999964	0.99999994	0.9999958	0.9999999	0.99999815	0.9999998	0.99999905								FGA	2039-10-01
2039-03-05	south	14	0.99999964	0.99999994	0.9999952	0.9999999	0.9999979	0.9999998	0.999999								FGA	2039-10-01
2039-03-06	south	14	0.9999996	0.99999994	0.9999946	0.9999999	0.99999774	0.99999976	0.9999988								FGA	2039-10-01
2039-03-07	south	14	0.9999995	0.99999994	0.9999938	0.9999999	0.99999744	0.99999976	0.9999987								FGA	2039-10-01
2039-03-08	south	14	0.9999994	0.99999994	0.99999297	0.9999999	0.99999714	0.99999976	0.99999857								FGA	2039-10-01
2039-03-09	south	14	0.99999934	0.9999999	0.9999921	0.9999998	0.9999968	0.9999997	0.9999984								FGA	2039-10-01
2039-03-10	south	14	0.9999993	0.9999999	0.99999094	0.9999998	0.9999964	0.9999997	0.9999982								FGA	2039-10-01
2039-03-11	south	14	0.99999917	0.9999999	0.9999897	0.9999998	0.99999595	0.99999964	0.999998								FGA	2039-10-01
2039-03-12	south	14	0.9999991	0.9999999	0.9999883	0.9999998	0.9999954	0.99999964	0.99999785								FGA	2039-10-01
2039-03-13	south	14	0.999999	0.9999999	0.99998677	0.99999976	0.9999949	0.9999996	0.99999756								FGA	2039-10-01
2039-03-14	south	14	0.99999887	0.9999999	0.999985	0.99999976	0.9999943	0.9999995	0.9999973								FGA	2039-10-01
2039-03-15	south	14	0.99999875	0.9999999	0.999983	0.99999976	0.99999356	0.9999994	0.99999696								FGA	2039-10-01
2039-03-16	south	14	0.9999986	0.9999999	0.99998075	0.9999997	0.9999927	0.99999934	0.99999666								FGA	2039-10-01
2039-03-17	south	14	0.9999985	0.9999998	0.9999781	0.9999997	0.9999918	0.9999993	0.99999624								FGA	2039-10-01
2039-03-18	south	14	0.99999833	0.9999998	0.9999752	0.99999964	0.9999907	0.9999992	0.9999958								FGA	2039-10-01
2039-03-19	south	14	0.99999815	0.9999998	0.9999719	0.99999964	0.9999895	0.99999917	0.9999953								FGA	2039-10-01
2039-03-20	south	14	0.999998	0.9999998	0.9999682	0.9999996	0.9999882	0.99999905	0.99999475								FGA	2039-10-01
2039-03-21	south	14	0.9999978	0.99999976	0.9999638	0.9999995	0.9999867	0.9999989	0.99999416								FGA	2039-10-01
2039-03-22	south	14	0.99999756	0.99999976	0.999959	0.9999994	0.99998504	0.99999887	0.99999344								FGA	2039-10-01
2039-03-23	south	14	0.99999726	0.99999976	0.99995357	0.99999934	0.9999832	0.99999875	0.99999267								FGA	2039-10-01
2039-03-24	south	14	0.99999696	0.9999997	0.99994737	0.9999993	0.99998105	0.99999857	0.9999918								FGA	2039-10-01
2039-03-25	south	14	0.99999666	0.9999997	0.99994034	0.9999992	0.9999786	0.99999845	0.9999907								FGA	2039-10-01
2039-03-26	south	14	0.9999963	0.99999964	0.9999324	0.99999917	0.9999759	0.9999983	0.99998957								FGA	2039-10-01
2039-03-27	south	14	0.9999959	0.99999964	0.9999234	0.9999991	0.9999729	0.9999981	0.9999884								FGA	2039-10-01
2039-03-28	south	14	0.99999547	0.9999996	0.9999133	0.999999	0.9999694	0.9999979	0.999987								FGA	2039-10-01
2039-03-29	south	14	0.999995	0.9999995	0.99990183	0.9999989	0.9999655	0.9999978	0.99998546								FGA	2039-10-01
2039-03-30	south	14	0.9999944	0.99999946	0.9998887	0.9999988	0.99996126	0.99999756	0.9999838								FGA	2039-10-01
2039-03-31	south	14	0.9999938	0.9999994	0.99987406	0.9999987	0.99995655	0.9999973	0.9999819								FGA	2039-10-01
2039-04-01	south	14	0.9999931	0.99999934	0.99985737	0.99999857	0.9999513	0.999997	0.99997956								FGA	2039-10-01
2039-04-02	south	14	0.9999924	0.9999993	0.99983853	0.9999984	0.99994546	0.9999967	0.9999771								FGA	2039-10-01
2039-04-03	south	14	0.9999914	0.9999992	0.9998172	0.9999983	0.9999387	0.99999636	0.99997437								FGA	2039-10-01
2039-04-04	south	14	0.9999905	0.99999917	0.9997931	0.9999981	0.99993116	0.999996	0.9999713								FGA	2039-10-01
2039-04-05	south	14	0.99998945	0.99999905	0.9997658	0.9999979	0.9999225	0.9999955	0.9999679								FGA	2039-10-01
2039-04-06	south	14	0.9999883	0.999999	0.99973506	0.99999774	0.99991274	0.9999951	0.999964								FGA	2039-10-01
2039-04-07	south	14	0.999987	0.9999989	0.9997001	0.9999975	0.9999018	0.99999464	0.9999597								FGA	2039-10-01
2039-04-08	south	14	0.99998564	0.99999875	0.99966073	0.9999973	0.99988955	0.99999404	0.99995506								FGA	2039-10-01
2039-04-09	south	14	0.9999841	0.9999986	0.99961615	0.99999696	0.9998758	0.99999344	0.99994993								FGA	2039-10-01
2039-04-10	south	14	0.99998236	0.99999857	0.9995658	0.9999967	0.9998599	0.9999928	0.99994427								FGA	2039-10-01
2039-04-11	south	14	0.99998045	0.9999984	0.99950886	0.99999636	0.9998415	0.9999921	0.9999379								FGA	2039-10-01
2039-04-12	south	14	0.99997824	0.9999983	0.99944454	0.99999607	0.9998207	0.9999912	0.99993056								FGA	2039-10-01
2039-04-13	south	14	0.9999759	0.99999815	0.9993718	0.99999565	0.9997971	0.9999902	0.99992204								FGA	2039-10-01
2039-04-14	south	14	0.9999732	0.999998	0.9992896	0.99999523	0.99977064	0.9999892	0.9999125								FGA	2039-10-01
2039-04-15	south	14	0.9999703	0.99999785	0.9991967	0.9999948	0.9997419	0.9999881	0.9999018								FGA	2039-10-01
2039-04-16	south	14	0.99996686	0.9999976	0.9990916	0.99999434	0.99970967	0.9999869	0.9998895								FGA	2039-10-01
2039-04-17	south	14	0.9999629	0.9999974	0.9989728	0.99999386	0.9996734	0.9999855	0.99987555								FGA	2039-10-01
2039-04-18	south	14	0.9999589	0.99999714	0.9988385	0.9999932	0.99963146	0.999984	0.99986017								FGA	2039-10-01
2039-04-19	south	14	0.99995446	0.9999969	0.9986866	0.99999255	0.99958384	0.99998254	0.99984294								FGA	2039-10-01
2039-04-20	south	14	0.99994963	0.9999966	0.99851507	0.9999919	0.99953115	0.9999807	0.9998237								FGA	2039-10-01
2039-04-21	south	14	0.9999442	0.9999963	0.9983212	0.999991	0.99946755	0.9999787	0.99980223								FGA	2039-10-01
2039-04-22	south	14	0.999938	0.99999595	0.99810207	0.99999017	0.9993965	0.99997646	0.99977857								FGA	2039-10-01
2039-04-23	south	14	0.9999311	0.9999956	0.9978544	0.9999892	0.9993167	0.999974	0.99975204								FGA	2039-10-01
2039-04-24	south	14	0.9999238	0.9999952	0.99757427	0.9999882	0.999227	0.99997133	0.99972284								FGA	2039-10-01
2039-04-25	south	14	0.99991566	0.9999947	0.9972433	0.999987	0.99912834	0.9999684	0.9996902								FGA	2039-10-01
2039-04-26	south	14	0.99990666	0.9999942	0.9968669	0.9999857	0.999019	0.9999651	0.9996536								FGA	2039-10-01
2039-04-27	south	14	0.99989665	0.9999937	0.99643856	0.99998426	0.99889416	0.9999616	0.99961257								FGA	2039-10-01
2039-04-28	south	14	0.9998857	0.99999315	0.99595135	0.99998283	0.99875563	0.99995756	0.9995662								FGA	2039-10-01
2039-04-29	south	14	0.99987346	0.9999925	0.995397	0.9999811	0.99860007	0.9999532	0.99951494								FGA	2039-10-01
2039-04-30	south	14	0.9998599	0.9999917	0.9947661	0.9999792	0.9984243	0.99994844	0.99945796								FGA	2039-10-01
2039-05-01	south	14	0.9998445	0.99999094	0.9940483	0.9999771	0.9982264	0.99994314	0.9993949								FGA	2039-10-01
2039-05-02	south	14	0.99982727	0.9999901	0.99323094	0.9999748	0.9980037	0.99993736	0.9993246								FGA	2039-10-01
2039-05-03	south	14	0.9998077	0.9999892	0.99229896	0.9999724	0.99775296	0.99993104	0.99924606								FGA	2039-10-01
2039-05-04	south	14	0.9997854	0.9999882	0.99123806	0.99996954	0.99746275	0.9999238	0.9991585								FGA	2039-10-01
2039-05-05	south	14	0.99976134	0.99998707	0.9900304	0.9999665	0.99715555	0.99991584	0.9990607								FGA	2039-10-01
2039-05-06	south	14	0.9997347	0.9999859	0.98865587	0.99996305	0.996801	0.99990726	0.99895173								FGA	2039-10-01
2039-05-07	south	14	0.99970466	0.9999846	0.9870916	0.9999596	0.9964105	0.9998978	0.9988265								FGA	2039-10-01
2039-05-08	south	14	0.9996729	0.9999832	0.9853117	0.9999557	0.9959863	0.9998871	0.99867934								FGA	2039-10-01
2039-05-09	south	14	0.9996344	0.9999817	0.9832871	0.9999515	0.99548984	0.99987537	0.9985193								FGA	2039-10-01
2039-05-10	south	14	0.9995934	0.99998	0.9809846	0.9999468	0.9949268	0.99986243	0.9983324								FGA	2039-10-01
2039-05-11	south	14	0.9995481	0.9999781	0.9783673	0.99994165	0.99429315	0.9998481	0.9981247								FGA	2039-10-01
2039-05-12	south	14	0.9994978	0.99997616	0.97539353	0.9999361	0.99358004	0.9998324	0.99789166								FGA	2039-10-01
2039-05-13	south	14	0.9994415	0.9999739	0.97201645	0.9999299	0.99276984	0.9998153	0.99762964								FGA	2039-10-01
2039-05-14	south	14	0.9993775	0.9999715	0.9680871	0.99992317	0.9918578	0.99979675	0.99734026								FGA	2039-10-01
2039-05-15	south	14	0.9993076	0.9999689	0.9635879	0.9999159	0.9908313	0.99977505	0.9970154								FGA	2039-10-01
2039-05-16	south	14	0.99922895	0.99996597	0.95847386	0.99990773	0.9896761	0.9997512	0.99665064								FGA	2039-10-01
2039-05-17	south	14	0.99914336	0.99996275	0.952668	0.9998989	0.9883195	0.999725	0.99624616								FGA	2039-10-01
2039-05-18	south	14	0.99905115	0.99995935	0.94608617	0.99988925	0.9868108	0.99969584	0.9957948								FGA	2039-10-01
2039-05-19	south	14	0.99894905	0.99995565	0.9386369	0.9998786	0.98500884	0.9996638	0.9952891								FGA	2039-10-01
2039-05-20	south	14	0.99883914	0.9999515	0.9303945	0.99986696	0.9830453	0.99962837	0.9947225								FGA	2039-10-01
2039-05-21	south	14	0.9987168	0.9999471	0.92130995	0.9998542	0.9809454	0.9995893	0.99409217								FGA	2039-10-01
2039-05-22	south	14	0.9985771	0.9999422	0.911146	0.9998402	0.97861195	0.9995461	0.9933932								FGA	2039-10-01
2039-05-23	south	14	0.9984182	0.9999368	0.8998044	0.9998248	0.9760013	0.99949837	0.9926119								FGA	2039-10-01
2039-05-24	south	14	0.9982239	0.999931	0.8871862	0.9998085	0.9730799	0.9994446	0.9917385								FGA	2039-10-01
2039-05-25	south	14	0.99802285	0.99992484	0.8731942	0.9997912	0.9698129	0.99938476	0.99076116								FGA	2039-10-01
2039-05-26	south	14	0.99779665	0.9999182	0.857736	0.99977225	0.9659948	0.99931836	0.9895725								FGA	2039-10-01
2039-05-27	south	14	0.9975445	0.99991095	0.8407276	0.9997514	0.9612534	0.9992424	0.9884204								FGA	2039-10-01
2039-05-28	south	14	0.99726367	0.9999029	0.8220564	0.99972683	0.9558957	0.99915767	0.98714817								FGA	2039-10-01
2039-05-29	south	14	0.99695194	0.99989414	0.8026931	0.9996997	0.9504249	0.9990635	0.9856712								FGA	2039-10-01
2039-05-30	south	14	0.9966161	0.99988455	0.78189605	0.99966985	0.94431126	0.9989617	0.9840452								FGA	2039-10-01
2039-05-31	south	14	0.99625075	0.99987406	0.75954884	0.9996367	0.9374893	0.99886066	0.9822737								FGA	2039-10-01
2039-06-01	south	14	0.9958279	0.9998626	0.7357033	0.9996013	0.92988944	0.99874985	0.98030996								FGA	2039-10-01
2039-06-02	south	14	0.99535215	0.99985015	0.71041447	0.9995638	0.92143893	0.9986252	0.9781338								FGA	2039-10-01
2039-06-03	south	14	0.9948219	0.9998365	0.68376845	0.99952465	0.91206187	0.9984865	0.9757236								FGA	2039-10-01
2039-06-04	south	14	0.99423075	0.9998216	0.65588343	0.9994805	0.9016809	0.9983463	0.97305536								FGA	2039-10-01
2039-06-05	south	14	0.9935956	0.99980545	0.6269091	0.99942845	0.89021784	0.99819326	0.97010326								FGA	2039-10-01
2039-06-06	south	14	0.99286693	0.9997877	0.59702456	0.99937105	0.8778426	0.99802625	0.966839								FGA	2039-10-01
2039-06-07	south	14	0.992101	0.9997684	0.5662039	0.99930936	0.86430407	0.9978439	0.96313226								FGA	2039-10-01
2039-06-08	south	14	0.9911799	0.99974734	0.53378254	0.99924034	0.8495255	0.9976451	0.9588965								FGA	2039-10-01
2039-06-09	south	14	0.99015725	0.99972445	0.5019521	0.99916434	0.83345133	0.9974086	0.95420015								FGA	2039-10-01
2039-06-10	south	14	0.9890794	0.99969953	0.5	0.99908084	0.816036	0.99713737	0.94873613								FGA	2039-10-01
2039-06-11	south	14	0.98788494	0.99967235	0.5	0.9989888	0.79724765	0.9968379	0.94230115								FGA	2039-10-01
2039-06-12	south	14	0.9865614	0.9996427	0.5	0.99888754	0.77707005	0.99650735	0.9358023								FGA	2039-10-01
2039-06-13	south	14	0.9850954	0.9996104	0.5	0.998776	0.7555066	0.99614245	0.92894435								FGA	2039-10-01
2039-06-14	south	14	0.983472	0.99957526	0.5	0.99865365	0.73258233	0.99572754	0.9214162								FGA	2039-10-01
2039-06-15	south	14	0.98167473	0.99953693	0.5	0.9985194	0.7075466	0.99526507	0.9128726								FGA	2039-10-01
2039-06-16	south	14	0.97968584	0.99949574	0.5	0.9983719	0.67941725	0.9947624	0.9033761								FGA	2039-10-01
2039-06-17	south	14	0.9774419	0.9994519	0.5	0.9982097	0.652579	0.9941604	0.89297247								FGA	2039-10-01
2039-06-18	south	14	0.9750015	0.99940413	0.5	0.99802923	0.62698215	0.9934903	0.8816025								FGA	2039-10-01
2039-06-19	south	14	0.9723024	0.99935204	0.5	0.99783015	0.59852964	0.99274784	0.86915576								FGA	2039-10-01
2039-06-20	south	14	0.9693185	0.9992947	0.5	0.99761117	0.56761193	0.9919204	0.85534555								FGA	2039-10-01
2039-06-21	south	14	0.96605	0.9992311	0.5	0.99737006	0.53366345	0.9910332	0.83931553								FGA	2039-10-01
2039-06-22	south	14	0.9624938	0.9991616	0.5	0.9971127	0.5007901	0.99010766	0.8229659								FGA	2039-10-01
2039-06-23	south	14	0.9585439	0.9990858	0.5	0.9968256	0.5	0.9890876	0.8061581								FGA	2039-10-01
2039-06-24	south	14	0.9540468	0.99900305	0.5	0.99649715	0.5	0.9879636	0.7864715								FGA	2039-10-01
2039-06-25	south	14	0.9488797	0.9989127	0.5	0.9961491	0.5	0.9867255	0.7662534								FGA	2039-10-01
2039-06-26	south	14	0.94320023	0.998814	0.5	0.99576664	0.5	0.9853538	0.7447182								FGA	2039-10-01
2039-06-27	south	14	0.9372597	0.9987063	0.5	0.9953463	0.5	0.98382425	0.7218946								FGA	2039-10-01
2039-06-28	south	14	0.9308858	0.99858856	0.5	0.9948844	0.5	0.9821371	0.69778013								FGA	2039-10-01
2039-06-29	south	14	0.924072	0.99846005	0.5	0.99437684	0.5	0.9802766	0.6730549								FGA	2039-10-01
2039-06-30	south	14	0.916653	0.9983196	0.5	0.9938191	0.5	0.9782143	0.6473566								FGA	2039-10-01
2039-07-01	south	14	0.9085877	0.9981664	0.5	0.99320644	0.5	0.97583455	0.6207568								FGA	2039-10-01
2039-07-02	south	14	0.89955866	0.99799937	0.5	0.9925332	0.5	0.97324324	0.5933913								FGA	2039-10-01
2039-07-03	south	14	0.8896667	0.9978169	0.5	0.99179363	0.5	0.9705481	0.565833								FGA	2039-10-01
2039-07-04	south	14	0.8790031	0.9976177	0.5	0.9909814	0.5	0.9675908	0.53798187								FGA	2039-10-01
2039-07-05	south	14	0.86768717	0.99740016	0.5	0.99013907	0.5	0.96438324	0.50877106								FGA	2039-10-01
2039-07-06	south	14	0.855434	0.99716246	0.5	0.98923135	0.5	0.9609474	0.5								FGA	2039-10-01
2039-07-07	south	14	0.8418479	0.99691135	0.5	0.9882419	0.5	0.9571274	0.5								FGA	2039-10-01
2039-07-08	south	14	0.8271203	0.99664277	0.5	0.9871583	0.5	0.9526366	0.5								FGA	2039-10-01
2039-07-09	south	14	0.8115697	0.99635136	0.5	0.9859766	0.5	0.9477988	0.5								FGA	2039-10-01
2039-07-10	south	14	0.79482746	0.99603516	0.5	0.98468876	0.5	0.9427037	0.5								FGA	2039-10-01
2039-07-11	south	14	0.77699876	0.9956921	0.5	0.9832856	0.5	0.93714416	0.5								FGA	2039-10-01
2039-07-12	south	14	0.7582923	0.9953198	0.5	0.98175716	0.5	0.9310842	0.5								FGA	2039-10-01
2039-07-13	south	14	0.73860186	0.9949172	0.5	0.9800929	0.5	0.92448676	0.5								FGA	2039-10-01
2039-07-14	south	14	0.71790314	0.994481	0.5	0.97819614	0.5	0.9173138	0.5								FGA	2039-10-01
2039-07-15	south	14	0.6957401	0.99400806	0.5	0.97605073	0.5	0.9095262	0.5								FGA	2039-10-01
2039-07-16	south	14	0.673035	0.9934954	0.5	0.9736974	0.5	0.90108454	0.5								FGA	2039-10-01
2039-07-17	south	14	0.6494881	0.9929397	0.5	0.9710878	0.5	0.8919493	0.5								FGA	2039-10-01
2039-07-18	south	14	0.62518847	0.99233735	0.5	0.96844757	0.5	0.8820814	0.5								FGA	2039-10-01
2039-07-19	south	14	0.60024	0.99165356	0.5	0.96535593	0.5	0.8712496	0.5								FGA	2039-10-01
2039-07-20	south	14	0.5750909	0.99090356	0.5	0.9617689	0.5	0.85956615	0.5								FGA	2039-10-01
2039-07-21	south	14	0.5491774	0.99008626	0.5	0.9579444	0.5	0.84697855	0.5								FGA	2039-10-01
2039-07-22	south	14	0.52371967	0.9891955	0.5	0.9538665	0.5	0.833074	0.5								FGA	2039-10-01
2039-07-23	south	14	0.5	0.9882251	0.5	0.94940865	0.5	0.8181747	0.5								FGA	2039-10-01
2039-07-24	south	14	0.5	0.9871679	0.5	0.9445395	0.5	0.8028635	0.5								FGA	2039-10-01
2039-07-25	south	14	0.5	0.9860163	0.5	0.93922526	0.5	0.78810376	0.5								FGA	2039-10-01
2039-07-26	south	14	0.5	0.984762	0.5	0.9336698	0.5	0.7719959	0.5								FGA	2039-10-01
2039-07-27	south	14	0.5	0.9833962	0.5	0.92813885	0.5	0.75459856	0.5								FGA	2039-10-01
2039-07-28	south	14	0.5	0.9819092	0.5	0.922185	0.5	0.7356624	0.5								FGA	2039-10-01
2039-07-29	south	14	0.5	0.98029065	0.5	0.91575104	0.5	0.7158172	0.5								FGA	2039-10-01
2039-07-30	south	14	0.5	0.9785293	0.5	0.90883875	0.5	0.69510186	0.5								FGA	2039-10-01
2039-07-31	south	14	0.00021665313	0.00596326	3.3803117e-05	0.0013574109	5.6858065e-05	0.0005144647	0.00010770362								FGA	2039-10-01
2039-08-01	south	14	8.3404325e-11	2.206248e-09	1.2483241e-11	5.032526e-10	2.1882341e-11	2.00128e-10	4.3028234e-11								FGA	2039-10-01
2039-08-02	south	14	4.880099e-12	1.2199801e-10	7.262479e-13	2.9555063e-11	1.3038756e-12	1.1539384e-11	2.5475386e-12								FGA	2039-10-01
2039-08-03	south	14	2.207305e-12	5.1732507e-11	3.2171165e-13	1.34260415e-11	5.892127e-13	5.093987e-12	1.1628387e-12								FGA	2039-10-01
2039-08-04	south	14	1.7092969e-12	3.7490257e-11	2.5124122e-13	9.967412e-12	4.576301e-13	3.788752e-12	9.182486e-13								FGA	2039-10-01
2039-08-05	south	14	1.4593075e-12	2.9767695e-11	2.1807305e-13	8.377727e-12	3.896833e-13	3.1081938e-12	7.892187e-13								FGA	2039-10-01
2039-08-06	south	14	1.2364012e-12	2.349223e-11	1.8828065e-13	7.19409e-12	3.3342827e-13	2.6158607e-12	6.740496e-13								FGA	2039-10-01
2039-08-07	south	14	1.0884917e-12	1.8999571e-11	1.6647447e-13	6.3224564e-12	2.9582817e-13	2.2126652e-12	5.815631e-13								FGA	2039-10-01
2039-08-08	south	14	9.630491e-13	1.6266545e-11	1.5230585e-13	5.4947787e-12	2.726028e-13	1.9821787e-12	5.2871986e-13								FGA	2039-10-01
2039-08-09	south	14	8.946315e-13	1.454293e-11	1.4206977e-13	5.0061314e-12	2.5611482e-13	1.832331e-12	4.8045677e-13								FGA	2039-10-01
2039-08-10	south	14	8.2230685e-13	1.2785278e-11	1.3251261e-13	4.606571e-12	2.4023866e-13	1.7244551e-12	4.5127191e-13								FGA	2039-10-01
2039-08-11	south	14	7.651465e-13	1.1591348e-11	1.2231213e-13	4.3304305e-12	2.257516e-13	1.6077364e-12	4.225225e-13								FGA	2039-10-01
2039-08-12	south	14	7.287182e-13	1.0444582e-11	1.1329904e-13	4.044821e-12	2.1727281e-13	1.5196397e-12	4.0397183e-13								FGA	2039-10-01
2039-08-13	south	14	6.906677e-13	9.3577125e-12	1.0913941e-13	3.707586e-12	2.067891e-13	1.4453319e-12	3.819446e-13								FGA	2039-10-01
2039-08-14	south	14	6.527959e-13	8.353185e-12	1.0567409e-13	3.486602e-12	2.0014388e-13	1.4047214e-12	3.650919e-13								FGA	2039-10-01
2039-08-15	south	14	6.359313e-13	7.564283e-12	1.03747435e-13	3.3517098e-12	1.9545865e-13	1.364502e-12	3.5822183e-13								FGA	2039-10-01
2039-08-16	south	14	7.358463e-13	8.325006e-12	1.1960939e-13	3.6868616e-12	2.1340724e-13	1.5664845e-12	4.14615e-13								FGA	2039-10-01
2039-08-17	south	14	9.091953e-13	9.84624e-12	1.4545715e-13	4.4280296e-12	2.6577663e-13	1.9491054e-12	5.1254877e-13								FGA	2039-10-01
2039-08-18	south	14	1.0228131e-12	1.0255272e-11	1.5816267e-13	4.7840447e-12	2.9868404e-13	2.1897185e-12	5.7778207e-13								FGA	2039-10-01
2039-08-19	south	14	1.1117321e-12	1.0372693e-11	1.7175431e-13	5.0655842e-12	3.267407e-13	2.3890508e-12	6.280049e-13								FGA	2039-10-01
2039-08-20	south	14	1.274167e-12	1.1106448e-11	1.9366647e-13	5.7508204e-12	3.7099696e-13	2.7262066e-12	7.123306e-13								FGA	2039-10-01
2039-08-21	south	14	1.4271754e-12	1.24494035e-11	2.2122663e-13	6.5672576e-12	4.2938938e-13	3.1673405e-12	8.194372e-13								FGA	2039-10-01
2039-08-22	south	14	1.5873664e-12	1.3556126e-11	2.481336e-13	7.2725654e-12	4.858009e-13	3.6455947e-12	9.288588e-13								FGA	2039-10-01
2039-08-23	south	14	1.8099905e-12	1.4936689e-11	2.7590308e-13	7.993345e-12	5.513265e-13	4.064246e-12	1.0401042e-12								FGA	2039-10-01
2039-08-24	south	14	2.0750205e-12	1.7234469e-11	3.1097247e-13	8.702413e-12	6.223739e-13	4.6303035e-12	1.1775833e-12								FGA	2039-10-01
2039-08-25	south	14	2.3662409e-12	1.9970966e-11	3.6185066e-13	1.005603e-11	7.08125e-13	5.1412936e-12	1.3243215e-12								FGA	2039-10-01
2039-08-26	south	14	2.7181003e-12	2.3106841e-11	4.0481927e-13	1.12698115e-11	8.050997e-13	5.844053e-12	1.4857899e-12								FGA	2039-10-01
2039-08-27	south	14	3.078412e-12	2.6173645e-11	4.4704965e-13	1.2810004e-11	9.135966e-13	6.6663263e-12	1.6528277e-12								FGA	2039-10-01
2039-08-28	south	14	3.5143047e-12	2.8935241e-11	4.878236e-13	1.4059267e-11	1.0368335e-12	7.5058675e-12	1.8746467e-12								FGA	2039-10-01
2039-08-29	south	14	3.9851898e-12	3.3147332e-11	5.506008e-13	1.628353e-11	1.1783933e-12	8.436258e-12	2.1244246e-12								FGA	2039-10-01
2039-08-30	south	14	4.5514326e-12	3.8048023e-11	6.228873e-13	1.7504356e-11	1.3065133e-12	9.634299e-12	2.4101888e-12								FGA	2039-10-01
2039-08-31	south	14	5.172101e-12	4.3671955e-11	7.0441407e-13	1.9835909e-11	1.4680005e-12	1.0859235e-11	2.7676416e-12								FGA	2039-10-01
2039-09-01	south	14	5.819501e-12	5.0143098e-11	7.9671296e-13	2.3276029e-11	1.6506997e-12	1.2516684e-11	3.128899e-12								FGA	2039-10-01
2039-09-02	south	14	6.62582e-12	5.6793358e-11	9.013085e-13	2.6894013e-11	1.8694343e-12	1.4370886e-11	3.5142644e-12								FGA	2039-10-01
2039-09-03	south	14	7.601607e-12	6.489199e-11	1.019733e-12	3.032366e-11	2.1428991e-12	1.6115526e-11	3.963806e-12								FGA	2039-10-01
2039-09-04	south	14	8.673675e-12	7.611485e-11	1.1550928e-12	3.4593883e-11	2.4317015e-12	1.828497e-11	4.503277e-12								FGA	2039-10-01
2039-09-05	south	14	9.898672e-12	8.8267726e-11	1.3106327e-12	3.9705933e-11	2.8113605e-12	2.1058955e-11	5.088976e-12								FGA	2039-10-01
2039-09-06	south	14	1.1234546e-11	1.0224165e-10	1.4667556e-12	4.643279e-11	3.1371021e-12	2.4064202e-11	5.7782854e-12								FGA	2039-10-01
2039-09-07	south	14	1.2672573e-11	1.1861703e-10	1.6247433e-12	5.3804818e-11	3.553482e-12	2.7981926e-11	6.520424e-12								FGA	2039-10-01
2039-09-08	south	14	1.4508215e-11	1.3832593e-10	1.8102594e-12	6.102245e-11	4.0324666e-12	3.2058488e-11	7.337117e-12								FGA	2039-10-01
2039-09-09	south	14	1.6569298e-11	1.5954787e-10	2.0057046e-12	6.971619e-11	4.3952468e-12	3.6646224e-11	8.268882e-12								FGA	2039-10-01
2039-09-10	south	14	1.8924272e-11	1.7939425e-10	2.221278e-12	8.054606e-11	4.9611548e-12	4.177694e-11	9.5025975e-12								FGA	2039-10-01
2039-09-11	south	14	2.1552132e-11	2.060637e-10	2.4987356e-12	9.363364e-11	5.611677e-12	4.7717767e-11	1.0864492e-11								FGA	2039-10-01
2039-09-12	south	14	2.4693284e-11	2.367063e-10	2.8110238e-12	1.0624965e-10	6.275861e-12	5.4029253e-11	1.23114045e-11								FGA	2039-10-01
2039-09-13	south	14	2.8116995e-11	2.7191163e-10	3.1625527e-12	1.2484948e-10	7.1310024e-12	6.156631e-11	1.379762e-11								FGA	2039-10-01
2039-09-14	south	14	3.20021e-11	3.1235564e-10	3.5582952e-12	1.40916e-10	8.119638e-12	7.009701e-11	1.5450257e-11								FGA	2039-10-01
2039-09-15	south	14	3.632262e-11	3.5881254e-10	4.0038593e-12	1.5999675e-10	9.229433e-12	7.979536e-11	1.7280729e-11								FGA	2039-10-01
2039-09-16	south	14	4.1226023e-11	4.1216883e-10	4.531107e-12	1.8655501e-10	1.0595281e-11	9.210851e-11	1.9495808e-11								FGA	2039-10-01
2039-09-17	south	14	4.6978574e-11	4.7343934e-10	5.1225547e-12	2.156039e-10	1.1879969e-11	1.037942e-10	2.2081389e-11								FGA	2039-10-01
2039-09-18	south	14	5.364797e-11	5.5587546e-10	5.7679256e-12	2.5076444e-10	1.3247468e-11	1.1788148e-10	2.5075168e-11								FGA	2039-10-01
2039-09-19	south	14	6.110107e-11	6.5444505e-10	6.4897185e-12	2.9160607e-10	1.4949857e-11	1.339697e-10	2.8312765e-11								FGA	2039-10-01
2039-09-20	south	14	6.941134e-11	7.6518103e-10	7.301527e-12	3.3649228e-10	1.6910865e-11	1.5313628e-10	3.21684e-11								FGA	2039-10-01
2039-09-21	south	14	7.916259e-11	8.690919e-10	8.255059e-12	3.8930487e-10	1.9060276e-11	1.7620469e-10	3.6963994e-11								FGA	2039-10-01
2039-09-22	south	14	9.0697685e-11	9.870073e-10	9.298815e-12	4.3870854e-10	2.1497784e-11	2.0396107e-10	4.2343705e-11								FGA	2039-10-01
2039-09-23	south	14	1.0360454e-10	1.1207807e-09	1.0575408e-11	5.097566e-10	2.4082457e-11	2.3469582e-10	4.7768397e-11								FGA	2039-10-01
2039-09-24	south	14	1.18421e-10	1.2725031e-09	1.2012052e-11	5.754132e-10	2.7333347e-11	2.6954639e-10	5.4455298e-11								FGA	2039-10-01
2039-09-25	south	14	1.355943e-10	1.4451487e-09	1.3575466e-11	6.650361e-10	3.081139e-11	3.024025e-10	6.1856714e-11								FGA	2039-10-01
2039-09-26	south	14	1.5385004e-10	1.6633122e-09	1.5332402e-11	7.6114015e-10	3.4724144e-11	3.461089e-10	7.114075e-11								FGA	2039-10-01
2039-09-27	south	14	1.7547619e-10	1.9502828e-09	1.7303195e-11	8.709324e-10	3.9124152e-11	3.9582818e-10	8.047599e-11								FGA	2039-10-01
2039-09-28	south	14	1.9855714e-10	2.3373141e-09	1.9378384e-11	9.941489e-10	4.4033985e-11	4.5717216e-10	9.099562e-11								FGA	2039-10-01
2038-10-06	south	15	4.8549587e-13	7.530708e-13	3.002908e-13	6.451598e-13	3.6087103e-13	5.673101e-13	4.1379996e-13								FGA	2039-10-01
2038-10-07	south	15	3.7963377e-13	5.8876027e-13	2.3483892e-13	5.0450247e-13	2.8220186e-13	4.4358552e-13	3.235454e-13								FGA	2039-10-01
2038-10-08	south	15	3.274005e-13	5.067228e-13	2.0293023e-13	4.3497915e-13	2.4369607e-13	3.8236572e-13	2.789693e-13								FGA	2039-10-01
2038-10-09	south	15	2.8233655e-13	4.3516053e-13	1.7533795e-13	3.723445e-13	2.1054431e-13	3.2963888e-13	2.4061558e-13								FGA	2039-10-01
2038-10-10	south	15	2.484236e-13	3.808666e-13	1.544696e-13	3.2572583e-13	1.8549932e-13	2.9054114e-13	2.1136459e-13								FGA	2039-10-01
2038-10-11	south	15	2.2580866e-13	3.4603315e-13	1.4068368e-13	2.9644196e-13	1.689421e-13	2.6427742e-13	1.921744e-13								FGA	2039-10-01
2038-10-12	south	15	2.0954823e-13	3.208149e-13	1.3073872e-13	2.7559842e-13	1.5697723e-13	2.4448905e-13	1.7802539e-13								FGA	2039-10-01
2038-10-13	south	15	1.9648138e-13	3.0047216e-13	1.2272927e-13	2.58155e-13	1.4729258e-13	2.299054e-13	1.6711914e-13								FGA	2039-10-01
2038-10-14	south	15	1.857324e-13	2.8400616e-13	1.1623076e-13	2.435365e-13	1.3963859e-13	2.1744287e-13	1.5802409e-13								FGA	2039-10-01
2038-10-15	south	15	1.7722144e-13	2.7054853e-13	1.11099017e-13	2.317596e-13	1.3341131e-13	2.0748499e-13	1.5082873e-13								FGA	2039-10-01
2038-10-16	south	15	1.7048331e-13	2.59261e-13	1.0692016e-13	2.2208383e-13	1.2829803e-13	1.9941907e-13	1.4494552e-13								FGA	2039-10-01
2038-10-17	south	15	1.6470833e-13	2.4982872e-13	1.034645e-13	2.1398864e-13	1.2406025e-13	1.923592e-13	1.4003806e-13								FGA	2039-10-01
2038-10-18	south	15	1.6126605e-13	2.4401596e-13	1.0151119e-13	2.0911564e-13	1.2170402e-13	1.8863882e-13	1.3697764e-13								FGA	2039-10-01
2038-10-19	south	15	1.831568e-13	2.7393062e-13	1.1571598e-13	2.3665512e-13	1.3832207e-13	2.1330159e-13	1.55058e-13								FGA	2039-10-01
2038-10-20	south	15	2.2176702e-13	3.3167861e-13	1.4119557e-13	2.896626e-13	1.6796064e-13	2.5779045e-13	1.878037e-13								FGA	2039-10-01
2038-10-21	south	15	2.4420792e-13	3.6828692e-13	1.5632553e-13	3.197096e-13	1.8592295e-13	2.8414426e-13	2.0671784e-13								FGA	2039-10-01
2038-10-22	south	15	2.6234668e-13	3.9730225e-13	1.6902003e-13	3.462393e-13	2.0008512e-13	3.063985e-13	2.2231323e-13								FGA	2039-10-01
2038-10-23	south	15	2.9312382e-13	4.4390498e-13	1.8923014e-13	3.8940628e-13	2.2319112e-13	3.430865e-13	2.48421e-13								FGA	2039-10-01
2038-10-24	south	15	3.316428e-13	5.036327e-13	2.1395544e-13	4.3773419e-13	2.5212845e-13	3.867689e-13	2.818538e-13								FGA	2039-10-01
2038-10-25	south	15	3.6869046e-13	5.65573e-13	2.3849832e-13	4.8757444e-13	2.8063158e-13	4.3074116e-13	3.1353804e-13								FGA	2039-10-01
2038-10-26	south	15	4.0905853e-13	6.3379933e-13	2.6434218e-13	5.455334e-13	3.096896e-13	4.760201e-13	3.472796e-13								FGA	2039-10-01
2038-10-27	south	15	4.5468872e-13	7.099296e-13	2.9447273e-13	6.09035e-13	3.4266332e-13	5.3083005e-13	3.8693338e-13								FGA	2039-10-01
2038-10-28	south	15	5.0721347e-13	7.964164e-13	3.291564e-13	6.811813e-13	3.810956e-13	5.920904e-13	4.3212536e-13								FGA	2039-10-01
2038-10-29	south	15	5.649971e-13	8.91762e-13	3.6599697e-13	7.6427216e-13	4.2228425e-13	6.5912163e-13	4.810799e-13								FGA	2039-10-01
2038-10-30	south	15	6.282814e-13	1.0002547e-12	4.0634613e-13	8.573407e-13	4.669233e-13	7.345412e-13	5.3449096e-13								FGA	2039-10-01
2038-10-31	south	15	7.0258903e-13	1.1242719e-12	4.490349e-13	9.620989e-13	5.1856447e-13	8.1953877e-13	5.94428e-13								FGA	2039-10-01
2038-11-01	south	15	7.836956e-13	1.2535969e-12	4.9753176e-13	1.072233e-12	5.7709805e-13	9.153531e-13	6.620962e-13								FGA	2039-10-01
2038-11-02	south	15	8.7208284e-13	1.3931179e-12	5.4872025e-13	1.2004344e-12	6.4323834e-13	1.0207994e-12	7.348596e-13								FGA	2039-10-01
2038-11-03	south	15	9.71503e-13	1.5548599e-12	6.075e-13	1.3364393e-12	7.179185e-13	1.136825e-12	8.174698e-13								FGA	2039-10-01
2038-11-04	south	15	1.0805729e-12	1.7388531e-12	6.7233887e-13	1.4880008e-12	7.999839e-13	1.2758761e-12	9.069845e-13								FGA	2039-10-01
2038-11-05	south	15	1.2059708e-12	1.9464252e-12	7.4919183e-13	1.6643764e-12	8.8730157e-13	1.4250066e-12	1.007516e-12								FGA	2039-10-01
2038-11-06	south	15	1.342307e-12	2.1805574e-12	8.31533e-13	1.8614095e-12	9.83273e-13	1.5965868e-12	1.1199632e-12								FGA	2039-10-01
2038-11-07	south	15	1.4953876e-12	2.4427402e-12	9.225464e-13	2.0865876e-12	1.0925344e-12	1.7878703e-12	1.246132e-12								FGA	2039-10-01
2038-11-08	south	15	1.674259e-12	2.7364448e-12	1.023484e-12	2.337713e-12	1.2041485e-12	1.9961914e-12	1.3819276e-12								FGA	2039-10-01
2038-11-09	south	15	1.8672251e-12	3.0661413e-12	1.1310966e-12	2.617747e-12	1.3380775e-12	2.2271837e-12	1.532811e-12								FGA	2039-10-01
2038-11-10	south	15	2.0782503e-12	3.4550388e-12	1.2494296e-12	2.9408518e-12	1.4785674e-12	2.4942114e-12	1.7023167e-12								FGA	2039-10-01
2038-11-11	south	15	2.3191258e-12	3.896789e-12	1.3799328e-12	3.2964603e-12	1.6417357e-12	2.7892701e-12	1.8930955e-12								FGA	2039-10-01
2038-11-12	south	15	2.5787027e-12	4.394158e-12	1.5242869e-12	3.699432e-12	1.8223578e-12	3.1161915e-12	2.1032802e-12								FGA	2039-10-01
2038-11-13	south	15	2.866572e-12	4.9257473e-12	1.6888665e-12	4.136632e-12	2.0274511e-12	3.474015e-12	2.344076e-12								FGA	2039-10-01
2038-11-14	south	15	3.1899158e-12	5.52176e-12	1.8763131e-12	4.6452386e-12	2.2413156e-12	3.8950644e-12	2.604452e-12								FGA	2039-10-01
2038-11-15	south	15	3.5347589e-12	6.1902597e-12	2.084359e-12	5.191815e-12	2.4746535e-12	4.361198e-12	2.9052993e-12								FGA	2039-10-01
2038-11-16	south	15	3.9283945e-12	6.9471455e-12	2.314542e-12	5.8395897e-12	2.7383716e-12	4.8742755e-12	3.2429675e-12								FGA	2039-10-01
2038-11-17	south	15	4.3809587e-12	7.830219e-12	2.5693074e-12	6.5448445e-12	3.0336042e-12	5.4535244e-12	3.6007048e-12								FGA	2039-10-01
2038-11-18	south	15	4.8836824e-12	8.826577e-12	2.8629367e-12	7.3344456e-12	3.3648828e-12	6.075064e-12	3.985194e-12								FGA	2039-10-01
2038-11-19	south	15	5.436758e-12	9.950193e-12	3.1901484e-12	8.226338e-12	3.731689e-12	6.7841436e-12	4.4329054e-12								FGA	2039-10-01
2038-11-20	south	15	6.069506e-12	1.1216557e-11	3.5426516e-12	9.229412e-12	4.1361393e-12	7.5799245e-12	4.932356e-12								FGA	2039-10-01
2038-11-21	south	15	6.7651345e-12	1.2643755e-11	3.9285424e-12	1.03531055e-11	4.579962e-12	8.4763455e-12	5.498389e-12								FGA	2039-10-01
2038-11-22	south	15	7.532279e-12	1.4252149e-11	4.337543e-12	1.1606984e-11	5.0760507e-12	9.431688e-12	6.126352e-12								FGA	2039-10-01
2038-11-23	south	15	8.403173e-12	1.6101476e-11	4.7859156e-12	1.30260976e-11	5.6157266e-12	1.0510495e-11	6.8189217e-12								FGA	2039-10-01
2038-11-24	south	15	9.345944e-12	1.8197121e-11	5.276385e-12	1.4618806e-11	6.2094245e-12	1.1713689e-11	7.55205e-12								FGA	2039-10-01
2038-11-25	south	15	1.0354049e-11	2.0526286e-11	5.834531e-12	1.6451035e-11	6.8487863e-12	1.3097138e-11	8.373624e-12								FGA	2039-10-01
2038-11-26	south	15	1.15683765e-11	2.311805e-11	6.44552e-12	1.8536223e-11	7.575327e-12	1.4673138e-11	9.367216e-12								FGA	2039-10-01
2038-11-27	south	15	1.2866142e-11	2.5997253e-11	7.1144353e-12	2.0761934e-11	8.395737e-12	1.6422258e-11	1.047944e-11								FGA	2039-10-01
2038-11-28	south	15	1.4318031e-11	2.9132488e-11	7.867424e-12	2.3217716e-11	9.2806e-12	1.835449e-11	1.1667725e-11								FGA	2039-10-01
2038-11-29	south	15	1.5924718e-11	3.264536e-11	8.738572e-12	2.6102988e-11	1.02874115e-11	2.0504362e-11	1.29291005e-11								FGA	2039-10-01
2038-11-30	south	15	1.7762975e-11	3.6581408e-11	9.698306e-12	2.9428477e-11	1.1377261e-11	2.291687e-11	1.433143e-11								FGA	2039-10-01
2038-12-01	south	15	1.9761635e-11	4.1178658e-11	1.0749458e-11	3.3033763e-11	1.2579339e-11	2.5661407e-11	1.586568e-11								FGA	2039-10-01
2038-12-02	south	15	2.2018755e-11	4.61769e-11	1.1898186e-11	3.7185005e-11	1.3907009e-11	2.8687316e-11	1.7609539e-11								FGA	2039-10-01
2038-12-03	south	15	2.4525361e-11	5.1930932e-11	1.3157161e-11	4.1543918e-11	1.537407e-11	3.201529e-11	1.9495232e-11								FGA	2039-10-01
2038-12-04	south	15	2.7341747e-11	5.864651e-11	1.4516736e-11	4.648285e-11	1.704141e-11	3.583234e-11	2.169508e-11								FGA	2039-10-01
2038-12-05	south	15	3.0439602e-11	6.629785e-11	1.5971034e-11	5.1919954e-11	1.8818324e-11	4.0154817e-11	2.4003341e-11								FGA	2039-10-01
2038-12-06	south	15	3.390116e-11	7.5031724e-11	1.7488401e-11	5.8074653e-11	2.0776334e-11	4.494519e-11	2.6497964e-11								FGA	2039-10-01
2038-12-07	south	15	3.7688897e-11	8.45172e-11	1.9145078e-11	6.498228e-11	2.2956007e-11	5.016701e-11	2.929923e-11								FGA	2039-10-01
2038-12-08	south	15	4.1826462e-11	9.549955e-11	2.0953931e-11	7.2640796e-11	2.540309e-11	5.608853e-11	3.2497952e-11								FGA	2039-10-01
2038-12-09	south	15	4.6502358e-11	1.080127e-10	2.3084168e-11	8.135121e-11	2.8264778e-11	6.2631345e-11	3.5997497e-11								FGA	2039-10-01
2038-12-10	south	15	5.1809064e-11	1.2218664e-10	2.5468837e-11	9.1507184e-11	3.12083e-11	7.0065516e-11	3.995406e-11								FGA	2039-10-01
2038-12-11	south	15	5.793052e-11	1.3830041e-10	2.8039755e-11	1.028843e-10	3.445965e-11	7.8364475e-11	4.4149996e-11								FGA	2039-10-01
2038-12-12	south	15	6.445845e-11	1.5657371e-10	3.085314e-11	1.15641274e-10	3.8032428e-11	8.7682216e-11	4.9071202e-11								FGA	2039-10-01
2038-12-13	south	15	7.170089e-11	1.7729049e-10	3.3966916e-11	1.3037657e-10	4.198265e-11	9.809159e-11	5.445349e-11								FGA	2039-10-01
2038-12-14	south	15	7.9841966e-11	2.0078084e-10	3.738954e-11	1.4691025e-10	4.637277e-11	1.0976103e-10	6.0251e-11								FGA	2039-10-01
2038-12-15	south	15	8.9145524e-11	2.2662708e-10	4.1151076e-11	1.6500065e-10	5.1119598e-11	1.22985e-10	6.679827e-11								FGA	2039-10-01
2038-12-16	south	15	9.912125e-11	2.5555558e-10	4.528448e-11	1.8492706e-10	5.6428584e-11	1.3811502e-10	7.4132624e-11								FGA	2039-10-01
2038-12-17	south	15	1.10254944e-10	2.8820096e-10	4.9684135e-11	2.0719768e-10	6.231599e-11	1.5513546e-10	8.2153936e-11								FGA	2039-10-01
2038-12-18	south	15	1.2262073e-10	3.2504438e-10	5.4669245e-11	2.326047e-10	6.881274e-11	1.732218e-10	9.087771e-11								FGA	2039-10-01
2038-12-19	south	15	1.3612064e-10	3.666299e-10	6.030225e-11	2.6098693e-10	7.5982894e-11	1.9378432e-10	1.0069579e-10								FGA	2039-10-01
2038-12-20	south	15	1.5152593e-10	4.135726e-10	6.671936e-11	2.9284158e-10	8.387389e-11	2.170552e-10	1.1208597e-10								FGA	2039-10-01
2038-12-21	south	15	1.6866332e-10	4.6656795e-10	7.3559464e-11	3.2859573e-10	9.256824e-11	2.4310381e-10	1.244326e-10								FGA	2039-10-01
2038-12-22	south	15	1.87244e-10	5.264025e-10	8.107347e-11	3.6906422e-10	1.021706e-10	2.7210484e-10	1.3799394e-10								FGA	2039-10-01
2038-12-23	south	15	2.0772173e-10	5.9396577e-10	8.9330564e-11	4.173591e-10	1.1283776e-10	3.045344e-10	1.5234879e-10								FGA	2039-10-01
2038-12-24	south	15	2.3059561e-10	6.7026384e-10	9.7964074e-11	4.706925e-10	1.2477465e-10	3.4052833e-10	1.6820602e-10								FGA	2039-10-01
2038-12-25	south	15	2.564413e-10	7.5643486e-10	1.0739895e-10	5.296715e-10	1.3776823e-10	3.8105344e-10	1.8650875e-10								FGA	2039-10-01
2038-12-26	south	15	2.8527025e-10	8.537663e-10	1.1796873e-10	5.960816e-10	1.5203222e-10	4.2718973e-10	2.0699846e-10								FGA	2039-10-01
2038-12-27	south	15	3.170056e-10	9.63715e-10	1.2952578e-10	6.708645e-10	1.6792714e-10	4.7900717e-10	2.2949956e-10								FGA	2039-10-01
2038-12-28	south	15	3.5244982e-10	1.0879295e-09	1.4220068e-10	7.63173e-10	1.8544656e-10	5.3667715e-10	2.543724e-10								FGA	2039-10-01
2038-12-29	south	15	3.9292158e-10	1.2282745e-09	1.5622027e-10	8.684225e-10	2.0478416e-10	6.008584e-10	2.8139782e-10								FGA	2039-10-01
2038-12-30	south	15	4.3656162e-10	1.3868615e-09	1.7168478e-10	9.830732e-10	2.2612717e-10	6.7227723e-10	3.1187186e-10								FGA	2039-10-01
2038-12-31	south	15	4.865366e-10	1.5660795e-09	1.8866073e-10	1.1027705e-09	2.4949956e-10	7.5404616e-10	3.4571704e-10								FGA	2039-10-01
2039-01-01	south	15	5.422828e-10	1.768633e-09	2.0729472e-10	1.2370021e-09	2.756883e-10	8.4479934e-10	3.819976e-10								FGA	2039-10-01
2039-01-02	south	15	6.042691e-10	1.9978341e-09	2.2774761e-10	1.387523e-09	3.0424124e-10	9.463645e-10	4.236114e-10								FGA	2039-10-01
2039-01-03	south	15	6.7221223e-10	2.2571998e-09	2.5019584e-10	1.556299e-09	3.3508163e-10	1.0596222e-09	4.701141e-10								FGA	2039-10-01
2039-01-04	south	15	7.475269e-10	2.5505227e-09	2.7483288e-10	1.7455312e-09	3.6953743e-10	1.1865796e-09	5.2023474e-10								FGA	2039-10-01
2039-01-05	south	15	8.330987e-10	2.8822849e-09	3.0187097e-10	1.9570516e-09	4.066009e-10	1.3289156e-09	5.740084e-10								FGA	2039-10-01
2039-01-06	south	15	9.2567065e-10	3.2575629e-09	3.3154304e-10	2.1939661e-09	4.4812282e-10	1.4885175e-09	6.359125e-10								FGA	2039-10-01
2039-01-07	south	15	1.0271448e-09	3.68211e-09	3.641045e-10	2.4710365e-09	4.933853e-10	1.6666061e-09	7.021581e-10								FGA	2039-10-01
2039-01-08	south	15	1.1406882e-09	4.162444e-09	3.9982503e-10	2.7897744e-09	5.439358e-10	1.8681905e-09	7.760191e-10								FGA	2039-10-01
2039-01-09	south	15	1.2682722e-09	4.705951e-09	4.388759e-10	3.1322047e-09	5.995424e-10	2.0907918e-09	8.603425e-10								FGA	2039-10-01
2039-01-10	south	15	1.4092102e-09	5.3298512e-09	4.829082e-10	3.511621e-09	6.5822625e-10	2.3441635e-09	9.519259e-10								FGA	2039-10-01
2039-01-11	south	15	1.570266e-09	6.047543e-09	5.317751e-10	3.952783e-09	7.2614414e-10	2.6285605e-09	1.0548494e-09								FGA	2039-10-01
2039-01-12	south	15	1.7513146e-09	6.8627526e-09	5.857039e-10	4.4578585e-09	8.010908e-10	2.947827e-09	1.170199e-09								FGA	2039-10-01
2039-01-13	south	15	1.9472643e-09	7.788818e-09	6.452331e-10	5.026608e-09	8.837969e-10	3.3053769e-09	1.2997154e-09								FGA	2039-10-01
2039-01-14	south	15	2.1582718e-09	8.840907e-09	7.109601e-10	5.667654e-09	9.727067e-10	3.7065337e-09	1.443292e-09								FGA	2039-10-01
2039-01-15	south	15	2.4015603e-09	1.0036271e-08	7.83548e-10	6.402788e-09	1.0707423e-09	4.1570063e-09	1.6022753e-09								FGA	2039-10-01
2039-01-16	south	15	2.6732776e-09	1.1394527e-08	8.63146e-10	7.2378925e-09	1.1828538e-09	4.6629407e-09	1.7710725e-09								FGA	2039-10-01
2039-01-17	south	15	2.9755278e-09	1.2937986e-08	9.508743e-10	8.143604e-09	1.3028281e-09	5.2312616e-09	1.9599953e-09								FGA	2039-10-01
2039-01-18	south	15	3.311719e-09	1.469202e-08	1.0415749e-09	9.167303e-09	1.434892e-09	5.8697696e-09	2.1709954e-09								FGA	2039-10-01
2039-01-19	south	15	3.6892225e-09	1.6685478e-08	1.1403364e-09	1.033304e-08	1.5802577e-09	6.5828485e-09	2.4019713e-09								FGA	2039-10-01
2039-01-20	south	15	4.106462e-09	1.89469e-08	1.2483063e-09	1.1646323e-08	1.7402586e-09	7.3665167e-09	2.6539189e-09								FGA	2039-10-01
2039-01-21	south	15	4.5591295e-09	2.1440696e-08	1.3663293e-09	1.3125715e-08	1.9165285e-09	8.296727e-09	2.932257e-09								FGA	2039-10-01
2039-01-22	south	15	5.063651e-09	2.426306e-08	1.4953269e-09	1.4733372e-08	2.1111617e-09	9.319053e-09	3.2397405e-09								FGA	2039-10-01
2039-01-23	south	15	5.633157e-09	2.7457245e-08	1.6397891e-09	1.652157e-08	2.3216449e-09	1.043445e-08	3.579601e-09								FGA	2039-10-01
2039-01-24	south	15	6.2667467e-09	3.1072215e-08	1.8005197e-09	1.852697e-08	2.5517881e-09	1.1605358e-08	3.9579784e-09								FGA	2039-10-01
2039-01-25	south	15	6.9716353e-09	3.516335e-08	1.9766475e-09	2.0776e-08	2.8144385e-09	1.2900812e-08	4.3807287e-09								FGA	2039-10-01
2039-01-26	south	15	7.755852e-09	3.979345e-08	2.1637194e-09	2.3345363e-08	3.1016234e-09	1.4489321e-08	4.854784e-09								FGA	2039-10-01
2039-01-27	south	15	8.6421466e-09	4.5048314e-08	2.365365e-09	2.6342747e-08	3.4149483e-09	1.625506e-08	5.3725517e-09								FGA	2039-10-01
2039-01-28	south	15	9.605188e-09	5.099713e-08	2.5853937e-09	2.962809e-08	3.760099e-09	1.8178952e-08	5.923203e-09								FGA	2039-10-01
2039-01-29	south	15	1.0695326e-08	5.7799117e-08	2.82568e-09	3.3249734e-08	4.1399772e-09	2.0338131e-08	6.530108e-09								FGA	2039-10-01
2039-01-30	south	15	1.1908632e-08	6.55826e-08	3.088072e-09	3.7426176e-08	4.558066e-09	2.2839597e-08	7.2018675e-09								FGA	2039-10-01
2039-01-31	south	15	1.3258399e-08	7.436853e-08	3.374586e-09	4.2228372e-08	5.0190168e-09	2.5651772e-08	7.954734e-09								FGA	2039-10-01
2039-02-01	south	15	1.4747455e-08	8.411324e-08	3.6874195e-09	4.7710312e-08	5.5162457e-09	2.8763456e-08	8.790295e-09								FGA	2039-10-01
2039-02-02	south	15	1.64026e-08	9.512602e-08	4.0289696e-09	5.390052e-08	6.067354e-09	3.220196e-08	9.713392e-09								FGA	2039-10-01
2039-02-03	south	15	1.8226112e-08	1.0757048e-07	4.4018496e-09	6.0583574e-08	6.6807484e-09	3.6139987e-08	1.0733141e-08								FGA	2039-10-01
2039-02-04	south	15	2.0203137e-08	1.2163116e-07	4.8089075e-09	6.805082e-08	7.3498394e-09	4.0498982e-08	1.1860242e-08								FGA	2039-10-01
2039-02-05	south	15	2.2425883e-08	1.3751618e-07	5.2532516e-09	7.648075e-08	8.086322e-09	4.5318124e-08	1.3115281e-08								FGA	2039-10-01
2039-02-06	south	15	2.486357e-08	1.553394e-07	5.738267e-09	8.6115705e-08	8.897061e-09	5.0517762e-08	1.4478885e-08								FGA	2039-10-01
2039-02-07	south	15	2.7568671e-08	1.7528929e-07	6.267647e-09	9.719648e-08	9.789632e-09	5.653408e-08	1.6008299e-08								FGA	2039-10-01
2039-02-08	south	15	3.0646945e-08	1.9779094e-07	6.8454176e-09	1.09313284e-07	1.0769029e-08	6.313562e-08	1.7674811e-08								FGA	2039-10-01
2039-02-09	south	15	3.410642e-08	2.2316907e-07	7.475967e-09	1.2313399e-07	1.1846177e-08	7.050553e-08	1.9542915e-08								FGA	2039-10-01
2039-02-10	south	15	3.7905764e-08	2.5178952e-07	8.164081e-09	1.3868055e-07	1.3031921e-08	7.873289e-08	2.1608166e-08								FGA	2039-10-01
2039-02-11	south	15	4.2106862e-08	2.840644e-07	8.9149745e-09	1.5571119e-07	1.4341452e-08	8.789468e-08	2.3891278e-08								FGA	2039-10-01
2039-02-12	south	15	4.6769806e-08	3.2045804e-07	9.734333e-09	1.7462945e-07	1.5863339e-08	9.822117e-08	2.6404825e-08								FGA	2039-10-01
2039-02-13	south	15	5.194496e-08	3.6317837e-07	1.0628359e-08	1.9591542e-07	1.7455884e-08	1.09751475e-07	2.9164294e-08								FGA	2039-10-01
2039-02-14	south	15	5.7716235e-08	4.11909e-07	1.1603806e-08	2.1981225e-07	1.9208022e-08	1.2261309e-07	3.2204166e-08								FGA	2039-10-01
2039-02-15	south	15	6.407832e-08	4.6863164e-07	1.26680435e-08	2.465356e-07	2.1064466e-08	1.3666661e-07	3.559206e-08								FGA	2039-10-01
2039-02-16	south	15	7.113258e-08	5.3325994e-07	1.3829102e-08	2.7649992e-07	2.3176918e-08	1.5281358e-07	3.9334815e-08								FGA	2039-10-01
2039-02-17	south	15	7.912066e-08	6.051533e-07	1.5095734e-08	3.1009725e-07	2.5510744e-08	1.7086865e-07	4.3469374e-08								FGA	2039-10-01
2039-02-18	south	15	8.800756e-08	6.8669266e-07	1.6477484e-08	3.47767e-07	2.8091984e-08	1.9105725e-07	4.7995428e-08								FGA	2039-10-01
2039-02-19	south	15	9.78347e-08	7.792217e-07	1.7984753e-08	3.900017e-07	3.0937418e-08	2.1376162e-07	5.298688e-08								FGA	2039-10-01
2039-02-20	south	15	1.0875547e-07	8.843804e-07	1.9628885e-08	4.3735332e-07	3.4065334e-08	2.4007392e-07	5.8420614e-08								FGA	2039-10-01
2039-02-21	south	15	1.2089133e-07	1.0036641e-06	2.1422238e-08	4.904406e-07	3.7482305e-08	2.6918232e-07	6.444745e-08								FGA	2039-10-01
2039-02-22	south	15	1.3414103e-07	1.1389606e-06	2.3378293e-08	5.4995706e-07	4.124148e-08	3.0117417e-07	7.1172835e-08								FGA	2039-10-01
2039-02-23	south	15	1.4882922e-07	1.2983294e-06	2.551174e-08	6.166799e-07	4.5377092e-08	3.3683258e-07	7.862336e-08								FGA	2039-10-01
2039-02-24	south	15	1.6538856e-07	1.4799896e-06	2.7838594e-08	6.914807e-07	4.992682e-08	3.7624923e-07	8.6778044e-08								FGA	2039-10-01
2039-02-25	south	15	1.840248e-07	1.686961e-06	3.037632e-08	7.768334e-07	5.4947925e-08	4.2003106e-07	9.572691e-08								FGA	2039-10-01
2039-02-26	south	15	2.0461374e-07	1.9227473e-06	3.3143948e-08	8.789333e-07	6.028345e-08	4.686223e-07	1.0559302e-07								FGA	2039-10-01
2039-02-27	south	15	2.2727482e-07	2.1913322e-06	3.6162238e-08	9.94439e-07	6.610376e-08	5.2279614e-07	1.16498725e-07								FGA	2039-10-01
2039-02-28	south	15	2.5232058e-07	2.497246e-06	3.945382e-08	1.1251051e-06	7.24762e-08	5.837081e-07	1.2862081e-07								FGA	2039-10-01
2039-03-01	south	15	2.8012468e-07	2.846114e-06	4.3043357e-08	1.2723947e-06	7.9452136e-08	6.526742e-07	1.4171228e-07								FGA	2039-10-01
2039-03-02	south	15	3.1120882e-07	3.243473e-06	4.6957755e-08	1.4314732e-06	8.7129486e-08	7.297858e-07	1.561207e-07								FGA	2039-10-01
2039-03-03	south	15	3.4574526e-07	3.695982e-06	5.122634e-08	1.6097973e-06	9.556438e-08	8.160043e-07	1.7207287e-07								FGA	2039-10-01
2039-03-04	south	15	3.839945e-07	4.211232e-06	5.5881102e-08	1.8098311e-06	1.0480241e-07	9.124037e-07	1.9004821e-07								FGA	2039-10-01
2039-03-05	south	15	4.2643245e-07	4.797845e-06	6.09569e-08	2.0348539e-06	1.1491867e-07	1.0199525e-06	2.091583e-07								FGA	2039-10-01
2039-03-06	south	15	4.7351332e-07	5.4594134e-06	6.649178e-08	2.2880013e-06	1.2599513e-07	1.139699e-06	2.302087e-07								FGA	2039-10-01
2039-03-07	south	15	5.2524877e-07	6.1962733e-06	7.252722e-08	2.5724191e-06	1.3812137e-07	1.2717885e-06	2.5349374e-07								FGA	2039-10-01
2039-03-08	south	15	5.825185e-07	7.0319784e-06	7.910845e-08	2.8888671e-06	1.5139504e-07	1.4171926e-06	2.7975176e-07								FGA	2039-10-01
2039-03-09	south	15	6.459778e-07	7.979696e-06	8.628479e-08	3.2365554e-06	1.6592274e-07	1.5791184e-06	3.0870683e-07								FGA	2039-10-01
2039-03-10	south	15	7.165995e-07	9.054334e-06	9.411007e-08	3.6256733e-06	1.820402e-07	1.7594373e-06	3.4063328e-07								FGA	2039-10-01
2039-03-11	south	15	7.95304e-07	1.0272773e-05	1.0264299e-07	4.0720297e-06	1.9991583e-07	1.9602314e-06	3.7583428e-07								FGA	2039-10-01
2039-03-12	south	15	8.826438e-07	1.1654117e-05	1.11947564e-07	4.614068e-06	2.1952611e-07	2.1838205e-06	4.1464378e-07								FGA	2039-10-01
2039-03-13	south	15	9.795651e-07	1.3221723e-05	1.2209365e-07	5.166903e-06	2.408062e-07	2.440836e-06	4.5793456e-07								FGA	2039-10-01
2039-03-14	south	15	1.0871167e-06	1.4998897e-05	1.3315747e-07	5.773272e-06	2.6341726e-07	2.7238557e-06	5.0618723e-07								FGA	2039-10-01
2039-03-15	south	15	1.2064626e-06	1.7013259e-05	1.4522215e-07	6.4955284e-06	2.882478e-07	3.0335868e-06	5.6079455e-07								FGA	2039-10-01
2039-03-16	south	15	1.3356985e-06	1.9296207e-05	1.5837844e-07	7.34032e-06	3.1640428e-07	3.3804504e-06	6.201263e-07								FGA	2039-10-01
2039-03-17	south	15	1.4784925e-06	2.1883267e-05	1.7272534e-07	8.250387e-06	3.4771588e-07	3.7740988e-06	6.8285397e-07								FGA	2039-10-01
2039-03-18	south	15	1.6363641e-06	2.4814606e-05	1.8837089e-07	9.283907e-06	3.831594e-07	4.2240044e-06	7.5188734e-07								FGA	2039-10-01
2039-03-19	south	15	1.8108824e-06	2.8135666e-05	2.0543291e-07	1.0463258e-05	4.2210817e-07	4.727683e-06	8.281261e-07								FGA	2039-10-01
2039-03-20	south	15	2.007421e-06	3.189784e-05	2.2403857e-07	1.1789886e-05	4.628196e-07	5.286829e-06	9.2227987e-07								FGA	2039-10-01
2039-03-21	south	15	2.2258876e-06	3.615922e-05	2.442952e-07	1.3282155e-05	5.087236e-07	5.903105e-06	1.0178398e-06								FGA	2039-10-01
2039-03-22	south	15	2.468034e-06	4.0985506e-05	2.6638253e-07	1.49567e-05	5.5806754e-07	6.591296e-06	1.1226132e-06								FGA	2039-10-01
2039-03-23	south	15	2.7364174e-06	4.6450976e-05	2.9046657e-07	1.6863423e-05	6.1223443e-07	7.3702995e-06	1.2381379e-06								FGA	2039-10-01
2039-03-24	south	15	3.033871e-06	5.263957e-05	3.1672826e-07	1.901005e-05	6.723404e-07	8.287382e-06	1.3655172e-06								FGA	2039-10-01
2039-03-25	south	15	3.363533e-06	5.964621e-05	3.453651e-07	2.1421716e-05	7.3695907e-07	9.294283e-06	1.5059677e-06								FGA	2039-10-01
2039-03-26	south	15	3.7288812e-06	6.757813e-05	3.777163e-07	2.4134351e-05	8.080302e-07	1.0390841e-05	1.6623587e-06								FGA	2039-10-01
2039-03-27	south	15	4.133767e-06	7.655654e-05	4.132036e-07	2.7188817e-05	8.858625e-07	1.1610948e-05	1.8350329e-06								FGA	2039-10-01
2039-03-28	south	15	4.5739143e-06	8.6718435e-05	4.520272e-07	3.0627903e-05	9.710901e-07	1.29686e-05	2.0256452e-06								FGA	2039-10-01
2039-03-29	south	15	5.06578e-06	9.8218574e-05	4.9450006e-07	3.449973e-05	1.0647834e-06	1.4485032e-05	2.2356803e-06								FGA	2039-10-01
2039-03-30	south	15	5.6192175e-06	0.00011123185	5.4096444e-07	3.87657e-05	1.1676109e-06	1.6178865e-05	2.4662595e-06								FGA	2039-10-01
2039-03-31	south	15	6.2331674e-06	0.00012595579	5.917945e-07	4.3450316e-05	1.2846749e-06	1.8200564e-05	2.722567e-06								FGA	2039-10-01
2039-04-01	south	15	6.9222497e-06	0.00014261366	6.473739e-07	4.8683203e-05	1.4136009e-06	2.0468433e-05	3.0021238e-06								FGA	2039-10-01
2039-04-02	south	15	7.686303e-06	0.00016145757	7.0812735e-07	5.452754e-05	1.555362e-06	2.293387e-05	3.3103452e-06								FGA	2039-10-01
2039-04-03	south	15	8.529743e-06	0.00018277238	7.7458293e-07	6.12273e-05	1.7112226e-06	2.568142e-05	3.6541564e-06								FGA	2039-10-01
2039-04-04	south	15	9.469952e-06	0.00020687975	8.433223e-07	6.884732e-05	1.8825698e-06	2.8760127e-05	4.04308e-06								FGA	2039-10-01
2039-04-05	south	15	1.0517882e-05	0.00023414312	9.1778236e-07	7.7471814e-05	2.0709258e-06	3.219033e-05	4.4806666e-06								FGA	2039-10-01
2039-04-06	south	15	1.1681464e-05	0.00026497297	9.988112e-07	8.7243134e-05	2.2779616e-06	3.6044657e-05	4.934354e-06								FGA	2039-10-01
2039-04-07	south	15	1.2946958e-05	0.00029983275	1.0869916e-06	9.818543e-05	2.5055078e-06	4.0289848e-05	5.4269044e-06								FGA	2039-10-01
2039-04-08	south	15	1.4339456e-05	0.00033924603	1.1829596e-06	0.00011043864	2.7558922e-06	4.4910994e-05	5.977321e-06								FGA	2039-10-01
2039-04-09	south	15	1.5883963e-05	0.00038380406	1.2874078e-06	0.00012421446	3.0317885e-06	5.005148e-05	6.583279e-06								FGA	2039-10-01
2039-04-10	south	15	1.7659784e-05	0.0004341745	1.4016456e-06	0.00014006207	3.3350716e-06	5.574935e-05	7.2567136e-06								FGA	2039-10-01
2039-04-11	south	15	1.962233e-05	0.0004911113	1.5318028e-06	0.00015844216	3.6643976e-06	6.209215e-05	8.000217e-06								FGA	2039-10-01
2039-04-12	south	15	2.1776697e-05	0.00055546616	1.6740514e-06	0.0001792603	3.9990728e-06	6.944597e-05	8.819841e-06								FGA	2039-10-01
2039-04-13	south	15	2.4167854e-05	0.00062820036	1.8295132e-06	0.00020285144	4.36406e-06	7.793489e-05	9.72338e-06								FGA	2039-10-01
2039-04-14	south	15	2.6821872e-05	0.0007103998	1.9994138e-06	0.0002293824	4.762107e-06	8.745908e-05	1.0743142e-05								FGA	2039-10-01
2039-04-15	south	15	2.9771247e-05	0.0008032904	2.1850922e-06	0.00025807714	5.196218e-06	9.817246e-05	1.1892924e-05								FGA	2039-10-01
2039-04-16	south	15	3.32353e-05	0.00090841256	2.3880095e-06	0.0002903017	5.669673e-06	0.000110520436	1.3104787e-05								FGA	2039-10-01
2039-04-17	south	15	3.710883e-05	0.0010272556	2.609764e-06	0.00032652408	6.1935007e-06	0.0001244305	1.4439882e-05								FGA	2039-10-01
2039-04-18	south	15	4.1146835e-05	0.0011615771	2.8521e-06	0.00036851762	6.7999945e-06	0.00013984111	1.5913687e-05								FGA	2039-10-01
2039-04-19	south	15	4.5537847e-05	0.0013133872	3.1169216e-06	0.0004161357	7.4659515e-06	0.00015704136	1.7548184e-05								FGA	2039-10-01
2039-04-20	south	15	5.0341143e-05	0.0014849566	3.4063112e-06	0.00046879123	8.203315e-06	0.00017628339	1.9358107e-05								FGA	2039-10-01
2039-04-21	south	15	5.574702e-05	0.0016788504	3.7225393e-06	0.0005324293	8.984719e-06	0.0001977539	2.1356464e-05								FGA	2039-10-01
2039-04-22	south	15	6.2016756e-05	0.0018979658	4.068088e-06	0.00060350826	9.830683e-06	0.00022142343	2.3570694e-05								FGA	2039-10-01
2039-04-23	south	15	6.884606e-05	0.002145575	4.4456665e-06	0.00068330206	1.0757482e-05	0.00024790733	2.6045478e-05								FGA	2039-10-01
2039-04-24	south	15	7.619757e-05	0.002425733	4.858232e-06	0.0007730379	1.1785165e-05	0.00027713843	2.8690858e-05								FGA	2039-10-01
2039-04-25	south	15	8.433357e-05	0.0027566757	5.309013e-06	0.0008716955	1.2952511e-05	0.0003098422	3.1632655e-05								FGA	2039-10-01
2039-04-26	south	15	9.333763e-05	0.0031331237	5.8015357e-06	0.000981014	1.4237616e-05	0.00034643456	3.4879828e-05								FGA	2039-10-01
2039-04-27	south	15	0.00010330217	0.003561378	6.33965e-06	0.0011058646	1.5652537e-05	0.00038738144	3.846043e-05								FGA	2039-10-01
2039-04-28	south	15	0.00011432945	0.004048611	6.9275566e-06	0.0012444038	1.721057e-05	0.000433785	4.2408727e-05								FGA	2039-10-01
2039-04-29	south	15	0.00012653266	0.00460299	7.569846e-06	0.0013999582	1.8926392e-05	0.00048504552	4.676252e-05								FGA	2039-10-01
2039-04-30	south	15	0.00014003698	0.0052338084	8.271526e-06	0.0015757418	2.0816185e-05	0.0005420545	5.1563475e-05								FGA	2039-10-01
2039-05-01	south	15	0.00015547898	0.0059516393	9.038069e-06	0.0017736143	2.28978e-05	0.00060507364	5.685757e-05								FGA	2039-10-01
2039-05-02	south	15	0.00017268107	0.0067689847	9.875444e-06	0.001996341	2.5190944e-05	0.0006754134	6.266715e-05								FGA	2039-10-01
2039-05-03	south	15	0.00019229233	0.0077010067	1.07901715e-05	0.002247029	2.7717344e-05	0.0007539241	6.89463e-05								FGA	2039-10-01
2039-05-04	south	15	0.00021454753	0.0087619675	1.178937e-05	0.0025372426	3.0500963e-05	0.00084156834	7.617342e-05								FGA	2039-10-01
2039-05-05	south	15	0.00023861355	0.0099696405	1.2880809e-05	0.0028444163	3.356825e-05	0.0009393143	8.416527e-05								FGA	2039-10-01
2039-05-06	south	15	0.0002652796	0.011344187	1.4072972e-05	0.0031989613	3.6890768e-05	0.001048265	9.2733724e-05								FGA	2039-10-01
2039-05-07	south	15	0.00029530318	0.012908458	1.537512e-05	0.003589481	4.0427272e-05	0.0011734883	0.000102251564								FGA	2039-10-01
2039-05-08	south	15	0.0003270898	0.014688312	1.6797369e-05	0.0040136697	4.43034e-05	0.0013206725	0.00011288228								FGA	2039-10-01
2039-05-09	south	15	0.00036559821	0.016712971	1.8350755e-05	0.00451011	4.855181e-05	0.0014807635	0.00012461698								FGA	2039-10-01
2039-05-10	south	15	0.00040658258	0.019015398	2.004733e-05	0.005073174	5.3208318e-05	0.0016676164	0.00013756988								FGA	2039-10-01
2039-05-11	south	15	0.0004518552	0.0216327	2.1900256e-05	0.005706842	5.8312162e-05	0.0018752813	0.00015186702								FGA	2039-10-01
2039-05-12	south	15	0.0005021889	0.024606548	2.3923898e-05	0.0064199427	6.390638e-05	0.0021084123	0.00016764729								FGA	2039-10-01
2039-05-13	south	15	0.00055850745	0.027983602	2.6133945e-05	0.0072300737	7.003812e-05	0.002370335	0.00018470048								FGA	2039-10-01
2039-05-14	south	15	0.0006224774	0.03191304	2.8547522e-05	0.008142134	7.675906e-05	0.0026596803	0.00020330286								FGA	2039-10-01
2039-05-15	south	15	0.0006924281	0.03641217	3.1183336e-05	0.009168678	8.412585e-05	0.002984572	0.00022492537								FGA	2039-10-01
2039-05-16	south	15	0.0007710628	0.041526206	3.4061803e-05	0.010323856	9.2200586e-05	0.0033493815	0.00024877812								FGA	2039-10-01
2039-05-17	south	15	0.00085665454	0.047332052	3.7205227e-05	0.0116805	0.000101051286	0.0037538528	0.00027497584								FGA	2039-10-01
2039-05-18	south	15	0.0009488745	0.053913906	4.0637955e-05	0.013189229	0.000110752495	0.00420516	0.0003041657								FGA	2039-10-01
2039-05-19	south	15	0.0010509929	0.06136324	4.4386587e-05	0.014991174	0.00012138593	0.0047108647	0.00033618847								FGA	2039-10-01
2039-05-20	south	15	0.0011608473	0.06960563	4.8480157e-05	0.016954709	0.00013304107	0.005277497	0.0003715715								FGA	2039-10-01
2039-05-21	south	15	0.0012832468	0.07869015	5.295039e-05	0.019054562	0.00014581601	0.0059077973	0.00041066532								FGA	2039-10-01
2039-05-22	south	15	0.001422891	0.08885412	5.783193e-05	0.021388061	0.0001598182	0.006606728	0.00045385672								FGA	2039-10-01
2039-05-23	south	15	0.0015817787	0.10019572	6.316262e-05	0.02399867	0.00017516533	0.007388076	0.00050157245								FGA	2039-10-01
2039-05-24	south	15	0.001776125	0.1128139	6.89838e-05	0.026920056	0.00019144229	0.008261449	0.0005554132								FGA	2039-10-01
2039-05-25	south	15	0.0019771662	0.12680586	7.516319e-05	0.030187137	0.00020878321	0.009238847	0.0006152866								FGA	2039-10-01
2039-05-26	south	15	0.0022033695	0.14226402	8.174265e-05	0.034005236	0.00022770267	0.010427506	0.0006816065								FGA	2039-10-01
2039-05-27	south	15	0.002455444	0.1592724	8.90241e-05	0.038746558	0.0002485398	0.011579574	0.0007575874								FGA	2039-10-01
2039-05-28	south	15	0.0027363324	0.17794362	9.707348e-05	0.04410425	0.00027314798	0.012851835	0.0008423129								FGA	2039-10-01
2039-05-29	south	15	0.003048026	0.19730687	0.000105861334	0.049575035	0.00030023506	0.0143287815	0.0009365182								FGA	2039-10-01
2039-05-30	south	15	0.0033839033	0.21810399	0.000115455325	0.055688683	0.0003301243	0.015954833	0.0010383122								FGA	2039-10-01
2039-05-31	south	15	0.0037492416	0.24045122	0.0001259292	0.06251066	0.00036329989	0.017726295	0.0011393782								FGA	2039-10-01
2039-06-01	south	15	0.004172067	0.26429677	0.00013736315	0.070110425	0.00039862146	0.019690093	0.0012502092								FGA	2039-10-01
2039-06-02	south	15	0.004647796	0.28958562	0.00014984449	0.078560956	0.0004361382	0.021866191	0.0013748392								FGA	2039-10-01
2039-06-03	south	15	0.0051781028	0.31623164	0.00016346808	0.087937966	0.00047533633	0.024276435	0.0015134551								FGA	2039-10-01
2039-06-04	south	15	0.005769264	0.34411672	0.00017833698	0.098318934	0.0005194381	0.02694465	0.0016537125								FGA	2039-10-01
2039-06-05	south	15	0.0064043165	0.3730911	0.00019456322	0.10978181	0.0005715706	0.029896792	0.001806771								FGA	2039-10-01
2039-06-06	south	15	0.007133028	0.4029757	0.00021226851	0.12215715	0.0006289351	0.033161044	0.0019737897								FGA	2039-10-01
2039-06-07	south	15	0.007898933	0.43379635	0.00023158526	0.1356956	0.0006906757	0.036867738	0.0021560318								FGA	2039-10-01
2039-06-08	south	15	0.008820112	0.46621767	0.00025265198	0.15047415	0.0007596782	0.041103426	0.002354875								FGA	2039-10-01
2039-06-09	south	15	0.00984277	0.498048	0.00027551607	0.16654837	0.00083562214	0.045799866	0.0025913252								FGA	2039-10-01
2039-06-10	south	15	0.010920596	0.5	0.00030044455	0.18396364	0.00091921	0.05126384	0.0028626095								FGA	2039-10-01
2039-06-11	south	15	0.012115091	0.5	0.0003276202	0.20275207	0.0010112158	0.05769884	0.0031620942								FGA	2039-10-01
2039-06-12	south	15	0.013438575	0.5	0.0003572414	0.22292963	0.0011124923	0.064197704	0.0034926743								FGA	2039-10-01
2039-06-13	south	15	0.0149046015	0.5	0.0003895235	0.2444931	0.0012239782	0.07105565	0.003857533								FGA	2039-10-01
2039-06-14	south	15	0.01652806	0.5	0.00042470027	0.26741746	0.001346433	0.07858381	0.0042724707								FGA	2039-10-01
2039-06-15	south	15	0.018325288	0.5	0.00046302512	0.29245326	0.0014806279	0.08712744	0.004734933								FGA	2039-10-01
2039-06-16	south	15	0.020314176	0.5	0.0005042069	0.32058266	0.0016281549	0.09662387	0.005237587								FGA	2039-10-01
2039-06-17	south	15	0.022558164	0.5	0.0005481182	0.34742096	0.0017903317	0.10702759	0.0058395932								FGA	2039-10-01
2039-06-18	south	15	0.024998546	0.5	0.000595922	0.3730176	0.0019708634	0.118397415	0.0065096766								FGA	2039-10-01
2039-06-19	south	15	0.027697656	0.5	0.0006479689	0.40147	0.0021698396	0.13084425	0.007252113								FGA	2039-10-01
2039-06-20	south	15	0.030681532	0.5	0.0007053079	0.43238774	0.0023888657	0.14465445	0.008079554								FGA	2039-10-01
2039-06-21	south	15	0.033949994	0.5	0.00076893193	0.4663362	0.0026299544	0.16068448	0.008966794								FGA	2039-10-01
2039-06-22	south	15	0.037506185	0.5	0.0008383808	0.49920985	0.002887248	0.17703407	0.009892352								FGA	2039-10-01
2039-06-23	south	15	0.0414561	0.5	0.00091419474	0.5	0.0031743697	0.1938419	0.010912402								FGA	2039-10-01
2039-06-24	south	15	0.045953188	0.5	0.0009969644	0.5	0.0035028248	0.21352845	0.012036354								FGA	2039-10-01
2039-06-25	south	15	0.051120296	0.5	0.0010873362	0.5	0.0038508507	0.23374657	0.013274501								FGA	2039-10-01
2039-06-26	south	15	0.05679971	0.5	0.001186016	0.5	0.0042333333	0.2552818	0.014646174								FGA	2039-10-01
2039-06-27	south	15	0.06274025	0.5	0.0012937762	0.5	0.0046536652	0.27810535	0.01617575								FGA	2039-10-01
2039-06-28	south	15	0.069114216	0.5	0.0014114608	0.5	0.0051155686	0.30221984	0.017862942								FGA	2039-10-01
2039-06-29	south	15	0.07592799	0.5	0.0015399928	0.5	0.0056231283	0.32694516	0.019723436								FGA	2039-10-01
2039-06-30	south	15	0.083346985	0.5	0.0016803809	0.5	0.0061808256	0.35264343	0.021785736								FGA	2039-10-01
2039-07-01	south	15	0.09141236	0.5	0.00183364	0.5	0.0067935735	0.3792432	0.024165459								FGA	2039-10-01
2039-07-02	south	15	0.10044125	0.5	0.0020006467	0.5	0.0074667614	0.4066087	0.026756817								FGA	2039-10-01
2039-07-03	south	15	0.11033335	0.5	0.002183043	0.5	0.008206294	0.43416703	0.02945197								FGA	2039-10-01
2039-07-04	south	15	0.12099695	0.5	0.0023822556	0.5	0.009018642	0.46201813	0.032409262								FGA	2039-10-01
2039-07-05	south	15	0.13231285	0.5	0.0025998428	0.5	0.009860898	0.49122894	0.035616744								FGA	2039-10-01
2039-07-06	south	15	0.144566	0.5	0.0028375054	0.5	0.010768592	0.5	0.039052613								FGA	2039-10-01
2039-07-07	south	15	0.1581521	0.5	0.003088657	0.5	0.011758048	0.5	0.04287258								FGA	2039-10-01
2039-07-08	south	15	0.1728797	0.5	0.003357203	0.5	0.012841719	0.5	0.047363423								FGA	2039-10-01
2039-07-09	south	15	0.18843031	0.5	0.0036486255	0.5	0.014023397	0.5	0.05220121								FGA	2039-10-01
2039-07-10	south	15	0.20517254	0.5	0.003964844	0.5	0.015311248	0.5	0.057296187								FGA	2039-10-01
2039-07-11	south	15	0.2230013	0.5	0.004307941	0.5	0.016714437	0.5	0.062855855								FGA	2039-10-01
2039-07-12	south	15	0.24170771	0.5	0.0046801707	0.5	0.018242855	0.5	0.06891585								FGA	2039-10-01
2039-07-13	south	15	0.26139808	0.5	0.005082755	0.5	0.01990717	0.5	0.075513236								FGA	2039-10-01
2039-07-14	south	15	0.28209686	0.5	0.0055189673	0.5	0.02180389	0.5	0.0826862								FGA	2039-10-01
2039-07-15	south	15	0.3042599	0.5	0.0059918785	0.5	0.023949277	0.5	0.09047374								FGA	2039-10-01
2039-07-16	south	15	0.32696497	0.5	0.0065045394	0.5	0.026302615	0.5	0.09891538								FGA	2039-10-01
2039-07-17	south	15	0.35051194	0.5	0.007060251	0.5	0.028912207	0.5	0.108050674								FGA	2039-10-01
2039-07-18	south	15	0.37481147	0.5	0.007662583	0.5	0.031552494	0.5	0.11791858								FGA	2039-10-01
2039-07-19	south	15	0.39976004	0.5	0.0083464375	0.5	0.034644052	0.5	0.12875043								FGA	2039-10-01
2039-07-20	south	15	0.4249091	0.5	0.009096448	0.5	0.03823106	0.5	0.14043382								FGA	2039-10-01
2039-07-21	south	15	0.4508226	0.5	0.009913808	0.5	0.042055506	0.5	0.15302144								FGA	2039-10-01
2039-07-22	south	15	0.4762803	0.5	0.010804477	0.5	0.04613347	0.5	0.16692603								FGA	2039-10-01
2039-07-23	south	15	0.5	0.5	0.011774923	0.5	0.05059122	0.5	0.18182525								FGA	2039-10-01
2039-07-24	south	15	0.5	0.5	0.012832159	0.5	0.05546042	0.5	0.19713649								FGA	2039-10-01
2039-07-25	south	15	0.5	0.5	0.013983792	0.5	0.06077456	0.5	0.21189624								FGA	2039-10-01
2039-07-26	south	15	0.5	0.5	0.015238049	0.5	0.06633013	0.5	0.22800413								FGA	2039-10-01
2039-07-27	south	15	0.5	0.5	0.016603846	0.5	0.071861036	0.5	0.24540146								FGA	2039-10-01
2039-07-28	south	15	0.5	0.5	0.01809082	0.5	0.07781485	0.5	0.26433763								FGA	2039-10-01
2039-07-29	south	15	0.5	0.5	0.01970938	0.5	0.08424891	0.5	0.2841828								FGA	2039-10-01
2039-07-30	south	15	0.5	0.5	0.021470763	0.5	0.091161184	0.5	0.3048982								FGA	2039-10-01
2039-07-31	south	15	0.99978334	0.9999662	0.99403673	0.99994314	0.9986426	0.99989223	0.9994855								FGA	2039-10-01
2039-08-01	south	15	1.0	1.0	1.0	1.0	1.0	1.0	1.0								FGA	2039-10-01
2039-08-02	south	15	1.0	1.0	1.0	1.0	1.0	1.0	1.0								FGA	2039-10-01
2039-08-03	south	15	1.0	1.0	1.0	1.0	1.0	1.0	1.0								FGA	2039-10-01
2039-08-04	south	15	1.0	1.0	1.0	1.0	1.0	1.0	1.0								FGA	2039-10-01
2039-08-05	south	15	1.0	1.0	1.0	1.0	1.0	1.0	1.0								FGA	2039-10-01
2039-08-06	south	15	1.0	1.0	1.0	1.0	1.0	1.0	1.0								FGA	2039-10-01
2039-08-07	south	15	1.0	1.0	1.0	1.0	1.0	1.0	1.0								FGA	2039-10-01
2039-08-08	south	15	1.0	1.0	1.0	1.0	1.0	1.0	1.0								FGA	2039-10-01
2039-08-09	south	15	1.0	1.0	1.0	1.0	1.0	1.0	1.0								FGA	2039-10-01
2039-08-10	south	15	1.0	1.0	1.0	1.0	1.0	1.0	1.0								FGA	2039-10-01
2039-08-11	south	15	1.0	1.0	1.0	1.0	1.0	1.0	1.0								FGA	2039-10-01
2039-08-12	south	15	1.0	1.0	1.0	1.0	1.0	1.0	1.0								FGA	2039-10-01
2039-08-13	south	15	1.0	1.0	1.0	1.0	1.0	1.0	1.0								FGA	2039-10-01
2039-08-14	south	15	1.0	1.0	1.0	1.0	1.0	1.0	1.0								FGA	2039-10-01
2039-08-15	south	15	1.0	1.0	1.0	1.0	1.0	1.0	1.0								FGA	2039-10-01
2039-08-16	south	15	1.0	1.0	1.0	1.0	1.0	1.0	1.0								FGA	2039-10-01
2039-08-17	south	15	1.0	1.0	1.0	1.0	1.0	1.0	1.0								FGA	2039-10-01
2039-08-18	south	15	1.0	1.0	1.0	1.0	1.0	1.0	1.0								FGA	2039-10-01
2039-08-19	south	15	1.0	1.0	1.0	1.0	1.0	1.0	1.0								FGA	2039-10-01
2039-08-20	south	15	1.0	1.0	1.0	1.0	1.0	1.0	1.0								FGA	2039-10-01
2039-08-21	south	15	1.0	1.0	1.0	1.0	1.0	1.0	1.0								FGA	2039-10-01
2039-08-22	south	15	1.0	1.0	1.0	1.0	1.0	1.0	1.0								FGA	2039-10-01
2039-08-23	south	15	1.0	1.0	1.0	1.0	1.0	1.0	1.0								FGA	2039-10-01
2039-08-24	south	15	1.0	1.0	1.0	1.0	1.0	1.0	1.0								FGA	2039-10-01
2039-08-25	south	15	1.0	1.0	1.0	1.0	1.0	1.0	1.0								FGA	2039-10-01
2039-08-26	south	15	1.0	1.0	1.0	1.0	1.0	1.0	1.0								FGA	2039-10-01
2039-08-27	south	15	1.0	1.0	1.0	1.0	1.0	1.0	1.0								FGA	2039-10-01
2039-08-28	south	15	1.0	1.0	1.0	1.0	1.0	1.0	1.0								FGA	2039-10-01
2039-08-29	south	15	1.0	1.0	1.0	1.0	1.0	1.0	1.0								FGA	2039-10-01
2039-08-30	south	15	1.0	1.0	1.0	1.0	1.0	1.0	1.0								FGA	2039-10-01
2039-08-31	south	15	1.0	1.0	1.0	1.0	1.0	1.0	1.0								FGA	2039-10-01
2039-09-01	south	15	1.0	1.0	1.0	1.0	1.0	1.0	1.0								FGA	2039-10-01
2039-09-02	south	15	1.0	1.0	1.0	1.0	1.0	1.0	1.0								FGA	2039-10-01
2039-09-03	south	15	1.0	1.0	1.0	1.0	1.0	1.0	1.0								FGA	2039-10-01
2039-09-04	south	15	1.0	1.0	1.0	1.0	1.0	1.0	1.0								FGA	2039-10-01
2039-09-05	south	15	1.0	1.0	1.0	1.0	1.0	1.0	1.0								FGA	2039-10-01
2039-09-06	south	15	1.0	1.0	1.0	1.0	1.0	1.0	1.0								FGA	2039-10-01
2039-09-07	south	15	1.0	1.0	1.0	1.0	1.0	1.0	1.0								FGA	2039-10-01
2039-09-08	south	15	1.0	1.0	1.0	1.0	1.0	1.0	1.0								FGA	2039-10-01
2039-09-09	south	15	1.0	1.0	1.0	1.0	1.0	1.0	1.0								FGA	2039-10-01
2039-09-10	south	15	1.0	1.0	1.0	1.0	1.0	1.0	1.0								FGA	2039-10-01
2039-09-11	south	15	1.0	1.0	1.0	1.0	1.0	1.0	1.0								FGA	2039-10-01
2039-09-12	south	15	1.0	1.0	1.0	1.0	1.0	1.0	1.0								FGA	2039-10-01
2039-09-13	south	15	1.0	1.0	1.0	1.0	1.0	1.0	1.0								FGA	2039-10-01
2039-09-14	south	15	1.0	1.0	1.0	1.0	1.0	1.0	1.0								FGA	2039-10-01
2039-09-15	south	15	1.0	1.0	1.0	1.0	1.0	1.0	1.0								FGA	2039-10-01
2039-09-16	south	15	1.0	1.0	1.0	1.0	1.0	1.0	1.0								FGA	2039-10-01
2039-09-17	south	15	1.0	1.0	1.0	1.0	1.0	1.0	1.0								FGA	2039-10-01
2039-09-18	south	15	1.0	1.0	1.0	1.0	1.0	1.0	1.0								FGA	2039-10-01
2039-09-19	south	15	1.0	1.0	1.0	1.0	1.0	1.0	1.0								FGA	2039-10-01
2039-09-20	south	15	1.0	1.0	1.0	1.0	1.0	1.0	1.0								FGA	2039-10-01
2039-09-21	south	15	1.0	1.0	1.0	1.0	1.0	1.0	1.0								FGA	2039-10-01
2039-09-22	south	15	1.0	1.0	1.0	1.0	1.0	1.0	1.0								FGA	2039-10-01
2039-09-23	south	15	1.0	1.0	1.0	1.0	1.0	1.0	1.0								FGA	2039-10-01
2039-09-24	south	15	1.0	1.0	1.0	1.0	1.0	1.0	1.0								FGA	2039-10-01
2039-09-25	south	15	1.0	1.0	1.0	1.0	1.0	1.0	1.0								FGA	2039-10-01
2039-09-26	south	15	1.0	1.0	1.0	1.0	1.0	1.0	1.0								FGA	2039-10-01
2039-09-27	south	15	1.0	1.0	1.0	1.0	1.0	1.0	1.0								FGA	2039-10-01
2039-09-28	south	15	1.0	1.0	1.0	1.0	1.0	1.0	1.0								FGA	2039-10-01
2039-09-29	south	14								2.2553356e-10	2.802342e-09	2.169741e-11	1.1642808e-09	4.917782e-11	5.2478893e-10	1.0303553e-10	FGA	2039-10-01
2039-09-30	south	14								2.5814717e-10	3.33197e-09	2.42885e-11	1.365284e-09	5.4998884e-11	6.00549e-10	1.1681625e-10	FGA	2039-10-01
2039-10-01	south	14								2.9540967e-10	3.8836534e-09	2.7190066e-11	1.6073072e-09	6.151252e-11	6.865829e-10	1.3143348e-10	FGA	2039-10-01
2039-10-02	south	14								3.359364e-10	4.5279305e-09	3.030734e-11	1.8522832e-09	6.855728e-11	7.8665086e-10	1.5091492e-10	FGA	2039-10-01
2039-10-03	south	14								3.8029568e-10	5.279614e-09	3.384406e-11	2.1046462e-09	7.6331136e-11	8.9087493e-10	1.696849e-10	FGA	2039-10-01
2039-10-04	south	14								4.3266046e-10	6.1639556e-09	3.810845e-11	2.4709323e-09	8.5216674e-11	1.0285819e-09	1.9244992e-10	FGA	2039-10-01
2039-10-05	south	14								5.0347226e-10	7.2898927e-09	4.2720556e-11	2.8828275e-09	9.5193194e-11	1.1775585e-09	2.1637928e-10	FGA	2039-10-01
2039-10-06	south	14								5.8172056e-10	8.621949e-09	4.7838622e-11	3.3283207e-09	1.063396e-10	1.3394497e-09	2.4649027e-10	FGA	2039-10-01
2039-10-07	south	14								6.701426e-10	1.0200237e-08	5.3844634e-11	3.8428105e-09	1.1879261e-10	1.534088e-09	2.7782066e-10	FGA	2039-10-01
2039-10-08	south	14								7.730543e-10	1.2068103e-08	6.132432e-11	4.426829e-09	1.3371579e-10	1.7650529e-09	3.1309014e-10	FGA	2039-10-01
2039-10-09	south	14								8.886048e-10	1.42781005e-08	6.9020914e-11	5.116449e-09	1.5079123e-10	2.0364077e-09	3.534206e-10	FGA	2039-10-01
2039-10-10	south	14								1.0189039e-09	1.6893088e-08	7.766207e-11	5.9656746e-09	1.687601e-10	2.3187468e-09	3.9895212e-10	FGA	2039-10-01
2039-10-11	south	14								1.1628365e-09	1.9987256e-08	8.738856e-11	6.8781336e-09	1.8661576e-10	2.6390121e-09	4.430794e-10	FGA	2039-10-01
2039-10-12	south	14								1.3303737e-09	2.3648347e-08	9.833703e-11	7.838562e-09	2.0914888e-10	3.0054883e-09	4.950852e-10	FGA	2039-10-01
2039-10-13	south	14								1.5180533e-09	2.7799526e-08	1.10661584e-10	8.9634895e-09	2.3419972e-10	3.456874e-09	5.5797356e-10	FGA	2039-10-01
2039-10-14	south	14								1.7279602e-09	3.254335e-08	1.2453578e-10	1.0507687e-08	2.6116675e-10	3.9835433e-09	6.3118977e-10	FGA	2039-10-01
2039-10-15	south	14								1.9694582e-09	3.8098438e-08	1.400162e-10	1.2154246e-08	2.914095e-10	4.585024e-09	7.1020256e-10	FGA	2039-10-01
2039-10-16	south	14								2.2528817e-09	4.462382e-08	1.5620033e-10	1.46041845e-08	3.2507427e-10	5.19515e-09	7.982729e-10	FGA	2039-10-01
2039-10-17	south	14								2.5355569e-09	5.2281283e-08	1.7425628e-10	1.7498655e-08	3.688008e-10	6.036952e-09	9.0739155e-10	FGA	2039-10-01
2039-10-18	south	14								2.8982792e-09	6.1255584e-08	1.9440069e-10	1.9654856e-08	4.182114e-10	6.854191e-09	1.0260437e-09	FGA	2039-10-01
2039-10-19	south	14								3.338032e-09	7.177367e-08	2.1687527e-10	2.2520533e-08	4.711028e-10	7.927167e-09	1.1606904e-09	FGA	2039-10-01
2039-10-20	south	14								3.806699e-09	8.410163e-08	2.419497e-10	2.6580297e-08	5.258932e-10	9.12943e-09	1.3169461e-09	FGA	2039-10-01
2039-10-21	south	14								4.2851807e-09	9.855155e-08	2.6992497e-10	3.0587735e-08	5.944788e-10	1.0550055e-08	1.4942505e-09	FGA	2039-10-01
2039-10-22	south	14								4.866272e-09	1.1548947e-07	3.012207e-10	3.5495667e-08	6.70811e-10	1.2093554e-08	1.6970167e-09	FGA	2039-10-01
2039-10-23	south	14								5.5606817e-09	1.3426992e-07	3.3640637e-10	4.090012e-08	7.53433e-10	1.3923756e-08	1.9305533e-09	FGA	2039-10-01
2039-10-24	south	14								6.339657e-09	1.5549129e-07	3.782542e-10	4.7467164e-08	8.381489e-10	1.6158936e-08	2.1976687e-09	FGA	2039-10-01
2039-10-25	south	14								7.2515878e-09	1.8067261e-07	4.2590906e-10	5.5879106e-08	9.335087e-10	1.8550574e-08	2.4999127e-09	FGA	2039-10-01
2039-10-26	south	14								8.258538e-09	2.1045487e-07	4.79242e-10	6.585706e-08	1.0404225e-09	2.1329399e-08	2.841972e-09	FGA	2039-10-01
2039-10-27	south	14								9.359823e-09	2.4750625e-07	5.3932664e-10	7.6925204e-08	1.1635408e-09	2.442935e-08	3.2360896e-09	FGA	2039-10-01
2039-10-28	south	14								1.0684719e-08	2.930622e-07	6.040717e-10	8.76164e-08	1.3110592e-09	2.8106113e-08	3.7002448e-09	FGA	2039-10-01
2039-10-29	south	14								1.2220857e-08	3.4880455e-07	6.7499745e-10	1.0161738e-07	1.4774623e-09	3.2429554e-08	4.1896717e-09	FGA	2039-10-01
2039-10-30	south	14								1.3948427e-08	4.0832708e-07	7.5171436e-10	1.18583294e-07	1.6657424e-09	3.7369333e-08	4.718467e-09	FGA	2039-10-01
2039-10-31	south	14								1.586185e-08	4.77149e-07	8.315727e-10	1.3717487e-07	1.8827078e-09	4.3017288e-08	5.356328e-09	FGA	2039-10-01
2039-11-01	south	14								1.8185235e-08	5.575873e-07	9.1989444e-10	1.5845993e-07	2.1279727e-09	4.9024298e-08	6.0923533e-09	FGA	2039-10-01
2039-11-02	south	14								2.0749631e-08	6.5160566e-07	1.0208209e-09	1.8303012e-07	2.4052342e-09	5.6600463e-08	6.846755e-09	FGA	2039-10-01
2039-11-03	south	14								2.3747063e-08	7.615e-07	1.142823e-09	2.1138298e-07	2.714145e-09	6.580374e-08	7.636524e-09	FGA	2039-10-01
2039-11-04	south	14								2.7178517e-08	8.899551e-07	1.2794072e-09	2.4412793e-07	3.056491e-09	7.52177e-08	8.632374e-09	FGA	2039-10-01
2039-11-05	south	14								3.1080923e-08	1.0401102e-06	1.4309749e-09	2.8194535e-07	3.428627e-09	8.6911996e-08	9.849722e-09	FGA	2039-10-01
2039-11-06	south	14								3.5295738e-08	1.2162885e-06	1.5900964e-09	3.2562102e-07	3.8662544e-09	1.0067703e-07	1.1243936e-08	FGA	2039-10-01
2039-11-07	south	14								4.0007233e-08	1.4223726e-06	1.7669922e-09	3.760624e-07	4.3155945e-09	1.14638894e-07	1.2863099e-08	FGA	2039-10-01
2039-11-08	south	14								4.515327e-08	1.6634252e-06	1.9623407e-09	4.3431757e-07	4.879273e-09	1.3192594e-07	1.4689095e-08	FGA	2039-10-01
2039-11-09	south	14								5.1445944e-08	1.945388e-06	2.1802364e-09	5.015971e-07	5.5167106e-09	1.5149936e-07	1.6576694e-08	FGA	2039-10-01
2039-11-10	south	14								5.8581072e-08	2.2752142e-06	2.4383269e-09	5.7929867e-07	6.2171637e-09	1.7287992e-07	1.838935e-08	FGA	2039-10-01
2039-11-11	south	14								6.656292e-08	2.6669752e-06	2.7269693e-09	6.690368e-07	6.9541346e-09	1.967089e-07	2.0497831e-08	FGA	2039-10-01
2039-11-12	south	14								7.639682e-08	3.149487e-06	3.0497802e-09	7.8065426e-07	7.782234e-09	2.2382474e-07	2.3211182e-08	FGA	2039-10-01
2039-11-13	south	14								8.707681e-08	3.7193863e-06	3.4108047e-09	8.949548e-07	8.7094785e-09	2.5478985e-07	2.6285594e-08	FGA	2039-10-01
2039-11-14	south	14								9.899779e-08	4.392517e-06	3.8145664e-09	1.0457635e-06	9.763484e-09	2.923431e-07	2.9769343e-08	FGA	2039-10-01
2039-11-15	south	14								1.12550794e-07	5.1875977e-06	4.2661243e-09	1.2094911e-06	1.110767e-08	3.359855e-07	3.359869e-08	FGA	2039-10-01
2039-11-16	south	14								1.2769159e-07	6.1267438e-06	4.7711364e-09	1.3963481e-06	1.2542904e-08	3.8614553e-07	3.7189203e-08	FGA	2039-10-01
2039-11-17	south	14								1.4420604e-07	7.236088e-06	5.33593e-09	1.6120738e-06	1.4000512e-08	4.4379692e-07	4.1213227e-08	FGA	2039-10-01
2039-11-18	south	14								1.6475408e-07	8.55025e-06	5.9675824e-09	1.8611283e-06	1.58023e-08	5.1553985e-07	4.5676355e-08	FGA	2039-10-01
2039-11-19	south	14								1.8803652e-07	1.0103932e-05	6.674008e-09	2.1486615e-06	1.7837568e-08	6.0232935e-07	5.082699e-08	FGA	2039-10-01
2039-11-20	south	14								2.1354037e-07	1.1940229e-05	7.472997e-09	2.4806172e-06	2.0156786e-08	6.907154e-07	5.7668295e-08	FGA	2039-10-01
2039-11-21	south	14								2.4349254e-07	1.4110599e-05	8.392519e-09	2.878487e-06	2.2769749e-08	7.8931794e-07	6.5610124e-08	FGA	2039-10-01
2039-11-22	south	14								2.7936625e-07	1.684182e-05	9.422684e-09	3.3807648e-06	2.5721011e-08	9.150262e-07	7.4646266e-08	FGA	2039-10-01
2039-11-23	south	14								3.1839932e-07	2.0302394e-05	1.0564562e-08	3.912351e-06	2.9084674e-08	1.0585579e-06	8.492759e-08	FGA	2039-10-01
2039-11-24	south	14								3.6385296e-07	2.4556557e-05	1.18000365e-08	4.4805647e-06	3.288824e-08	1.2224207e-06	9.67374e-08	FGA	2039-10-01
2039-11-25	south	14								4.1190034e-07	2.991045e-05	1.3175015e-08	5.1306606e-06	3.7196315e-08	1.4117386e-06	1.10287395e-07	FGA	2039-10-01
2039-11-26	south	14								4.6833776e-07	3.6433168e-05	1.4710247e-08	5.8751507e-06	4.2076486e-08	1.6256138e-06	1.2573541e-07	FGA	2039-10-01
2039-11-27	south	14								5.360972e-07	4.4097098e-05	1.6481449e-08	6.7812052e-06	4.7597123e-08	1.8608299e-06	1.4334731e-07	FGA	2039-10-01
2039-11-28	south	14								6.105784e-07	5.2609263e-05	1.8483627e-08	7.828886e-06	5.3250027e-08	2.136733e-06	1.6273957e-07	FGA	2039-10-01
2039-11-29	south	14								6.948527e-07	6.2774496e-05	2.0728882e-08	9.038432e-06	6.054144e-08	2.4625667e-06	1.8415432e-07	FGA	2039-10-01
2039-11-30	south	14								7.924602e-07	7.497407e-05	2.3241284e-08	1.0428799e-05	6.875526e-08	2.8383174e-06	2.0939513e-07	FGA	2039-10-01
2039-12-01	south	14								9.033175e-07	8.960263e-05	2.6058373e-08	1.2029016e-05	7.6663554e-08	3.2714433e-06	2.3553238e-07	FGA	2039-10-01
2039-12-02	south	14								1.029137e-06	0.00010710226	2.9217126e-08	1.38748255e-05	8.662121e-08	3.7250861e-06	2.649322e-07	FGA	2039-10-01
2039-12-03	south	14								1.1790394e-06	0.00012803961	3.2758997e-08	1.6199921e-05	9.7578756e-08	4.2953593e-06	2.980018e-07	FGA	2039-10-01
2039-12-04	south	14								1.3507838e-06	0.00015309376	3.6730487e-08	1.8995152e-05	1.0915977e-07	4.961793e-06	3.3519933e-07	FGA	2039-10-01
2039-12-05	south	14								1.5475543e-06	0.00018307852	4.1183736e-08	2.2055869e-05	1.2211541e-07	5.7316265e-06	3.7751363e-07	FGA	2039-10-01
2039-12-06	south	14								1.7666453e-06	0.00021896944	4.6177217e-08	2.5800313e-05	1.3669245e-07	6.6209036e-06	4.258952e-07	FGA	2039-10-01
2039-12-07	south	14								2.011122e-06	0.0002619359	5.1776507e-08	3.0145064e-05	1.5311538e-07	7.6337365e-06	4.8224285e-07	FGA	2039-10-01
2039-12-08	south	14								2.304896e-06	0.00031393828	5.805514e-08	3.5221845e-05	1.715128e-07	8.7845765e-06	5.445953e-07	FGA	2039-10-01
2039-12-09	south	14								2.6374578e-06	0.0003775969	6.495535e-08	4.09594e-05	1.9266682e-07	1.0101341e-05	6.164246e-07	FGA	2039-10-01
2039-12-10	south	14								3.018008e-06	0.00045417628	7.221395e-08	4.7433845e-05	2.174603e-07	1.1550222e-05	6.9307214e-07	FGA	2039-10-01
2039-12-11	south	14								3.447638e-06	0.0005462998	8.028673e-08	5.493227e-05	2.4544627e-07	1.341911e-05	7.799814e-07	FGA	2039-10-01
2039-12-12	south	14								3.909417e-06	0.0006571232	8.926534e-08	6.3616695e-05	2.7703607e-07	1.54536e-05	8.8182657e-07	FGA	2039-10-01
2039-12-13	south	14								4.444911e-06	0.0007904419	9.924595e-08	7.367484e-05	3.1269406e-07	1.7863957e-05	9.872183e-07	FGA	2039-10-01
2039-12-14	south	14								5.00672e-06	0.00095082005	1.102852e-07	8.5324085e-05	3.5309262e-07	2.069577e-05	1.1112774e-06	FGA	2039-10-01
2039-12-15	south	14								5.657565e-06	0.0011437455	1.2298806e-07	9.881624e-05	3.9688132e-07	2.3974326e-05	1.2464113e-06	FGA	2039-10-01
2039-12-16	south	14								6.3982293e-06	0.0013758149	1.3767652e-07	0.00011429678	4.461008e-07	2.7667898e-05	1.3970524e-06	FGA	2039-10-01
2039-12-17	south	14								7.3171386e-06	0.0016549563	1.5411936e-07	0.00013210959	5.014248e-07	3.1815372e-05	1.5678777e-06	FGA	2039-10-01
2039-12-18	south	14								8.380735e-06	0.001986923	1.725261e-07	0.00015269883	5.6361034e-07	3.691131e-05	1.7722617e-06	FGA	2039-10-01
2039-12-19	south	14								9.549981e-06	0.0023625996	1.9313134e-07	0.00017649723	6.306044e-07	4.2355645e-05	2.0115258e-06	FGA	2039-10-01
2039-12-20	south	14								1.08492495e-05	0.0028091278	2.1619768e-07	0.00020400494	7.029759e-07	4.8548587e-05	2.28006e-06	FGA	2039-10-01
2039-12-21	south	14								1.2369692e-05	0.0033397912	2.420191e-07	0.0002358	7.8412006e-07	5.5521246e-05	2.5815164e-06	FGA	2039-10-01
2039-12-22	south	14								1.4066781e-05	0.003970329	2.7092466e-07	0.0002725505	8.828592e-07	6.365798e-05	2.9273929e-06	FGA	2039-10-01
2039-12-23	south	14								1.587232e-05	0.004719379	3.0328283e-07	0.0003150285	9.945933e-07	7.298071e-05	3.3439153e-06	FGA	2039-10-01
2039-12-24	south	14								1.7909733e-05	0.0056089885	3.3950593e-07	0.0003641263	1.1211854e-06	8.360228e-05	3.81326e-06	FGA	2039-10-01
2039-12-25	south	14								2.0305695e-05	0.00666521	3.8005572e-07	0.00042087486	1.26389e-06	9.576964e-05	4.2926304e-06	FGA	2039-10-01
2039-12-26	south	14								2.3026516e-05	0.007918794	4.2544838e-07	0.00048574287	1.413744e-06	0.0001097077	4.8367665e-06	FGA	2039-10-01
2039-12-27	south	14								2.6112046e-05	0.009393756	4.762223e-07	0.00056347006	1.5749222e-06	0.00012567411	5.4765324e-06	FGA	2039-10-01
2039-12-28	south	14								2.9788584e-05	0.011038007	5.3305604e-07	0.00065273524	1.7691251e-06	0.00014396396	6.1587807e-06	FGA	2039-10-01
2039-12-29	south	14								3.428228e-05	0.012968132	5.96673e-07	0.00075614656	1.992434e-06	0.00016491531	6.9109415e-06	FGA	2039-10-01
2039-12-30	south	14								3.9455103e-05	0.015232731	6.6788266e-07	0.0008759446	2.2179881e-06	0.00018896512	7.814627e-06	FGA	2039-10-01
2039-12-31	south	14								4.5310953e-05	0.017888173	7.4759146e-07	0.001014724	2.4690787e-06	0.00021730922	8.865912e-06	FGA	2039-10-01
2040-01-01	south	14								5.1590956e-05	0.020999653	8.3681374e-07	0.0011754897	2.7514911e-06	0.0002520337	1.0058626e-05	FGA	2039-10-01
2040-01-02	south	14								5.874273e-05	0.024642276	9.3668507e-07	0.0013617198	3.0716842e-06	0.00029225496	1.1431179e-05	FGA	2039-10-01
2040-01-03	south	14								6.688747e-05	0.0289022	1.0484765e-06	0.0015920507	3.4291413e-06	0.0003352245	1.2992445e-05	FGA	2039-10-01
2040-01-04	south	14								7.616327e-05	0.03387772	1.1736109e-06	0.0018734051	3.828201e-06	0.00038440473	1.4751648e-05	FGA	2039-10-01
2040-01-05	south	14								8.67274e-05	0.03968026	1.3136809e-06	0.0022043737	4.273705e-06	0.00044078883	1.6717739e-05	FGA	2039-10-01
2040-01-06	south	14								9.8759076e-05	0.046435166	1.4616138e-06	0.0025936638	4.771059e-06	0.0005066169	1.8882838e-05	FGA	2039-10-01
2040-01-07	south	14								0.000112462454	0.054282058	1.6236236e-06	0.0030514942	5.3262993e-06	0.0005820481	2.1315842e-05	FGA	2039-10-01
2040-01-08	south	14								0.0001276739	0.0633893	1.8011532e-06	0.003589852	5.9461627e-06	0.0006687072	2.4072864e-05	FGA	2039-10-01
2040-01-09	south	14								0.00014471464	0.07397934	1.9955914e-06	0.004220433	6.6477205e-06	0.0007685809	2.7186605e-05	FGA	2039-10-01
2040-01-10	south	14								0.00016402945	0.08618482	2.2223778e-06	0.004956207	7.43435e-06	0.0008826683	3.0703242e-05	FGA	2039-10-01
2040-01-11	south	14								0.00018662371	0.10019529	2.4747012e-06	0.0058196755	8.402602e-06	0.0010129437	3.4691504e-05	FGA	2039-10-01
2040-01-12	south	14								0.00021254124	0.116202384	2.7444567e-06	0.006832741	9.313781e-06	0.0011571867	3.92809e-05	FGA	2039-10-01
2040-01-13	south	14								0.00024206215	0.13439223	3.0406595e-06	0.008020961	1.0391441e-05	0.0013272108	4.4531447e-05	FGA	2039-10-01
2040-01-14	south	14								0.00027568772	0.15493527	3.3688316e-06	0.0093770195	1.174614e-05	0.0015235894	5.0271075e-05	FGA	2039-10-01
2040-01-15	south	14								0.0003139892	0.17797402	3.7324241e-06	0.010850725	1.3228673e-05	0.0017489775	5.7053592e-05	FGA	2039-10-01
2040-01-16	south	14								0.00035761722	0.20480168	4.135259e-06	0.012553448	1.4604546e-05	0.002007645	6.475114e-05	FGA	2039-10-01
2040-01-17	south	14								0.00040731288	0.23534048	4.5815727e-06	0.0145198405	1.612375e-05	0.002304484	7.3402625e-05	FGA	2039-10-01
2040-01-18	south	14								0.0004639206	0.26889157	5.0760577e-06	0.016789468	1.7966913e-05	0.0026451014	8.287163e-05	FGA	2039-10-01
2040-01-19	south	14								0.000528402	0.30531487	5.6239132e-06	0.019407399	2.0039653e-05	0.0030359172	9.425241e-05	FGA	2039-10-01
2040-01-20	south	14								0.0006018524	0.3443477	6.2309005e-06	0.022424808	2.2357715e-05	0.0034842812	0.000107273656	FGA	2039-10-01
2040-01-21	south	14								0.00068551954	0.38560128	6.9034004e-06	0.02589962	2.4973333e-05	0.0039986046	0.00012164866	FGA	2039-10-01
2040-01-22	south	14								0.0007808243	0.4285682	7.648486e-06	0.029897112	2.7894956e-05	0.004585702	0.00013794974	FGA	2039-10-01
2040-01-23	south	14								0.00089081295	0.4726427	8.473989e-06	0.034490533	3.115837e-05	0.0052510034	0.00015643486	FGA	2039-10-01
2040-01-24	south	14								0.001017961	0.49818784	9.388591e-06	0.03976157	3.4803583e-05	0.0060122707	0.00017710292	FGA	2039-10-01
2040-01-25	south	14								0.0011632373	0.5	1.0401909e-05	0.04580074	3.8875238e-05	0.006883168	0.00020095368	FGA	2039-10-01
2040-01-26	south	14								0.0013256498	0.5	1.1524597e-05	0.05270759	4.342323e-05	0.007879251	0.0002275285	FGA	2039-10-01
2040-01-27	south	14								0.0015161709	0.5	1.2768459e-05	0.060590506	4.8503287e-05	0.009024181	0.00025812536	FGA	2039-10-01
2040-01-28	south	14								0.001734992	0.5	1.4146577e-05	0.069566175	5.413923e-05	0.010398184	0.00029283584	FGA	2039-10-01
2040-01-29	south	14								0.001985401	0.5	1.5673437e-05	0.07975856	6.0179962e-05	0.011908157	0.00033221283	FGA	2039-10-01
2040-01-30	south	14								0.002271947	0.5	1.7365099e-05	0.09129714	6.689499e-05	0.013727687	0.0003752289	FGA	2039-10-01
2040-01-31	south	14								0.002595	0.5	1.9239968e-05	0.10431425	7.4695075e-05	0.015822086	0.00042234175	FGA	2039-10-01
2040-02-01	south	14								0.002961412	0.5	2.1390904e-05	0.11894171	8.3528874e-05	0.018230151	0.00047382578	FGA	2039-10-01
2040-02-02	south	14								0.0033640973	0.5	2.3782488e-05	0.13530615	9.340775e-05	0.021010164	0.00053192594	FGA	2039-10-01
2040-02-03	south	14								0.0038163303	0.5	2.644166e-05	0.15336695	0.000104455394	0.024216367	0.00059714995	FGA	2039-10-01
2040-02-04	south	14								0.0043291235	0.5	2.939737e-05	0.1733531	0.00011681009	0.027889475	0.0006703704	FGA	2039-10-01
2040-02-05	south	14								0.004910517	0.5	3.2675674e-05	0.19636162	0.00013062653	0.031778164	0.0007525671	FGA	2039-10-01
2040-02-06	south	14								0.005569594	0.5	3.6319838e-05	0.22160931	0.0001459162	0.036419872	0.0008459532	FGA	2039-10-01
2040-02-07	south	14								0.0063049244	0.5	4.0370716e-05	0.24910197	0.00016286764	0.041476544	0.000952462	FGA	2039-10-01
2040-02-08	south	14								0.007123051	0.5	4.4873737e-05	0.27878952	0.0001817885	0.047167204	0.0010723735	FGA	2039-10-01
2040-02-09	south	14								0.00804719	0.5	4.9879407e-05	0.31055868	0.00020290753	0.05401922	0.0012109254	FGA	2039-10-01
2040-02-10	south	14								0.0090909265	0.5	5.5443856e-05	0.3442277	0.00022647998	0.061709717	0.0013675732	FGA	2039-10-01
2040-02-11	south	14								0.01035579	0.5	6.1629515e-05	0.37954584	0.0002527909	0.070313156	0.0015482615	FGA	2039-10-01
2040-02-12	south	14								0.011796709	0.5	6.8505775e-05	0.41619673	0.00028215826	0.08000689	0.0017422026	FGA	2039-10-01
2040-02-13	south	14								0.013401419	0.5	7.633292e-05	0.45288938	0.00031496506	0.09070406	0.0019603127	FGA	2039-10-01
2040-02-14	south	14								0.015205185	0.5	8.522879e-05	0.48746815	0.0003519583	0.102671884	0.0022082333	FGA	2039-10-01
2040-02-15	south	14								0.017221238	0.5	9.516151e-05	0.5	0.00039329633	0.11601734	0.0024913533	FGA	2039-10-01
2040-02-16	south	14								0.019489944	0.5	0.00010625193	0.5	0.00043948932	0.13084453	0.0028158876	FGA	2039-10-01
2040-02-17	south	14								0.022051327	0.5	0.00011863499	0.5	0.0004911072	0.14725105	0.003168325	FGA	2039-10-01
2040-02-18	south	14								0.024941335	0.5	0.00013246134	0.5	0.0005487864	0.1653235	0.0035681033	FGA	2039-10-01
2040-02-19	south	14								0.028159901	0.5	0.00014789919	0.5	0.0006132385	0.18513249	0.004019322	FGA	2039-10-01
2040-02-20	south	14								0.031735554	0.5	0.00016513636	0.5	0.0006852577	0.20672719	0.004527348	FGA	2039-10-01
2040-02-21	south	14								0.035748646	0.5	0.00018438252	0.5	0.00076573185	0.23012948	0.005099262	FGA	2039-10-01
2040-02-22	south	14								0.040248252	0.5	0.0002058718	0.5	0.00085565215	0.2556788	0.005743013	FGA	2039-10-01
2040-02-23	south	14								0.045287743	0.5	0.00022986552	0.5	0.0009561259	0.28315866	0.0064675133	FGA	2039-10-01
2040-02-24	south	14								0.050919127	0.5	0.00025665556	0.5	0.0010683895	0.31235301	0.0072827497	FGA	2039-10-01
2040-02-25	south	14								0.05707082	0.5	0.00028656764	0.5	0.0011938243	0.3430562	0.008199908	FGA	2039-10-01
2040-02-26	south	14								0.06406264	0.5	0.00031996547	0.5	0.0013394736	0.37469283	0.009231507	FGA	2039-10-01
2040-02-27	south	14								0.07202697	0.5	0.0003572551	0.5	0.0015051124	0.40743762	0.010391537	FGA	2039-10-01
2040-02-28	south	14								0.08089812	0.5	0.0003988897	0.5	0.0016912067	0.44102567	0.011695629	FGA	2039-10-01
2040-02-29	south	14								0.090757445	0.5	0.00044532068	0.5	0.0019002744	0.4751621	0.013161216	FGA	2039-10-01
2040-03-01	south	14								0.102203995	0.5	0.00049713964	0.5	0.0021069706	0.5	0.014807719	FGA	2039-10-01
2040-03-02	south	14								0.11506067	0.5	0.0005549865	0.5	0.0023203662	0.5	0.016656741	FGA	2039-10-01
2040-03-03	south	14								0.12944871	0.5	0.00061865913	0.5	0.0025800727	0.5	0.01873228	FGA	2039-10-01
2040-03-04	south	14								0.14477825	0.5	0.000688125	0.5	0.0028761653	0.5	0.021073561	FGA	2039-10-01
2040-03-05	south	14								0.16193706	0.5	0.0007653664	0.5	0.003206194	0.5	0.023728339	FGA	2039-10-01
2040-03-06	south	14								0.18069984	0.5	0.0008496891	0.5	0.0035740286	0.5	0.02670855	FGA	2039-10-01
2040-03-07	south	14								0.20111492	0.5	0.00094250357	0.5	0.0039857486	0.5	0.030051682	FGA	2039-10-01
2040-03-08	south	14								0.2232081	0.5	0.0010454461	0.5	0.0044516083	0.5	0.033798896	FGA	2039-10-01
2040-03-09	south	14								0.24697796	0.5	0.0011595981	0.5	0.0049716616	0.5	0.03799521	FGA	2039-10-01
2040-03-10	south	14								0.2723915	0.5	0.0012861782	0.5	0.005552149	0.5	0.042689692	FGA	2039-10-01
2040-03-11	south	14								0.2993803	0.5	0.0014265564	0.5	0.006200011	0.5	0.04793549	FGA	2039-10-01
2040-03-12	south	14								0.3278383	0.5	0.0015822315	0.5	0.0069229654	0.5	0.05373306	FGA	2039-10-01
2040-03-13	south	14								0.35762057	0.5	0.0017548655	0.5	0.007729588	0.5	0.06011784	FGA	2039-10-01
2040-03-14	south	14								0.38854432	0.5	0.0019462988	0.5	0.008629406	0.5	0.067207605	FGA	2039-10-01
2040-03-15	south	14								0.42039198	0.5	0.0021585694	0.5	0.009632987	0.5	0.07506689	FGA	2039-10-01
2040-03-16	south	14								0.45291632	0.5	0.0023939365	0.5	0.010752052	0.5	0.083982304	FGA	2039-10-01
2040-03-17	south	14								0.48584747	0.5	0.0026548996	0.5	0.01199958	0.5	0.094022565	FGA	2039-10-01
2040-03-18	south	14								0.5	0.5	0.0029442266	0.5	0.013389939	0.5	0.105498634	FGA	2039-10-01
2040-03-19	south	14								0.5	0.5	0.003264981	0.5	0.014990769	0.5	0.1181942	FGA	2039-10-01
2040-03-20	south	14								0.5	0.5	0.003620553	0.5	0.016801845	0.5	0.13201948	FGA	2039-10-01
2040-03-21	south	14								0.5	0.5	0.004014693	0.5	0.018772837	0.5	0.14574715	FGA	2039-10-01
2040-03-22	south	14								0.5	0.5	0.004451549	0.5	0.020837206	0.5	0.16072147	FGA	2039-10-01
2040-03-23	south	14								0.5	0.5	0.004935706	0.5	0.023123275	0.5	0.17691755	FGA	2039-10-01
2040-03-24	south	14								0.5	0.5	0.0054722317	0.5	0.025655806	0.5	0.19471866	FGA	2039-10-01
2040-03-25	south	14								0.5	0.5	0.0060667237	0.5	0.028553652	0.5	0.21443754	FGA	2039-10-01
2040-03-26	south	14								0.5	0.5	0.0067253653	0.5	0.03176819	0.5	0.2357146	FGA	2039-10-01
2040-03-27	south	14								0.5	0.5	0.007454977	0.5	0.035331506	0.5	0.2584083	FGA	2039-10-01
2040-03-28	south	14								0.5	0.5	0.008263084	0.5	0.039278354	0.5	0.2824909	FGA	2039-10-01
2040-03-29	south	14								0.5	0.5	0.009157983	0.5	0.043646216	0.5	0.30806345	FGA	2039-10-01
2040-03-30	south	14								0.5	0.5	0.0101488065	0.5	0.048475355	0.5	0.3348706	FGA	2039-10-01
2040-03-31	south	14								0.5	0.5	0.011245616	0.5	0.053808797	0.5	0.36278751	FGA	2039-10-01
2040-04-01	south	14								0.5	0.5	0.012459467	0.5	0.05972768	0.5	0.3909763	FGA	2039-10-01
2040-04-02	south	14								0.5	0.5	0.013802516	0.5	0.06629701	0.5	0.4194184	FGA	2039-10-01
2040-04-03	south	14								0.5	0.5	0.015288099	0.5	0.07353289	0.5	0.44909042	FGA	2039-10-01
2040-04-04	south	14								0.5	0.5	0.01693083	0.5	0.08149011	0.5	0.4793849	FGA	2039-10-01
2040-04-05	south	14								0.5	0.5	0.018746715	0.5	0.09078527	0.5	0.5	FGA	2039-10-01
2040-04-06	south	14								0.5	0.5	0.020753251	0.5	0.10109109	0.5	0.5	FGA	2039-10-01
2040-04-07	south	14								0.5	0.5	0.022969533	0.5	0.112422705	0.5	0.5	FGA	2039-10-01
2040-04-08	south	14								0.5	0.5	0.025416348	0.5	0.12484866	0.5	0.5	FGA	2039-10-01
2040-04-09	south	14								0.5	0.5	0.028116312	0.5	0.13843432	0.5	0.5	FGA	2039-10-01
2040-04-10	south	14								0.5	0.5	0.031093938	0.5	0.1532399	0.5	0.5	FGA	2039-10-01
2040-04-11	south	14								0.5	0.5	0.034375757	0.5	0.16931808	0.5	0.5	FGA	2039-10-01
2040-04-12	south	14								0.5	0.5	0.037990376	0.5	0.18671143	0.5	0.5	FGA	2039-10-01
2040-04-13	south	14								0.5	0.5	0.04196855	0.5	0.2054496	0.5	0.5	FGA	2039-10-01
2040-04-14	south	14								0.5	0.5	0.046314128	0.5	0.22554657	0.5	0.5	FGA	2039-10-01
2040-04-15	south	14								0.5	0.5	0.051012885	0.5	0.24699771	0.5	0.5	FGA	2039-10-01
2040-04-16	south	14								0.5	0.5	0.05616047	0.5	0.2697775	0.5	0.5	FGA	2039-10-01
2040-04-17	south	14								0.5	0.5	0.06179386	0.5	0.29383713	0.5	0.5	FGA	2039-10-01
2040-04-18	south	14								0.5	0.5	0.067951865	0.5	0.31867912	0.5	0.5	FGA	2039-10-01
2040-04-19	south	14								0.5	0.5	0.074674934	0.5	0.3429384	0.5	0.5	FGA	2039-10-01
2040-04-20	south	14								0.5	0.5	0.08200488	0.5	0.3680467	0.5	0.5	FGA	2039-10-01
2040-04-21	south	14								0.5	0.5	0.08997109	0.5	0.3939034	0.5	0.5	FGA	2039-10-01
2040-04-22	south	14								0.5	0.5	0.09862596	0.5	0.4204676	0.5	0.5	FGA	2039-10-01
2040-04-23	south	14								0.5	0.5	0.10801483	0.5	0.44750208	0.5	0.5	FGA	2039-10-01
2040-04-24	south	14								0.5	0.5	0.11818055	0.5	0.474852	0.5	0.5	FGA	2039-10-01
2040-04-25	south	14								0.5	0.5	0.12916471	0.5	0.49790683	0.5	0.5	FGA	2039-10-01
2040-04-26	south	14								0.5	0.5	0.14100677	0.5	0.5	0.5	0.5	FGA	2039-10-01
2040-04-27	south	14								0.5	0.5	0.15374303	0.5	0.5	0.5	0.5	FGA	2039-10-01
2040-04-28	south	14								0.5	0.5	0.16740562	0.5	0.5	0.5	0.5	FGA	2039-10-01
2040-04-29	south	14								0.5	0.5	0.1820213	0.5	0.5	0.5	0.5	FGA	2039-10-01
2040-04-30	south	14								0.5	0.5	0.1976102	0.5	0.5	0.5	0.5	FGA	2039-10-01
2040-05-01	south	14								0.5	0.5	0.21418451	0.5	0.5	0.5	0.5	FGA	2039-10-01
2040-05-02	south	14								0.5	0.5	0.23174727	0.5	0.5	0.5	0.5	FGA	2039-10-01
2040-05-03	south	14								0.5	0.5	0.25029114	0.5	0.5	0.5	0.5	FGA	2039-10-01
2040-05-04	south	14								0.5	0.5	0.26979727	0.5	0.5	0.5	0.5	FGA	2039-10-01
2040-05-05	south	14								0.5	0.5	0.29023445	0.5	0.5	0.5	0.5	FGA	2039-10-01
2040-05-06	south	14								0.5	0.5	0.31155843	0.5	0.5	0.5	0.5	FGA	2039-10-01
2040-05-07	south	14								0.5	0.5	0.3337115	0.5	0.5	0.5	0.5	FGA	2039-10-01
2040-05-08	south	14								0.5	0.5	0.3566226	0.5	0.5	0.5	0.5	FGA	2039-10-01
2040-05-09	south	14								0.5	0.5	0.38020772	0.5	0.5	0.5	0.5	FGA	2039-10-01
2040-05-10	south	14								0.5	0.5	0.4043707	0.5	0.5	0.5	0.5	FGA	2039-10-01
2040-05-11	south	14								0.5	0.5	0.4290047	0.5	0.5	0.5	0.5	FGA	2039-10-01
2040-05-12	south	14								0.5	0.5	0.45423743	0.5	0.5	0.5	0.5	FGA	2039-10-01
2040-05-13	south	14								0.5	0.5	0.48040295	0.5	0.5	0.5	0.5	FGA	2039-10-01
2040-05-14	south	14								0.5	0.5	0.49883458	0.5	0.5	0.5	0.5	FGA	2039-10-01
2040-05-15	south	14								0.5	0.5	0.5	0.5	0.5	0.5	0.5	FGA	2039-10-01
2040-05-16	south	14								0.5	0.5	0.5	0.5	0.5	0.5	0.5	FGA	2039-10-01
2040-05-17	south	14								0.5	0.5	0.5	0.5	0.5	0.5	0.5	FGA	2039-10-01
2040-05-18	south	14								0.5	0.5	0.5	0.5	0.5	0.5	0.5	FGA	2039-10-01
2040-05-19	south	14								0.5	0.5	0.5	0.5	0.5	0.5	0.5	FGA	2039-10-01
2040-05-20	south	14								0.5	0.5	0.5	0.5	0.5	0.5	0.5	FGA	2039-10-01
2040-05-21	south	14								0.5	0.5	0.5	0.5	0.5	0.5	0.5	FGA	2039-10-01
2040-05-22	south	14								0.5	0.5	0.5	0.5	0.5	0.5	0.5	FGA	2039-10-01
2040-05-23	south	14								0.5	0.5	0.5	0.5	0.5	0.5	0.5	FGA	2039-10-01
2040-05-24	south	14								0.5	0.5	0.5	0.5	0.5	0.5	0.5	FGA	2039-10-01
2040-05-25	south	14								0.5	0.5	0.5	0.5	0.5	0.5	0.5	FGA	2039-10-01
2040-05-26	south	14								0.5	0.5	0.5	0.5	0.5	0.5	0.5	FGA	2039-10-01
2040-05-27	south	14								0.5	0.5	0.5	0.5	0.5	0.5	0.5	FGA	2039-10-01
2040-05-28	south	14								0.5	0.5	0.5	0.5	0.5	0.5	0.5	FGA	2039-10-01
2040-05-29	south	14								0.5	0.5	0.5	0.5	0.5	0.5	0.5	FGA	2039-10-01
2040-05-30	south	14								0.5	0.5	0.5	0.5	0.5	0.5	0.5	FGA	2039-10-01
2040-05-31	south	14								0.5	0.5	0.5	0.5	0.5	0.5	0.5	FGA	2039-10-01
2040-06-01	south	14								0.5	0.5	0.5	0.5	0.5	0.5	0.5	FGA	2039-10-01
2040-06-02	south	14								0.5	0.5	0.5	0.5	0.5	0.5	0.5	FGA	2039-10-01
2040-06-03	south	14								0.5	0.5	0.5	0.5	0.5	0.5	0.5	FGA	2039-10-01
2040-06-04	south	14								0.5	0.5	0.5	0.5	0.5	0.5	0.5	FGA	2039-10-01
2040-06-05	south	14								0.5	0.5	0.5	0.5	0.5	0.5	0.5	FGA	2039-10-01
2040-06-06	south	14								0.5	0.5	0.5	0.5	0.5	0.5	0.5	FGA	2039-10-01
2040-06-07	south	14								0.5	0.5	0.5	0.5	0.5	0.5	0.5	FGA	2039-10-01
2040-06-08	south	14								0.5	0.5	0.5	0.5	0.5	0.5	0.5	FGA	2039-10-01
2040-06-09	south	14								0.5	0.5	0.5	0.5	0.5	0.5	0.5	FGA	2039-10-01
2040-06-10	south	14								0.5	0.5	0.5	0.5	0.5	0.5	0.5	FGA	2039-10-01
2040-06-11	south	14								0.5	0.5	0.5	0.5	0.5	0.5	0.5	FGA	2039-10-01
2040-06-12	south	14								0.5	0.5	0.5	0.5	0.5	0.5	0.5	FGA	2039-10-01
2040-06-13	south	14								0.5	0.5	0.5	0.5	0.5	0.5	0.5	FGA	2039-10-01
2040-06-14	south	14								0.5	0.5	0.5	0.5	0.5	0.5	0.5	FGA	2039-10-01
2040-06-15	south	14								0.5	0.5	0.5	0.5	0.5	0.5	0.5	FGA	2039-10-01
2040-06-16	south	14								0.5	0.5	0.5	0.5	0.5	0.5	0.5	FGA	2039-10-01
2040-06-17	south	14								0.5	0.5	0.5	0.5	0.5	0.5	0.5	FGA	2039-10-01
2040-06-18	south	14								0.5	0.5	0.5	0.5	0.5	0.5	0.5	FGA	2039-10-01
2040-06-19	south	14								0.5	0.5	0.5	0.5	0.5	0.5	0.5	FGA	2039-10-01
2040-06-20	south	14								0.5	0.5	0.5	0.5	0.5	0.5	0.5	FGA	2039-10-01
2040-06-21	south	14								0.5	0.5	0.5	0.5	0.5	0.5	0.5	FGA	2039-10-01
2040-06-22	south	14								0.5	0.5	0.5	0.5	0.5	0.5	0.5	FGA	2039-10-01
2040-06-23	south	14								0.5	0.5	0.5	0.5	0.5	0.5	0.5	FGA	2039-10-01
2040-06-24	south	14								0.5	0.5	0.5	0.5	0.5	0.5	0.5	FGA	2039-10-01
2040-06-25	south	14								0.5	0.5	0.5	0.5	0.5	0.5	0.5	FGA	2039-10-01
2040-06-26	south	14								0.5	0.5	0.5	0.5	0.5	0.5	0.5	FGA	2039-10-01
2040-06-27	south	14								0.5	0.5	0.5	0.5	0.5	0.5	0.5	FGA	2039-10-01
2040-06-28	south	14								0.5	0.5	0.5	0.5	0.5	0.5	0.5	FGA	2039-10-01
2040-06-29	south	14								0.5	0.5	0.5	0.5	0.5	0.5	0.5	FGA	2039-10-01
2040-06-30	south	14								0.5	0.5	0.5	0.5	0.5	0.5	0.5	FGA	2039-10-01
2040-07-01	south	14								0.5	0.5	0.5	0.5	0.5	0.5	0.5	FGA	2039-10-01
2040-07-02	south	14								0.5	0.5	0.5	0.5	0.5	0.5	0.5	FGA	2039-10-01
2040-07-03	south	14								0.5	0.5	0.5	0.5	0.5	0.5	0.5	FGA	2039-10-01
2040-07-04	south	14								0.5	0.5	0.5	0.5	0.5	0.5	0.5	FGA	2039-10-01
2040-07-05	south	14								0.5	0.5	0.5	0.5	0.5	0.5	0.5	FGA	2039-10-01
2040-07-06	south	14								0.5	0.5	0.5	0.5	0.5	0.5	0.5	FGA	2039-10-01
2040-07-07	south	14								0.5	0.5	0.5	0.5	0.5	0.5	0.5	FGA	2039-10-01
2040-07-08	south	14								0.5	0.5	0.5	0.5	0.5	0.5	0.5	FGA	2039-10-01
2040-07-09	south	14								0.5	0.5	0.5	0.5	0.5	0.5	0.5	FGA	2039-10-01
2040-07-10	south	14								0.5	0.5	0.5	0.5	0.5	0.5	0.5	FGA	2039-10-01
2040-07-11	south	14								0.5	0.5	0.5	0.5	0.5	0.5	0.5	FGA	2039-10-01
2040-07-12	south	14								0.5	0.5	0.5	0.5	0.5	0.5	0.5	FGA	2039-10-01
2040-07-13	south	14								0.5	0.5	0.5	0.5	0.5	0.5	0.5	FGA	2039-10-01
2040-07-14	south	14								0.5	0.5	0.5	0.5	0.5	0.5	0.5	FGA	2039-10-01
2040-07-15	south	14								0.5	0.5	0.5	0.5	0.5	0.5	0.5	FGA	2039-10-01
2040-07-16	south	14								0.5	0.5	0.5	0.5	0.5	0.5	0.5	FGA	2039-10-01
2040-07-17	south	14								0.5	0.5	0.5	0.5	0.5	0.5	0.5	FGA	2039-10-01
2040-07-18	south	14								0.5	0.5	0.5	0.5	0.5	0.5	0.5	FGA	2039-10-01
2040-07-19	south	14								0.5	0.5	0.5	0.5	0.5	0.5	0.5	FGA	2039-10-01
2040-07-20	south	14								0.5	0.5	0.5	0.5	0.5	0.5	0.5	FGA	2039-10-01
2040-07-21	south	14								0.5	0.5	0.5	0.5	0.5	0.5	0.5	FGA	2039-10-01
2040-07-22	south	14								0.5	0.5	0.5	0.5	0.5	0.5	0.5	FGA	2039-10-01
2040-07-23	south	14								0.5	0.5	0.5	0.5	0.5	0.5	0.5	FGA	2039-10-01
2040-07-24	south	14								0.5	0.5	0.5	0.5	0.5	0.5	0.5	FGA	2039-10-01
2040-07-25	south	14								0.5	0.5	0.5	0.5	0.5	0.5	0.5	FGA	2039-10-01
2040-07-26	south	14								0.5	0.5	0.5	0.5	0.5	0.5	0.5	FGA	2039-10-01
2040-07-27	south	14								0.5	0.5	0.5	0.5	0.5	0.5	0.5	FGA	2039-10-01
2040-07-28	south	14								0.5	0.5	0.5	0.5	0.5	0.5	0.5	FGA	2039-10-01
2040-07-29	south	14								0.5	0.5	0.5	0.5	0.5	0.5	0.5	FGA	2039-10-01
2040-07-30	south	14								0.5	0.5	0.5	0.5	0.5	0.5	0.5	FGA	2039-10-01
2040-07-31	south	14								0.5	0.5	0.5	0.5	0.5	0.5	0.5	FGA	2039-10-01
2040-08-01	south	14								0.5	0.5	0.5	0.5	0.5	0.5	0.5	FGA	2039-10-01
2040-08-02	south	14								0.5	0.5	0.5	0.5	0.5	0.5	0.5	FGA	2039-10-01
2040-08-03	south	14								0.5	0.5	0.5	0.5	0.5	0.5	0.5	FGA	2039-10-01
2040-08-04	south	14								0.5	0.5	0.5	0.5	0.5	0.5	0.5	FGA	2039-10-01
2040-08-05	south	14								0.5	0.5	0.5	0.5	0.5	0.5	0.5	FGA	2039-10-01
2040-08-06	south	14								0.5	0.5	0.5	0.5	0.5	0.5	0.5	FGA	2039-10-01
2040-08-07	south	14								0.5	0.5	0.5	0.5	0.5	0.5	0.5	FGA	2039-10-01
2040-08-08	south	14								0.5	0.5	0.5	0.5	0.5	0.5	0.5	FGA	2039-10-01
2040-08-09	south	14								0.5	0.5	0.5	0.5	0.5	0.5	0.5	FGA	2039-10-01
2040-08-10	south	14								0.5	0.5	0.5	0.5	0.5	0.5	0.5	FGA	2039-10-01
2040-08-11	south	14								0.5	0.5	0.5	0.5	0.5	0.5	0.5	FGA	2039-10-01
2040-08-12	south	14								0.5	0.5	0.5	0.5	0.5	0.5	0.5	FGA	2039-10-01
2040-08-13	south	14								0.5	0.5	0.5	0.5	0.5	0.5	0.5	FGA	2039-10-01
2040-08-14	south	14								0.5	0.5	0.5	0.5	0.5	0.5	0.5	FGA	2039-10-01
2040-08-15	south	14								0.5	0.5	0.5	0.5	0.5	0.5	0.5	FGA	2039-10-01
2040-08-16	south	14								0.5	0.5	0.5	0.5	0.5	0.5	0.5	FGA	2039-10-01
2040-08-17	south	14								0.5	0.5	0.5	0.5	0.5	0.5	0.5	FGA	2039-10-01
2040-08-18	south	14								0.5	0.5	0.5	0.5	0.5	0.5	0.5	FGA	2039-10-01
2040-08-19	south	14								0.5	0.5	0.5	0.5	0.5	0.5	0.5	FGA	2039-10-01
2040-08-20	south	14								0.5	0.5	0.5	0.5	0.5	0.5	0.5	FGA	2039-10-01
2040-08-21	south	14								0.5	0.5	0.5	0.5	0.5	0.5	0.5	FGA	2039-10-01
2040-08-22	south	14								0.5	0.5	0.5	0.5	0.5	0.5	0.5	FGA	2039-10-01
2040-08-23	south	14								0.5	0.5	0.5	0.5	0.5	0.5	0.5	FGA	2039-10-01
2040-08-24	south	14								0.5	0.5	0.5	0.5	0.5	0.5	0.5	FGA	2039-10-01
2040-08-25	south	14								0.5	0.5	0.5	0.5	0.5	0.5	0.5	FGA	2039-10-01
2040-08-26	south	14								0.5	0.5	0.5	0.5	0.5	0.5	0.5	FGA	2039-10-01
2040-08-27	south	14								0.5	0.5	0.5	0.5	0.5	0.5	0.5	FGA	2039-10-01
2040-08-28	south	14								0.5	0.5	0.5	0.5	0.5	0.5	0.5	FGA	2039-10-01
2040-08-29	south	14								0.5	0.5	0.5	0.5	0.5	0.5	0.5	FGA	2039-10-01
2040-08-30	south	14								0.5	0.5	0.5	0.5	0.5	0.5	0.5	FGA	2039-10-01
2040-08-31	south	14								0.5	0.5	0.5	0.5	0.5	0.5	0.5	FGA	2039-10-01
2040-09-01	south	14								0.5	0.5	0.5	0.5	0.5	0.5	0.5	FGA	2039-10-01
2040-09-02	south	14								0.5	0.5	0.5	0.5	0.5	0.5	0.5	FGA	2039-10-01
2040-09-03	south	14								0.5	0.5	0.5	0.5	0.5	0.5	0.5	FGA	2039-10-01
2040-09-04	south	14								0.5	0.5	0.5	0.5	0.5	0.5	0.5	FGA	2039-10-01
2040-09-05	south	14								0.5	0.5	0.5	0.5	0.5	0.5	0.5	FGA	2039-10-01
2040-09-06	south	14								0.5	0.5	0.5	0.5	0.5	0.5	0.5	FGA	2039-10-01
2040-09-07	south	14								0.5	0.5	0.5	0.5	0.5	0.5	0.5	FGA	2039-10-01
2040-09-08	south	14								0.5	0.5	0.5	0.5	0.5	0.5	0.5	FGA	2039-10-01
2040-09-09	south	14								0.5	0.5	0.5	0.5	0.5	0.5	0.5	FGA	2039-10-01
2040-09-10	south	14								0.5	0.5	0.5	0.5	0.5	0.5	0.5	FGA	2039-10-01
2040-09-11	south	14								0.5	0.5	0.5	0.5	0.5	0.5	0.5	FGA	2039-10-01
2040-09-12	south	14								0.5	0.5	0.5	0.5	0.5	0.5	0.5	FGA	2039-10-01
2040-09-13	south	14								0.5	0.5	0.5	0.5	0.5	0.5	0.5	FGA	2039-10-01
2040-09-14	south	14								0.5	0.5	0.5	0.5	0.5	0.5	0.5	FGA	2039-10-01
2040-09-15	south	14								0.5	0.5	0.5	0.5	0.5	0.5	0.5	FGA	2039-10-01
2040-09-16	south	14								0.5	0.5	0.5	0.5	0.5	0.5	0.5	FGA	2039-10-01
2040-09-17	south	14								0.5	0.5	0.5	0.5	0.5	0.5	0.5	FGA	2039-10-01
2040-09-18	south	14								0.5	0.5	0.5	0.5	0.5	0.5	0.5	FGA	2039-10-01
2040-09-19	south	14								0.5	0.5	0.5	0.5	0.5	0.5	0.5	FGA	2039-10-01
2040-09-20	south	14								0.5	0.5	0.5	0.5	0.5	0.5	0.5	FGA	2039-10-01
2040-09-21	south	14								0.5	0.5	0.5	0.5	0.5	0.5	0.5	FGA	2039-10-01
2040-09-22	south	14								0.5	0.5	0.5	0.5	0.5	0.5	0.5	FGA	2039-10-01
2040-09-23	south	14								0.5	0.5	0.5	0.5	0.5	0.5	0.5	FGA	2039-10-01
2040-09-24	south	14								0.5	0.5	0.5	0.5	0.5	0.5	0.5	FGA	2039-10-01
2040-09-25	south	14								0.5	0.5	0.5	0.5	0.5	0.5	0.5	FGA	2039-10-01
2040-09-26	south	14								0.5	0.5	0.5	0.5	0.5	0.5	0.5	FGA	2039-10-01
2040-09-27	south	14								0.5	0.5	0.5	0.5	0.5	0.5	0.5	FGA	2039-10-01
2039-09-29	south	15								1.0	1.0	1.0	1.0	1.0	1.0	1.0	FGA	2039-10-01
2039-09-30	south	15								1.0	1.0	1.0	1.0	1.0	1.0	1.0	FGA	2039-10-01
2039-10-01	south	15								1.0	1.0	1.0	1.0	1.0	1.0	1.0	FGA	2039-10-01
2039-10-02	south	15								1.0	1.0	1.0	1.0	1.0	1.0	1.0	FGA	2039-10-01
2039-10-03	south	15								1.0	1.0	1.0	1.0	1.0	1.0	1.0	FGA	2039-10-01
2039-10-04	south	15								1.0	1.0	1.0	1.0	1.0	1.0	1.0	FGA	2039-10-01
2039-10-05	south	15								1.0	1.0	1.0	1.0	1.0	1.0	1.0	FGA	2039-10-01
2039-10-06	south	15								1.0	1.0	1.0	1.0	1.0	1.0	1.0	FGA	2039-10-01
2039-10-07	south	15								1.0	1.0	1.0	1.0	1.0	1.0	1.0	FGA	2039-10-01
2039-10-08	south	15								1.0	1.0	1.0	1.0	1.0	1.0	1.0	FGA	2039-10-01
2039-10-09	south	15								1.0	1.0	1.0	1.0	1.0	1.0	1.0	FGA	2039-10-01
2039-10-10	south	15								1.0	1.0	1.0	1.0	1.0	1.0	1.0	FGA	2039-10-01
2039-10-11	south	15								1.0	1.0	1.0	1.0	1.0	1.0	1.0	FGA	2039-10-01
2039-10-12	south	15								1.0	1.0	1.0	1.0	1.0	1.0	1.0	FGA	2039-10-01
2039-10-13	south	15								1.0	1.0	1.0	1.0	1.0	1.0	1.0	FGA	2039-10-01
2039-10-14	south	15								1.0	1.0	0.99999994	1.0	1.0	1.0	1.0	FGA	2039-10-01
2039-10-15	south	15								1.0	1.0	0.99999994	1.0	1.0	1.0	1.0	FGA	2039-10-01
2039-10-16	south	15								1.0	1.0	0.99999994	1.0	1.0	1.0	1.0	FGA	2039-10-01
2039-10-17	south	15								1.0	1.0	0.99999994	1.0	1.0	1.0	1.0	FGA	2039-10-01
2039-10-18	south	15								1.0	1.0	0.99999994	1.0	1.0	1.0	1.0	FGA	2039-10-01
2039-10-19	south	15								1.0	1.0	0.99999994	1.0	1.0	1.0	1.0	FGA	2039-10-01
2039-10-20	south	15								1.0	1.0	0.9999999	1.0	1.0	1.0	1.0	FGA	2039-10-01
2039-10-21	south	15								1.0	1.0	0.9999999	1.0	1.0	1.0	1.0	FGA	2039-10-01
2039-10-22	south	15								1.0	1.0	0.9999999	1.0	0.99999994	1.0	1.0	FGA	2039-10-01
2039-10-23	south	15								1.0	1.0	0.9999999	1.0	0.99999994	1.0	1.0	FGA	2039-10-01
2039-10-24	south	15								1.0	1.0	0.9999999	1.0	0.99999994	1.0	1.0	FGA	2039-10-01
2039-10-25	south	15								1.0	1.0	0.9999998	1.0	0.99999994	1.0	1.0	FGA	2039-10-01
2039-10-26	south	15								1.0	1.0	0.9999998	1.0	0.99999994	1.0	1.0	FGA	2039-10-01
2039-10-27	south	15								1.0	1.0	0.99999976	1.0	0.99999994	1.0	1.0	FGA	2039-10-01
2039-10-28	south	15								1.0	1.0	0.9999997	1.0	0.9999999	1.0	1.0	FGA	2039-10-01
2039-10-29	south	15								1.0	1.0	0.9999997	1.0	0.9999999	1.0	1.0	FGA	2039-10-01
2039-10-30	south	15								1.0	1.0	0.99999964	1.0	0.9999999	1.0	0.99999994	FGA	2039-10-01
2039-10-31	south	15								1.0	1.0	0.9999996	1.0	0.9999999	1.0	0.99999994	FGA	2039-10-01
2039-11-01	south	15								1.0	1.0	0.99999946	1.0	0.9999999	1.0	0.99999994	FGA	2039-10-01
2039-11-02	south	15								1.0	1.0	0.99999934	1.0	0.9999998	1.0	0.99999994	FGA	2039-10-01
2039-11-03	south	15								1.0	1.0	0.9999992	1.0	0.9999998	1.0	0.99999994	FGA	2039-10-01
2039-11-04	south	15								1.0	1.0	0.9999991	1.0	0.99999976	1.0	0.9999999	FGA	2039-10-01
2039-11-05	south	15								1.0	1.0	0.9999989	1.0	0.99999976	1.0	0.9999999	FGA	2039-10-01
2039-11-06	south	15								0.99999994	1.0	0.99999875	1.0	0.9999997	1.0	0.9999999	FGA	2039-10-01
2039-11-07	south	15								0.99999994	1.0	0.99999857	1.0	0.99999964	1.0	0.9999999	FGA	2039-10-01
2039-11-08	south	15								0.99999994	1.0	0.99999833	1.0	0.9999996	1.0	0.9999999	FGA	2039-10-01
2039-11-09	south	15								0.99999994	1.0	0.999998	1.0	0.9999995	1.0	0.9999999	FGA	2039-10-01
2039-11-10	south	15								0.99999994	1.0	0.99999774	1.0	0.9999994	1.0	0.9999998	FGA	2039-10-01
2039-11-11	south	15								0.99999994	1.0	0.9999974	1.0	0.99999934	1.0	0.9999998	FGA	2039-10-01
2039-11-12	south	15								0.99999994	1.0	0.9999969	1.0	0.9999992	1.0	0.9999998	FGA	2039-10-01
2039-11-13	south	15								0.9999999	1.0	0.9999963	1.0	0.9999991	1.0	0.99999976	FGA	2039-10-01
2039-11-14	south	15								0.9999999	1.0	0.99999565	1.0	0.9999989	1.0	0.99999976	FGA	2039-10-01
2039-11-15	south	15								0.9999999	1.0	0.9999948	1.0	0.99999875	0.99999994	0.9999997	FGA	2039-10-01
2039-11-16	south	15								0.9999999	1.0	0.9999939	1.0	0.99999857	0.99999994	0.99999964	FGA	2039-10-01
2039-11-17	south	15								0.9999999	1.0	0.9999928	1.0	0.99999833	0.99999994	0.9999996	FGA	2039-10-01
2039-11-18	south	15								0.9999998	1.0	0.9999914	1.0	0.9999981	0.99999994	0.9999995	FGA	2039-10-01
2039-11-19	south	15								0.9999998	1.0	0.99998987	1.0	0.99999785	0.99999994	0.9999994	FGA	2039-10-01
2039-11-20	south	15								0.9999998	1.0	0.999988	1.0	0.99999756	0.99999994	0.9999993	FGA	2039-10-01
2039-11-21	south	15								0.99999976	1.0	0.9999859	1.0	0.99999714	0.99999994	0.9999992	FGA	2039-10-01
2039-11-22	south	15								0.99999976	1.0	0.99998313	1.0	0.99999666	0.9999999	0.9999991	FGA	2039-10-01
2039-11-23	south	15								0.9999997	1.0	0.99997973	1.0	0.9999961	0.9999999	0.9999989	FGA	2039-10-01
2039-11-24	south	15								0.99999964	1.0	0.9999755	0.99999994	0.9999955	0.9999999	0.99999875	FGA	2039-10-01
2039-11-25	south	15								0.99999964	1.0	0.99997014	0.99999994	0.99999493	0.9999999	0.99999857	FGA	2039-10-01
2039-11-26	south	15								0.9999996	1.0	0.9999636	0.99999994	0.99999416	0.9999999	0.99999833	FGA	2039-10-01
2039-11-27	south	15								0.99999946	1.0	0.9999559	0.99999994	0.9999932	0.9999999	0.9999981	FGA	2039-10-01
2039-11-28	south	15								0.9999994	1.0	0.9999474	0.99999994	0.9999922	0.9999999	0.99999785	FGA	2039-10-01
2039-11-29	south	15								0.9999993	1.0	0.99993724	0.99999994	0.99999094	0.9999998	0.99999756	FGA	2039-10-01
2039-11-30	south	15								0.99999917	1.0	0.999925	0.99999994	0.99998957	0.9999998	0.9999972	FGA	2039-10-01
2039-12-01	south	15								0.99999905	1.0	0.99991035	0.99999994	0.99998796	0.99999976	0.9999967	FGA	2039-10-01
2039-12-02	south	15								0.9999989	1.0	0.9998929	0.9999999	0.9999861	0.99999976	0.9999963	FGA	2039-10-01
2039-12-03	south	15								0.9999988	1.0	0.99987197	0.9999999	0.9999837	0.9999997	0.9999957	FGA	2039-10-01
2039-12-04	south	15								0.9999986	0.99999994	0.9998469	0.9999999	0.99998105	0.9999997	0.99999505	FGA	2039-10-01
2039-12-05	south	15								0.9999984	0.99999994	0.99981695	0.9999999	0.999978	0.99999964	0.9999943	FGA	2039-10-01
2039-12-06	south	15								0.9999982	0.99999994	0.99978095	0.9999999	0.99997425	0.99999964	0.9999934	FGA	2039-10-01
2039-12-07	south	15								0.9999979	0.99999994	0.99973804	0.9999999	0.9999699	0.9999996	0.9999924	FGA	2039-10-01
2039-12-08	south	15								0.99999774	0.99999994	0.99968606	0.9999998	0.9999648	0.99999946	0.9999912	FGA	2039-10-01
2039-12-09	south	15								0.9999974	0.99999994	0.9996224	0.9999998	0.99995905	0.99999934	0.99998987	FGA	2039-10-01
2039-12-10	south	15								0.999997	0.99999994	0.99954575	0.9999998	0.99995255	0.9999993	0.99998844	FGA	2039-10-01
2039-12-11	south	15								0.99999654	0.9999999	0.9994537	0.99999976	0.99994504	0.9999992	0.9999865	FGA	2039-10-01
2039-12-12	south	15								0.99999607	0.9999999	0.9993429	0.99999976	0.9999364	0.9999991	0.9999845	FGA	2039-10-01
2039-12-13	south	15								0.9999956	0.9999999	0.9992096	0.9999997	0.9999263	0.999999	0.9999821	FGA	2039-10-01
2039-12-14	south	15								0.999995	0.9999999	0.9990492	0.9999997	0.99991465	0.99999887	0.9999794	FGA	2039-10-01
2039-12-15	south	15								0.9999944	0.9999999	0.9988563	0.99999964	0.9999012	0.99999875	0.99997604	FGA	2039-10-01
2039-12-16	south	15								0.9999936	0.9999999	0.9986242	0.9999996	0.9998857	0.99999857	0.9999724	FGA	2039-10-01
2039-12-17	south	15								0.9999927	0.9999999	0.9983451	0.9999995	0.99986786	0.9999984	0.99996823	FGA	2039-10-01
2039-12-18	south	15								0.99999166	0.9999998	0.9980131	0.9999994	0.9998473	0.9999982	0.9999631	FGA	2039-10-01
2039-12-19	south	15								0.99999046	0.9999998	0.99763745	0.99999934	0.9998235	0.999998	0.9999577	FGA	2039-10-01
2039-12-20	south	15								0.99998915	0.9999998	0.9971909	0.9999993	0.999796	0.99999774	0.9999515	FGA	2039-10-01
2039-12-21	south	15								0.9999876	0.99999976	0.9966602	0.9999992	0.9997642	0.99999744	0.99994445	FGA	2039-10-01
2039-12-22	south	15								0.99998593	0.99999976	0.9960297	0.9999991	0.9997274	0.9999971	0.99993634	FGA	2039-10-01
2039-12-23	south	15								0.99998415	0.9999997	0.99528056	0.999999	0.99968493	0.99999666	0.999927	FGA	2039-10-01
2039-12-24	south	15								0.9999821	0.9999997	0.994391	0.99999887	0.9996358	0.9999962	0.9999164	FGA	2039-10-01
2039-12-25	south	15								0.99997973	0.99999964	0.99333483	0.9999987	0.9995791	0.9999957	0.9999042	FGA	2039-10-01
2039-12-26	south	15								0.999977	0.99999964	0.9920812	0.99999857	0.9995142	0.9999952	0.9998903	FGA	2039-10-01
2039-12-27	south	15								0.9999739	0.9999996	0.9906063	0.9999984	0.99943656	0.9999945	0.9998743	FGA	2039-10-01
2039-12-28	south	15								0.99997026	0.99999946	0.98896205	0.9999982	0.99934727	0.9999939	0.99985605	FGA	2039-10-01
2039-12-29	south	15								0.99996567	0.9999994	0.987032	0.999998	0.99924386	0.9999931	0.9998351	FGA	2039-10-01
2039-12-30	south	15								0.99996054	0.99999934	0.9847674	0.9999978	0.99912405	0.99999225	0.99981105	FGA	2039-10-01
2039-12-31	south	15								0.9999547	0.9999992	0.98211193	0.99999756	0.9989853	0.9999911	0.9997827	FGA	2039-10-01
2040-01-01	south	15								0.9999484	0.99999917	0.97900045	0.99999726	0.99882454	0.99998987	0.99974793	FGA	2039-10-01
2040-01-02	south	15								0.99994123	0.99999905	0.9753579	0.99999696	0.99863833	0.99998856	0.9997077	FGA	2039-10-01
2040-01-03	south	15								0.9999331	0.9999989	0.97109795	0.9999966	0.99840796	0.999987	0.9996647	FGA	2039-10-01
2040-01-04	south	15								0.9999238	0.9999988	0.9661224	0.9999962	0.9981266	0.9999852	0.99961555	FGA	2039-10-01
2040-01-05	south	15								0.9999133	0.9999986	0.9603198	0.99999577	0.9977956	0.9999832	0.99955916	FGA	2039-10-01
2040-01-06	south	15								0.99990124	0.9999985	0.9535648	0.99999523	0.9974063	0.99998116	0.99949336	FGA	2039-10-01
2040-01-07	south	15								0.9998875	0.99999833	0.94571793	0.9999947	0.9969485	0.9999787	0.99941796	FGA	2039-10-01
2040-01-08	south	15								0.9998723	0.99999815	0.9366107	0.9999941	0.99641013	0.9999759	0.9993313	FGA	2039-10-01
2040-01-09	south	15								0.9998553	0.999998	0.92602074	0.9999934	0.9957795	0.9999729	0.99923146	FGA	2039-10-01
2040-01-10	south	15								0.99983597	0.9999978	0.9138153	0.9999926	0.99504375	0.99996936	0.9991174	FGA	2039-10-01
2040-01-11	south	15								0.9998133	0.99999756	0.8998049	0.9999916	0.99418026	0.9999653	0.9989871	FGA	2039-10-01
2040-01-12	south	15								0.99978745	0.99999726	0.8837979	0.99999064	0.9931672	0.9999607	0.99884284	FGA	2039-10-01
2040-01-13	south	15								0.9997579	0.99999696	0.8656081	0.99998957	0.991979	0.9999555	0.9986728	FGA	2039-10-01
2040-01-14	south	15								0.99972427	0.99999666	0.8450652	0.99998826	0.990623	0.9999497	0.99847645	FGA	2039-10-01
2040-01-15	south	15								0.999686	0.9999963	0.8220266	0.9999867	0.9891493	0.99994296	0.9982511	FGA	2039-10-01
2040-01-16	south	15								0.9996424	0.9999959	0.79519904	0.9999854	0.98744655	0.99993527	0.9979924	FGA	2039-10-01
2040-01-17	south	15								0.99959266	0.99999547	0.7646603	0.99998385	0.9854801	0.99992657	0.9976955	FGA	2039-10-01
2040-01-18	south	15								0.99953604	0.99999493	0.7311093	0.99998206	0.9832105	0.9999171	0.99735487	FGA	2039-10-01
2040-01-19	south	15								0.99947155	0.99999446	0.69468606	0.99998003	0.9805926	0.99990577	0.9969641	FGA	2039-10-01
2040-01-20	south	15								0.9993981	0.9999938	0.6556533	0.9999777	0.9775751	0.9998927	0.9965157	FGA	2039-10-01
2040-01-21	south	15								0.9993145	0.99999315	0.61439973	0.999975	0.97410035	0.99987835	0.99600136	FGA	2039-10-01
2040-01-22	south	15								0.9992192	0.9999924	0.57143277	0.99997216	0.97010285	0.9998621	0.99541426	FGA	2039-10-01
2040-01-23	south	15								0.9991092	0.9999915	0.52735823	0.9999689	0.96550936	0.99984354	0.99474895	FGA	2039-10-01
2040-01-24	south	15								0.9989821	0.9999906	0.5018122	0.9999652	0.9602383	0.9998229	0.9939877	FGA	2039-10-01
2040-01-25	south	15								0.99883676	0.99998957	0.5	0.9999611	0.954199	0.9997991	0.9931168	FGA	2039-10-01
2040-01-26	south	15								0.9986744	0.9999885	0.5	0.9999566	0.9472921	0.9997724	0.9921207	FGA	2039-10-01
2040-01-27	south	15								0.99848384	0.9999872	0.5	0.9999515	0.93940914	0.99974185	0.99097586	FGA	2039-10-01
2040-01-28	south	15								0.998265	0.9999858	0.5	0.9999459	0.9304334	0.9997071	0.98960185	FGA	2039-10-01
2040-01-29	south	15								0.9980147	0.99998426	0.5	0.9999398	0.9202409	0.99966776	0.9880918	FGA	2039-10-01
2040-01-30	south	15								0.997728	0.99998266	0.5	0.99993306	0.9087023	0.9996247	0.98627234	FGA	2039-10-01
2040-01-31	south	15								0.997405	0.9999808	0.5	0.99992526	0.895685	0.99957764	0.98417795	FGA	2039-10-01
2040-02-01	south	15								0.9970386	0.99997866	0.5	0.9999165	0.8810574	0.99952614	0.9817699	FGA	2039-10-01
2040-02-02	south	15								0.9966359	0.9999763	0.5	0.9999066	0.8646928	0.9994681	0.9789899	FGA	2039-10-01
2040-02-03	south	15								0.99618363	0.9999736	0.5	0.9998956	0.8466319	0.9994029	0.9757837	FGA	2039-10-01
2040-02-04	south	15								0.99567086	0.9999707	0.5	0.9998832	0.8266457	0.9993297	0.97211057	FGA	2039-10-01
2040-02-05	south	15								0.9950894	0.99996734	0.5	0.99986935	0.8036371	0.99924743	0.9682219	FGA	2039-10-01
2040-02-06	south	15								0.9944304	0.9999637	0.5	0.9998541	0.7783893	0.99915403	0.9635801	FGA	2039-10-01
2040-02-07	south	15								0.993695	0.9999596	0.5	0.99983716	0.7508966	0.9990475	0.95852345	FGA	2039-10-01
2040-02-08	south	15								0.9928769	0.9999551	0.5	0.9998182	0.721209	0.9989277	0.9528328	FGA	2039-10-01
2040-02-09	south	15								0.9919528	0.9999501	0.5	0.9997971	0.6894399	0.99878913	0.9459808	FGA	2039-10-01
2040-02-10	south	15								0.9909091	0.99994457	0.5	0.99977356	0.6557708	0.99863243	0.93829024	FGA	2039-10-01
2040-02-11	south	15								0.9896442	0.99993837	0.5	0.99974716	0.6204527	0.99845177	0.9296868	FGA	2039-10-01
2040-02-12	south	15								0.9882033	0.99993145	0.5	0.9997178	0.5838018	0.9982579	0.91999316	FGA	2039-10-01
2040-02-13	south	15								0.9865986	0.9999237	0.5	0.999685	0.5471095	0.9980397	0.909296	FGA	2039-10-01
2040-02-14	south	15								0.98479486	0.99991477	0.5	0.999648	0.51253146	0.99779177	0.8973281	FGA	2039-10-01
2040-02-15	south	15								0.9827788	0.9999048	0.5	0.99960667	0.5	0.99750865	0.8839826	FGA	2039-10-01
2040-02-16	south	15								0.9805101	0.9998937	0.5	0.9995605	0.5	0.99718416	0.8691554	FGA	2039-10-01
2040-02-17	south	15								0.9779487	0.9998814	0.5	0.9995088	0.5	0.99683166	0.852749	FGA	2039-10-01
2040-02-18	south	15								0.9750587	0.9998675	0.5	0.9994512	0.5	0.9964318	0.8346765	FGA	2039-10-01
2040-02-19	south	15								0.97184014	0.9998521	0.5	0.9993867	0.5	0.9959807	0.8148675	FGA	2039-10-01
2040-02-20	south	15								0.96826446	0.99983484	0.5	0.9993148	0.5	0.99547267	0.79327285	FGA	2039-10-01
2040-02-21	south	15								0.96425134	0.99981564	0.5	0.99923426	0.5	0.9949007	0.7698705	FGA	2039-10-01
2040-02-22	south	15								0.9597517	0.9997941	0.5	0.9991443	0.5	0.9942569	0.7443212	FGA	2039-10-01
2040-02-23	south	15								0.9547123	0.9997701	0.5	0.9990439	0.5	0.9935324	0.71684134	FGA	2039-10-01
2040-02-24	south	15								0.9490808	0.99974334	0.5	0.99893165	0.5	0.9927172	0.687647	FGA	2039-10-01
2040-02-25	south	15								0.94292915	0.9997134	0.5	0.99880624	0.5	0.99180007	0.6569438	FGA	2039-10-01
2040-02-26	south	15								0.9359373	0.99968004	0.5	0.99866056	0.5	0.99076855	0.62530714	FGA	2039-10-01
2040-02-27	south	15								0.92797303	0.9996427	0.5	0.9984949	0.5	0.98960847	0.5925624	FGA	2039-10-01
2040-02-28	south	15								0.91910195	0.99960107	0.5	0.99830884	0.5	0.9883044	0.5589743	FGA	2039-10-01
2040-02-29	south	15								0.90924263	0.99955463	0.5	0.9980998	0.5	0.9868388	0.524838	FGA	2039-10-01
2040-03-01	south	15								0.8977959	0.9995028	0.5	0.99789304	0.5	0.9851923	0.5	FGA	2039-10-01
2040-03-02	south	15								0.8849393	0.999445	0.5	0.9976796	0.5	0.98334324	0.5	FGA	2039-10-01
2040-03-03	south	15								0.87055135	0.99938136	0.5	0.99741995	0.5	0.98126775	0.5	FGA	2039-10-01
2040-03-04	south	15								0.85522175	0.99931186	0.5	0.99712384	0.5	0.9789265	0.5	FGA	2039-10-01
2040-03-05	south	15								0.83806294	0.9992347	0.5	0.99679375	0.5	0.9762717	0.5	FGA	2039-10-01
2040-03-06	south	15								0.8193002	0.99915034	0.5	0.996426	0.5	0.97329146	0.5	FGA	2039-10-01
2040-03-07	south	15								0.7988851	0.99905753	0.5	0.99601424	0.5	0.9699484	0.5	FGA	2039-10-01
2040-03-08	south	15								0.77679193	0.9989546	0.5	0.99554837	0.5	0.9662011	0.5	FGA	2039-10-01
2040-03-09	south	15								0.7530221	0.99884045	0.5	0.9950283	0.5	0.9620048	0.5	FGA	2039-10-01
2040-03-10	south	15								0.72760856	0.99871385	0.5	0.99444777	0.5	0.9573103	0.5	FGA	2039-10-01
2040-03-11	south	15								0.7006197	0.9985735	0.5	0.9938	0.5	0.95206445	0.5	FGA	2039-10-01
2040-03-12	south	15								0.6721617	0.9984178	0.5	0.993077	0.5	0.9462669	0.5	FGA	2039-10-01
2040-03-13	south	15								0.6423794	0.9982452	0.5	0.99227035	0.5	0.93988216	0.5	FGA	2039-10-01
2040-03-14	south	15								0.6114557	0.9980537	0.5	0.9913706	0.5	0.9327924	0.5	FGA	2039-10-01
2040-03-15	south	15								0.5796081	0.9978414	0.5	0.990367	0.5	0.9249332	0.5	FGA	2039-10-01
2040-03-16	south	15								0.54708374	0.99760604	0.5	0.989248	0.5	0.9160177	0.5	FGA	2039-10-01
2040-03-17	south	15								0.51415247	0.9973451	0.5	0.9880004	0.5	0.9059774	0.5	FGA	2039-10-01
2040-03-18	south	15								0.5	0.99705577	0.5	0.98661005	0.5	0.8945013	0.5	FGA	2039-10-01
2040-03-19	south	15								0.5	0.996735	0.5	0.98500925	0.5	0.8818058	0.5	FGA	2039-10-01
2040-03-20	south	15								0.5	0.99637944	0.5	0.9831982	0.5	0.8679805	0.5	FGA	2039-10-01
2040-03-21	south	15								0.5	0.99598527	0.5	0.9812272	0.5	0.8542528	0.5	FGA	2039-10-01
2040-03-22	south	15								0.5	0.9955484	0.5	0.9791628	0.5	0.8392786	0.5	FGA	2039-10-01
2040-03-23	south	15								0.5	0.99506426	0.5	0.97687674	0.5	0.82308245	0.5	FGA	2039-10-01
2040-03-24	south	15								0.5	0.9945277	0.5	0.9743442	0.5	0.80528134	0.5	FGA	2039-10-01
2040-03-25	south	15								0.5	0.9939332	0.5	0.97144634	0.5	0.7855624	0.5	FGA	2039-10-01
2040-03-26	south	15								0.5	0.99327457	0.5	0.9682318	0.5	0.76428545	0.5	FGA	2039-10-01
2040-03-27	south	15								0.5	0.992545	0.5	0.96466845	0.5	0.7415917	0.5	FGA	2039-10-01
2040-03-28	south	15								0.5	0.9917369	0.5	0.96072155	0.5	0.71750903	0.5	FGA	2039-10-01
2040-03-29	south	15								0.5	0.99084204	0.5	0.9563537	0.5	0.6919365	0.5	FGA	2039-10-01
2040-03-30	south	15								0.5	0.98985124	0.5	0.95152456	0.5	0.6651294	0.5	FGA	2039-10-01
2040-03-31	south	15								0.5	0.9887544	0.5	0.94619113	0.5	0.6372125	0.5	FGA	2039-10-01
2040-04-01	south	15								0.5	0.98754054	0.5	0.9402722	0.5	0.60902363	0.5	FGA	2039-10-01
2040-04-02	south	15								0.5	0.9861975	0.5	0.93370295	0.5	0.58058167	0.5	FGA	2039-10-01
2040-04-03	south	15								0.5	0.98471195	0.5	0.926467	0.5	0.5509096	0.5	FGA	2039-10-01
2040-04-04	south	15								0.5	0.9830692	0.5	0.9185099	0.5	0.52061516	0.5	FGA	2039-10-01
2040-04-05	south	15								0.5	0.9812533	0.5	0.9092147	0.5	0.5	0.5	FGA	2039-10-01
2040-04-06	south	15								0.5	0.9792468	0.5	0.8989089	0.5	0.5	0.5	FGA	2039-10-01
2040-04-07	south	15								0.5	0.9770305	0.5	0.88757724	0.5	0.5	0.5	FGA	2039-10-01
2040-04-08	south	15								0.5	0.9745837	0.5	0.8751513	0.5	0.5	0.5	FGA	2039-10-01
2040-04-09	south	15								0.5	0.9718837	0.5	0.86156553	0.5	0.5	0.5	FGA	2039-10-01
2040-04-10	south	15								0.5	0.9689061	0.5	0.8467599	0.5	0.5	0.5	FGA	2039-10-01
2040-04-11	south	15								0.5	0.9656242	0.5	0.8306817	0.5	0.5	0.5	FGA	2039-10-01
2040-04-12	south	15								0.5	0.9620096	0.5	0.81328833	0.5	0.5	0.5	FGA	2039-10-01
2040-04-13	south	15								0.5	0.9580315	0.5	0.79455006	0.5	0.5	0.5	FGA	2039-10-01
2040-04-14	south	15								0.5	0.9536859	0.5	0.7744531	0.5	0.5	0.5	FGA	2039-10-01
2040-04-15	south	15								0.5	0.9489871	0.5	0.7530018	0.5	0.5	0.5	FGA	2039-10-01
2040-04-16	south	15								0.5	0.94383955	0.5	0.730222	0.5	0.5	0.5	FGA	2039-10-01
2040-04-17	south	15								0.5	0.93820614	0.5	0.7061623	0.5	0.5	0.5	FGA	2039-10-01
2040-04-18	south	15								0.5	0.9320482	0.5	0.6813203	0.5	0.5	0.5	FGA	2039-10-01
2040-04-19	south	15								0.5	0.9253251	0.5	0.6570609	0.5	0.5	0.5	FGA	2039-10-01
2040-04-20	south	15								0.5	0.9179951	0.5	0.63195264	0.5	0.5	0.5	FGA	2039-10-01
2040-04-21	south	15								0.5	0.91002893	0.5	0.60609597	0.5	0.5	0.5	FGA	2039-10-01
2040-04-22	south	15								0.5	0.90137404	0.5	0.5795317	0.5	0.5	0.5	FGA	2039-10-01
2040-04-23	south	15								0.5	0.89198524	0.5	0.55249727	0.5	0.5	0.5	FGA	2039-10-01
2040-04-24	south	15								0.5	0.88181955	0.5	0.52514744	0.5	0.5	0.5	FGA	2039-10-01
2040-04-25	south	15								0.5	0.87083536	0.5	0.50209266	0.5	0.5	0.5	FGA	2039-10-01
2040-04-26	south	15								0.5	0.8589933	0.5	0.5	0.5	0.5	0.5	FGA	2039-10-01
2040-04-27	south	15								0.5	0.8462571	0.5	0.5	0.5	0.5	0.5	FGA	2039-10-01
2040-04-28	south	15								0.5	0.8325945	0.5	0.5	0.5	0.5	0.5	FGA	2039-10-01
2040-04-29	south	15								0.5	0.8179788	0.5	0.5	0.5	0.5	0.5	FGA	2039-10-01
2040-04-30	south	15								0.5	0.80239	0.5	0.5	0.5	0.5	0.5	FGA	2039-10-01
2040-05-01	south	15								0.5	0.7858157	0.5	0.5	0.5	0.5	0.5	FGA	2039-10-01
2040-05-02	south	15								0.5	0.76825297	0.5	0.5	0.5	0.5	0.5	FGA	2039-10-01
2040-05-03	south	15								0.5	0.7497091	0.5	0.5	0.5	0.5	0.5	FGA	2039-10-01
2040-05-04	south	15								0.5	0.73020303	0.5	0.5	0.5	0.5	0.5	FGA	2039-10-01
2040-05-05	south	15								0.5	0.70976585	0.5	0.5	0.5	0.5	0.5	FGA	2039-10-01
2040-05-06	south	15								0.5	0.68844193	0.5	0.5	0.5	0.5	0.5	FGA	2039-10-01
2040-05-07	south	15								0.5	0.66628885	0.5	0.5	0.5	0.5	0.5	FGA	2039-10-01
2040-05-08	south	15								0.5	0.6433778	0.5	0.5	0.5	0.5	0.5	FGA	2039-10-01
2040-05-09	south	15								0.5	0.6197927	0.5	0.5	0.5	0.5	0.5	FGA	2039-10-01
2040-05-10	south	15								0.5	0.59562975	0.5	0.5	0.5	0.5	0.5	FGA	2039-10-01
2040-05-11	south	15								0.5	0.5709958	0.5	0.5	0.5	0.5	0.5	FGA	2039-10-01
2040-05-12	south	15								0.5	0.545763	0.5	0.5	0.5	0.5	0.5	FGA	2039-10-01
2040-05-13	south	15								0.5	0.5195976	0.5	0.5	0.5	0.5	0.5	FGA	2039-10-01
2040-05-14	south	15								0.5	0.50116545	0.5	0.5	0.5	0.5	0.5	FGA	2039-10-01
2040-05-15	south	15								0.5	0.5	0.5	0.5	0.5	0.5	0.5	FGA	2039-10-01
2040-05-16	south	15								0.5	0.5	0.5	0.5	0.5	0.5	0.5	FGA	2039-10-01
2040-05-17	south	15								0.5	0.5	0.5	0.5	0.5	0.5	0.5	FGA	2039-10-01
2040-05-18	south	15								0.5	0.5	0.5	0.5	0.5	0.5	0.5	FGA	2039-10-01
2040-05-19	south	15								0.5	0.5	0.5	0.5	0.5	0.5	0.5	FGA	2039-10-01
2040-05-20	south	15								0.5	0.5	0.5	0.5	0.5	0.5	0.5	FGA	2039-10-01
2040-05-21	south	15								0.5	0.5	0.5	0.5	0.5	0.5	0.5	FGA	2039-10-01
2040-05-22	south	15								0.5	0.5	0.5	0.5	0.5	0.5	0.5	FGA	2039-10-01
2040-05-23	south	15								0.5	0.5	0.5	0.5	0.5	0.5	0.5	FGA	2039-10-01
2040-05-24	south	15								0.5	0.5	0.5	0.5	0.5	0.5	0.5	FGA	2039-10-01
2040-05-25	south	15								0.5	0.5	0.5	0.5	0.5	0.5	0.5	FGA	2039-10-01
2040-05-26	south	15								0.5	0.5	0.5	0.5	0.5	0.5	0.5	FGA	2039-10-01
2040-05-27	south	15								0.5	0.5	0.5	0.5	0.5	0.5	0.5	FGA	2039-10-01
2040-05-28	south	15								0.5	0.5	0.5	0.5	0.5	0.5	0.5	FGA	2039-10-01
2040-05-29	south	15								0.5	0.5	0.5	0.5	0.5	0.5	0.5	FGA	2039-10-01
2040-05-30	south	15								0.5	0.5	0.5	0.5	0.5	0.5	0.5	FGA	2039-10-01
2040-05-31	south	15								0.5	0.5	0.5	0.5	0.5	0.5	0.5	FGA	2039-10-01
2040-06-01	south	15								0.5	0.5	0.5	0.5	0.5	0.5	0.5	FGA	2039-10-01
2040-06-02	south	15								0.5	0.5	0.5	0.5	0.5	0.5	0.5	FGA	2039-10-01
2040-06-03	south	15								0.5	0.5	0.5	0.5	0.5	0.5	0.5	FGA	2039-10-01
2040-06-04	south	15								0.5	0.5	0.5	0.5	0.5	0.5	0.5	FGA	2039-10-01
2040-06-05	south	15								0.5	0.5	0.5	0.5	0.5	0.5	0.5	FGA	2039-10-01
2040-06-06	south	15								0.5	0.5	0.5	0.5	0.5	0.5	0.5	FGA	2039-10-01
2040-06-07	south	15								0.5	0.5	0.5	0.5	0.5	0.5	0.5	FGA	2039-10-01
2040-06-08	south	15								0.5	0.5	0.5	0.5	0.5	0.5	0.5	FGA	2039-10-01
2040-06-09	south	15								0.5	0.5	0.5	0.5	0.5	0.5	0.5	FGA	2039-10-01
2040-06-10	south	15								0.5	0.5	0.5	0.5	0.5	0.5	0.5	FGA	2039-10-01
2040-06-11	south	15								0.5	0.5	0.5	0.5	0.5	0.5	0.5	FGA	2039-10-01
2040-06-12	south	15								0.5	0.5	0.5	0.5	0.5	0.5	0.5	FGA	2039-10-01
2040-06-13	south	15								0.5	0.5	0.5	0.5	0.5	0.5	0.5	FGA	2039-10-01
2040-06-14	south	15								0.5	0.5	0.5	0.5	0.5	0.5	0.5	FGA	2039-10-01
2040-06-15	south	15								0.5	0.5	0.5	0.5	0.5	0.5	0.5	FGA	2039-10-01
2040-06-16	south	15								0.5	0.5	0.5	0.5	0.5	0.5	0.5	FGA	2039-10-01
2040-06-17	south	15								0.5	0.5	0.5	0.5	0.5	0.5	0.5	FGA	2039-10-01
2040-06-18	south	15								0.5	0.5	0.5	0.5	0.5	0.5	0.5	FGA	2039-10-01
2040-06-19	south	15								0.5	0.5	0.5	0.5	0.5	0.5	0.5	FGA	2039-10-01
2040-06-20	south	15								0.5	0.5	0.5	0.5	0.5	0.5	0.5	FGA	2039-10-01
2040-06-21	south	15								0.5	0.5	0.5	0.5	0.5	0.5	0.5	FGA	2039-10-01
2040-06-22	south	15								0.5	0.5	0.5	0.5	0.5	0.5	0.5	FGA	2039-10-01
2040-06-23	south	15								0.5	0.5	0.5	0.5	0.5	0.5	0.5	FGA	2039-10-01
2040-06-24	south	15								0.5	0.5	0.5	0.5	0.5	0.5	0.5	FGA	2039-10-01
2040-06-25	south	15								0.5	0.5	0.5	0.5	0.5	0.5	0.5	FGA	2039-10-01
2040-06-26	south	15								0.5	0.5	0.5	0.5	0.5	0.5	0.5	FGA	2039-10-01
2040-06-27	south	15								0.5	0.5	0.5	0.5	0.5	0.5	0.5	FGA	2039-10-01
2040-06-28	south	15								0.5	0.5	0.5	0.5	0.5	0.5	0.5	FGA	2039-10-01
2040-06-29	south	15								0.5	0.5	0.5	0.5	0.5	0.5	0.5	FGA	2039-10-01
2040-06-30	south	15								0.5	0.5	0.5	0.5	0.5	0.5	0.5	FGA	2039-10-01
2040-07-01	south	15								0.5	0.5	0.5	0.5	0.5	0.5	0.5	FGA	2039-10-01
2040-07-02	south	15								0.5	0.5	0.5	0.5	0.5	0.5	0.5	FGA	2039-10-01
2040-07-03	south	15								0.5	0.5	0.5	0.5	0.5	0.5	0.5	FGA	2039-10-01
2040-07-04	south	15								0.5	0.5	0.5	0.5	0.5	0.5	0.5	FGA	2039-10-01
2040-07-05	south	15								0.5	0.5	0.5	0.5	0.5	0.5	0.5	FGA	2039-10-01
2040-07-06	south	15								0.5	0.5	0.5	0.5	0.5	0.5	0.5	FGA	2039-10-01
2040-07-07	south	15								0.5	0.5	0.5	0.5	0.5	0.5	0.5	FGA	2039-10-01
2040-07-08	south	15								0.5	0.5	0.5	0.5	0.5	0.5	0.5	FGA	2039-10-01
2040-07-09	south	15								0.5	0.5	0.5	0.5	0.5	0.5	0.5	FGA	2039-10-01
2040-07-10	south	15								0.5	0.5	0.5	0.5	0.5	0.5	0.5	FGA	2039-10-01
2040-07-11	south	15								0.5	0.5	0.5	0.5	0.5	0.5	0.5	FGA	2039-10-01
2040-07-12	south	15								0.5	0.5	0.5	0.5	0.5	0.5	0.5	FGA	2039-10-01
2040-07-13	south	15								0.5	0.5	0.5	0.5	0.5	0.5	0.5	FGA	2039-10-01
2040-07-14	south	15								0.5	0.5	0.5	0.5	0.5	0.5	0.5	FGA	2039-10-01
2040-07-15	south	15								0.5	0.5	0.5	0.5	0.5	0.5	0.5	FGA	2039-10-01
2040-07-16	south	15								0.5	0.5	0.5	0.5	0.5	0.5	0.5	FGA	2039-10-01
2040-07-17	south	15								0.5	0.5	0.5	0.5	0.5	0.5	0.5	FGA	2039-10-01
2040-07-18	south	15								0.5	0.5	0.5	0.5	0.5	0.5	0.5	FGA	2039-10-01
2040-07-19	south	15								0.5	0.5	0.5	0.5	0.5	0.5	0.5	FGA	2039-10-01
2040-07-20	south	15								0.5	0.5	0.5	0.5	0.5	0.5	0.5	FGA	2039-10-01
2040-07-21	south	15								0.5	0.5	0.5	0.5	0.5	0.5	0.5	FGA	2039-10-01
2040-07-22	south	15								0.5	0.5	0.5	0.5	0.5	0.5	0.5	FGA	2039-10-01
2040-07-23	south	15								0.5	0.5	0.5	0.5	0.5	0.5	0.5	FGA	2039-10-01
2040-07-24	south	15								0.5	0.5	0.5	0.5	0.5	0.5	0.5	FGA	2039-10-01
2040-07-25	south	15								0.5	0.5	0.5	0.5	0.5	0.5	0.5	FGA	2039-10-01
2040-07-26	south	15								0.5	0.5	0.5	0.5	0.5	0.5	0.5	FGA	2039-10-01
2040-07-27	south	15								0.5	0.5	0.5	0.5	0.5	0.5	0.5	FGA	2039-10-01
2040-07-28	south	15								0.5	0.5	0.5	0.5	0.5	0.5	0.5	FGA	2039-10-01
2040-07-29	south	15								0.5	0.5	0.5	0.5	0.5	0.5	0.5	FGA	2039-10-01
2040-07-30	south	15								0.5	0.5	0.5	0.5	0.5	0.5	0.5	FGA	2039-10-01
2040-07-31	south	15								0.5	0.5	0.5	0.5	0.5	0.5	0.5	FGA	2039-10-01
2040-08-01	south	15								0.5	0.5	0.5	0.5	0.5	0.5	0.5	FGA	2039-10-01
2040-08-02	south	15								0.5	0.5	0.5	0.5	0.5	0.5	0.5	FGA	2039-10-01
2040-08-03	south	15								0.5	0.5	0.5	0.5	0.5	0.5	0.5	FGA	2039-10-01
2040-08-04	south	15								0.5	0.5	0.5	0.5	0.5	0.5	0.5	FGA	2039-10-01
2040-08-05	south	15								0.5	0.5	0.5	0.5	0.5	0.5	0.5	FGA	2039-10-01
2040-08-06	south	15								0.5	0.5	0.5	0.5	0.5	0.5	0.5	FGA	2039-10-01
2040-08-07	south	15								0.5	0.5	0.5	0.5	0.5	0.5	0.5	FGA	2039-10-01
2040-08-08	south	15								0.5	0.5	0.5	0.5	0.5	0.5	0.5	FGA	2039-10-01
2040-08-09	south	15								0.5	0.5	0.5	0.5	0.5	0.5	0.5	FGA	2039-10-01
2040-08-10	south	15								0.5	0.5	0.5	0.5	0.5	0.5	0.5	FGA	2039-10-01
2040-08-11	south	15								0.5	0.5	0.5	0.5	0.5	0.5	0.5	FGA	2039-10-01
2040-08-12	south	15								0.5	0.5	0.5	0.5	0.5	0.5	0.5	FGA	2039-10-01
2040-08-13	south	15								0.5	0.5	0.5	0.5	0.5	0.5	0.5	FGA	2039-10-01
2040-08-14	south	15								0.5	0.5	0.5	0.5	0.5	0.5	0.5	FGA	2039-10-01
2040-08-15	south	15								0.5	0.5	0.5	0.5	0.5	0.5	0.5	FGA	2039-10-01
2040-08-16	south	15								0.5	0.5	0.5	0.5	0.5	0.5	0.5	FGA	2039-10-01
2040-08-17	south	15								0.5	0.5	0.5	0.5	0.5	0.5	0.5	FGA	2039-10-01
2040-08-18	south	15								0.5	0.5	0.5	0.5	0.5	0.5	0.5	FGA	2039-10-01
2040-08-19	south	15								0.5	0.5	0.5	0.5	0.5	0.5	0.5	FGA	2039-10-01
2040-08-20	south	15								0.5	0.5	0.5	0.5	0.5	0.5	0.5	FGA	2039-10-01
2040-08-21	south	15								0.5	0.5	0.5	0.5	0.5	0.5	0.5	FGA	2039-10-01
2040-08-22	south	15								0.5	0.5	0.5	0.5	0.5	0.5	0.5	FGA	2039-10-01
2040-08-23	south	15								0.5	0.5	0.5	0.5	0.5	0.5	0.5	FGA	2039-10-01
2040-08-24	south	15								0.5	0.5	0.5	0.5	0.5	0.5	0.5	FGA	2039-10-01
2040-08-25	south	15								0.5	0.5	0.5	0.5	0.5	0.5	0.5	FGA	2039-10-01
2040-08-26	south	15								0.5	0.5	0.5	0.5	0.5	0.5	0.5	FGA	2039-10-01
2040-08-27	south	15								0.5	0.5	0.5	0.5	0.5	0.5	0.5	FGA	2039-10-01
2040-08-28	south	15								0.5	0.5	0.5	0.5	0.5	0.5	0.5	FGA	2039-10-01
2040-08-29	south	15								0.5	0.5	0.5	0.5	0.5	0.5	0.5	FGA	2039-10-01
2040-08-30	south	15								0.5	0.5	0.5	0.5	0.5	0.5	0.5	FGA	2039-10-01
2040-08-31	south	15								0.5	0.5	0.5	0.5	0.5	0.5	0.5	FGA	2039-10-01
2040-09-01	south	15								0.5	0.5	0.5	0.5	0.5	0.5	0.5	FGA	2039-10-01
2040-09-02	south	15								0.5	0.5	0.5	0.5	0.5	0.5	0.5	FGA	2039-10-01
2040-09-03	south	15								0.5	0.5	0.5	0.5	0.5	0.5	0.5	FGA	2039-10-01
2040-09-04	south	15								0.5	0.5	0.5	0.5	0.5	0.5	0.5	FGA	2039-10-01
2040-09-05	south	15								0.5	0.5	0.5	0.5	0.5	0.5	0.5	FGA	2039-10-01
2040-09-06	south	15								0.5	0.5	0.5	0.5	0.5	0.5	0.5	FGA	2039-10-01
2040-09-07	south	15								0.5	0.5	0.5	0.5	0.5	0.5	0.5	FGA	2039-10-01
2040-09-08	south	15								0.5	0.5	0.5	0.5	0.5	0.5	0.5	FGA	2039-10-01
2040-09-09	south	15								0.5	0.5	0.5	0.5	0.5	0.5	0.5	FGA	2039-10-01
2040-09-10	south	15								0.5	0.5	0.5	0.5	0.5	0.5	0.5	FGA	2039-10-01
2040-09-11	south	15								0.5	0.5	0.5	0.5	0.5	0.5	0.5	FGA	2039-10-01
2040-09-12	south	15								0.5	0.5	0.5	0.5	0.5	0.5	0.5	FGA	2039-10-01
2040-09-13	south	15								0.5	0.5	0.5	0.5	0.5	0.5	0.5	FGA	2039-10-01
2040-09-14	south	15								0.5	0.5	0.5	0.5	0.5	0.5	0.5	FGA	2039-10-01
2040-09-15	south	15								0.5	0.5	0.5	0.5	0.5	0.5	0.5	FGA	2039-10-01
2040-09-16	south	15								0.5	0.5	0.5	0.5	0.5	0.5	0.5	FGA	2039-10-01
2040-09-17	south	15								0.5	0.5	0.5	0.5	0.5	0.5	0.5	FGA	2039-10-01
2040-09-18	south	15								0.5	0.5	0.5	0.5	0.5	0.5	0.5	FGA	2039-10-01
2040-09-19	south	15								0.5	0.5	0.5	0.5	0.5	0.5	0.5	FGA	2039-10-01
2040-09-20	south	15								0.5	0.5	0.5	0.5	0.5	0.5	0.5	FGA	2039-10-01
2040-09-21	south	15								0.5	0.5	0.5	0.5	0.5	0.5	0.5	FGA	2039-10-01
2040-09-22	south	15								0.5	0.5	0.5	0.5	0.5	0.5	0.5	FGA	2039-10-01
2040-09-23	south	15								0.5	0.5	0.5	0.5	0.5	0.5	0.5	FGA	2039-10-01
2040-09-24	south	15								0.5	0.5	0.5	0.5	0.5	0.5	0.5	FGA	2039-10-01
2040-09-25	south	15								0.5	0.5	0.5	0.5	0.5	0.5	0.5	FGA	2039-10-01
2040-09-26	south	15								0.5	0.5	0.5	0.5	0.5	0.5	0.5	FGA	2039-10-01
2040-09-27	south	15								0.5	0.5	0.5	0.5	0.5	0.5	0.5	FGA	2039-10-01
