date	location	variant	median_R	R_upper_95	R_lower_95	R_upper_80	R_lower_80	R_upper_50	R_lower_50	date	location	variant	median_R	R_upper_95	R_lower_95	R_upper_80	R_lower_80	R_upper_50	R_lower_50	date	location	variant	median_r	r_upper_95	r_lower_95	r_upper_80	r_lower_80	r_upper_50	r_lower_50	date	location	variant	median_r	r_upper_95	r_lower_95	r_upper_80	r_lower_80	r_upper_50	r_lower_50	model	analysis_date
2035-04-03	tropics	0	1.021918	1.0293156	1.0145735	1.0268004	1.0170063	1.0243353	1.0194287	2035-04-03	tropics	0	1.021918	1.0293156	1.0145735	1.0268004	1.0170063	1.0243353	1.0194287	2035-04-03	tropics	0	nan	nan	nan	nan	nan	nan	nan	2035-04-03	tropics	0	nan	nan	nan	nan	nan	nan	nan	GARW	2036-04-01
2035-04-04	tropics	0	1.0220301	1.0293404	1.0147212	1.0268385	1.0171893	1.0245264	1.01963	2035-04-04	tropics	0	1.0220301	1.0293404	1.0147212	1.0268385	1.0171893	1.0245264	1.01963	2035-04-04	tropics	0	0.111392796	0.111518234	0.111268274	0.11147555	0.11130951	0.111433804	0.111350656	2035-04-04	tropics	0	0.111392796	0.111518234	0.111268274	0.11147555	0.11130951	0.111433804	0.111350656	GARW	2036-04-01
2035-04-05	tropics	0	1.0221927	1.0295911	1.0148692	1.026855	1.0173899	1.024588	1.0196943	2035-04-05	tropics	0	1.0221927	1.0295911	1.0148692	1.026855	1.0173899	1.024588	1.0196943	2035-04-05	tropics	0	0.10520363	0.10696597	0.10345125	0.10636623	0.104033194	0.10578647	0.104610026	2035-04-05	tropics	0	0.10520363	0.10696597	0.10345125	0.10636623	0.104033194	0.10578647	0.104610026	GARW	2036-04-01
2035-04-06	tropics	0	1.0223343	1.0297996	1.0149716	1.0269513	1.0174426	1.0246785	1.0197945	2035-04-06	tropics	0	1.0223343	1.0297996	1.0149716	1.0269513	1.0174426	1.0246785	1.0197945	2035-04-06	tropics	0	0.09550178	0.09750637	0.09348536	0.09682143	0.09417097	0.09618789	0.09484151	2035-04-06	tropics	0	0.09550178	0.09750637	0.09348536	0.09682143	0.09417097	0.09618789	0.09484151	GARW	2036-04-01
2035-04-07	tropics	0	1.0224342	1.0299989	1.0150881	1.0272437	1.0174556	1.0248355	1.0199142	2035-04-07	tropics	0	1.0224342	1.0299989	1.0150881	1.0272437	1.0174556	1.0248355	1.0199142	2035-04-07	tropics	0	0.08537161	0.08647248	0.08428868	0.08607346	0.084641196	0.08572298	0.08499926	2035-04-07	tropics	0	0.08537161	0.08647248	0.08428868	0.08607346	0.084641196	0.08572298	0.08499926	GARW	2036-04-01
2035-04-08	tropics	0	1.0225657	1.0301906	1.0151848	1.0273143	1.0175723	1.0248654	1.0200225	2035-04-08	tropics	0	1.0225657	1.0301906	1.0151848	1.0273143	1.0175723	1.0248654	1.0200225	2035-04-08	tropics	0	0.07944256	0.08048982	0.07842921	0.0801057	0.078764394	0.07975826	0.0790939	2035-04-08	tropics	0	0.07944256	0.08048982	0.07842921	0.0801057	0.078764394	0.07975826	0.0790939	GARW	2036-04-01
2035-04-09	tropics	0	1.022703	1.0303656	1.0153112	1.0275359	1.017767	1.0250087	1.0201862	2035-04-09	tropics	0	1.022703	1.0303656	1.0153112	1.0275359	1.017767	1.0250087	1.0201862	2035-04-09	tropics	0	0.069361985	0.07071014	0.06805786	0.070207745	0.06848137	0.069765985	0.06891525	2035-04-09	tropics	0	0.069361985	0.07071014	0.06805786	0.070207745	0.06848137	0.069765985	0.06891525	GARW	2036-04-01
2035-04-10	tropics	0	1.0227757	1.0305259	1.0153785	1.0277022	1.0178314	1.0250139	1.0202919	2035-04-10	tropics	0	1.0227757	1.0305259	1.0153785	1.0277022	1.0178314	1.0250139	1.0202919	2035-04-10	tropics	0	-0.012169778	-0.010129115	-0.01415273	-0.010891676	-0.013508106	-0.011555314	-0.012850821	2035-04-10	tropics	0	-0.012169778	-0.010129115	-0.01415273	-0.010891676	-0.013508106	-0.011555314	-0.012850821	GARW	2036-04-01
2035-04-11	tropics	0	1.0228512	1.0307025	1.0155869	1.0277559	1.0177689	1.025217	1.0204043	2035-04-11	tropics	0	1.0228512	1.0307025	1.0155869	1.0277559	1.0177689	1.025217	1.0204043	2035-04-11	tropics	0	-0.033465683	-0.03107507	-0.035790537	-0.031952895	-0.035017513	-0.032741725	-0.03425491	2035-04-11	tropics	0	-0.033465683	-0.03107507	-0.035790537	-0.031952895	-0.035017513	-0.032741725	-0.03425491	GARW	2036-04-01
2035-04-12	tropics	0	1.022903	1.0308744	1.0155859	1.0278178	1.0177588	1.0254052	1.0205097	2035-04-12	tropics	0	1.022903	1.0308744	1.0155859	1.0278178	1.0177588	1.0254052	1.0205097	2035-04-12	tropics	0	0.018477201	0.020419111	0.016669476	0.01969074	0.01721413	0.019071043	0.017872542	2035-04-12	tropics	0	0.018477201	0.020419111	0.016669476	0.01969074	0.01721413	0.019071043	0.017872542	GARW	2036-04-01
2035-04-13	tropics	0	1.022955	1.030999	1.0156842	1.0279306	1.0177466	1.0255724	1.0205808	2035-04-13	tropics	0	1.022955	1.030999	1.0156842	1.0279306	1.0177466	1.0255724	1.0205808	2035-04-13	tropics	0	0.020376205	0.02221064	0.018685084	0.021509146	0.019186163	0.020955414	0.019824088	2035-04-13	tropics	0	0.020376205	0.02221064	0.018685084	0.021509146	0.019186163	0.020955414	0.019824088	GARW	2036-04-01
2035-04-14	tropics	0	1.0230467	1.0311161	1.0158168	1.0280243	1.0177425	1.0257564	1.0206962	2035-04-14	tropics	0	1.0230467	1.0311161	1.0158168	1.0280243	1.0177425	1.0257564	1.0206962	2035-04-14	tropics	0	0.0008843541	0.0029268095	-0.0009901226	0.002141249	-0.00044248102	0.0015347004	0.00027388334	2035-04-14	tropics	0	0.0008843541	0.0029268095	-0.0009901226	0.002141249	-0.00044248102	0.0015347004	0.00027388334	GARW	2036-04-01
2035-04-15	tropics	0	1.0231218	1.0312917	1.0158881	1.028152	1.0178175	1.0258942	1.020791	2035-04-15	tropics	0	1.0231218	1.0312917	1.0158881	1.028152	1.0178175	1.0258942	1.020791	2035-04-15	tropics	0	0.0003118515	0.002441359	-0.0016209423	0.0016440749	-0.001085639	0.0010163188	-0.00031599402	2035-04-15	tropics	0	0.0003118515	0.002441359	-0.0016209423	0.0016440749	-0.001085639	0.0010163188	-0.00031599402	GARW	2036-04-01
2035-04-16	tropics	0	1.0231875	1.0313967	1.0159323	1.0283242	1.0179013	1.0259607	1.0208359	2035-04-16	tropics	0	1.0231875	1.0313967	1.0159323	1.0283242	1.0179013	1.0259607	1.0208359	2035-04-16	tropics	0	0.008052409	0.010131562	0.006204325	0.009329021	0.0066943406	0.008762509	0.007458985	2035-04-16	tropics	0	0.008052409	0.010131562	0.006204325	0.009329021	0.0066943406	0.008762509	0.007458985	GARW	2036-04-01
2035-04-17	tropics	0	1.0232565	1.0314978	1.0159569	1.028463	1.0179957	1.0261192	1.0208933	2035-04-17	tropics	0	1.0232565	1.0314978	1.0159569	1.028463	1.0179957	1.0261192	1.0208933	2035-04-17	tropics	0	0.00812453	0.010170469	0.0063038943	0.009402239	0.00679729	0.008814156	0.0075383186	2035-04-17	tropics	0	0.00812453	0.010170469	0.0063038943	0.009402239	0.00679729	0.008814156	0.0075383186	GARW	2036-04-01
2035-04-18	tropics	0	1.0233386	1.0316226	1.0159509	1.0286182	1.0180807	1.0262029	1.0209769	2035-04-18	tropics	0	1.0233386	1.0316226	1.0159509	1.0286182	1.0180807	1.0262029	1.0209769	2035-04-18	tropics	0	0.0051167607	0.00720526	0.0032603324	0.0064348457	0.0037766935	0.0058360696	0.0045134425	2035-04-18	tropics	0	0.0051167607	0.00720526	0.0032603324	0.0064348457	0.0037766935	0.0058360696	0.0045134425	GARW	2036-04-01
2035-04-19	tropics	0	1.0234196	1.031752	1.0159843	1.0288007	1.0181084	1.026317	1.0209608	2035-04-19	tropics	0	1.0234196	1.031752	1.0159843	1.0288007	1.0181084	1.026317	1.0209608	2035-04-19	tropics	0	0.005170226	0.0072840755	0.0032736182	0.006508994	0.0038134337	0.0059058666	0.00456059	2035-04-19	tropics	0	0.005170226	0.0072840755	0.0032736182	0.006508994	0.0038134337	0.0059058666	0.00456059	GARW	2036-04-01
2035-04-20	tropics	0	1.0235063	1.0318965	1.0160289	1.028949	1.0181409	1.0264213	1.021044	2035-04-20	tropics	0	1.0235063	1.0318965	1.0160289	1.028949	1.0181409	1.0264213	1.021044	2035-04-20	tropics	0	0.0063802004	0.0084947115	0.0044784844	0.007741511	0.0050271032	0.0071149766	0.005757451	2035-04-20	tropics	0	0.0063802004	0.0084947115	0.0044784844	0.007741511	0.0050271032	0.0071149766	0.005757451	GARW	2036-04-01
2035-04-21	tropics	0	1.0235753	1.0320219	1.0160785	1.0290385	1.0181618	1.026516	1.0211563	2035-04-21	tropics	0	1.0235753	1.0320219	1.0160785	1.0290385	1.0181618	1.026516	1.0211563	2035-04-21	tropics	0	0.006362915	0.008484662	0.0044630948	0.00774039	0.0050055506	0.0071054995	0.0057379603	2035-04-21	tropics	0	0.006362915	0.008484662	0.0044630948	0.00774039	0.0050055506	0.0071054995	0.0057379603	GARW	2036-04-01
2035-04-22	tropics	0	1.0236993	1.0321269	1.016112	1.0291727	1.018198	1.0266135	1.0212042	2035-04-22	tropics	0	1.0236993	1.0321269	1.016112	1.0291727	1.018198	1.0266135	1.0212042	2035-04-22	tropics	0	0.0059177876	0.008057845	0.0040039895	0.007302522	0.004540515	0.006661564	0.005298376	2035-04-22	tropics	0	0.0059177876	0.008057845	0.0040039895	0.007302522	0.004540515	0.006661564	0.005298376	GARW	2036-04-01
2035-04-23	tropics	0	1.0237985	1.0322282	1.0161484	1.0292891	1.0182945	1.0267261	1.0212591	2035-04-23	tropics	0	1.0237985	1.0322282	1.0161484	1.0292891	1.0182945	1.0267261	1.0212591	2035-04-23	tropics	0	0.0059672594	0.008111805	0.0040328144	0.0073607443	0.004566431	0.006713629	0.005337715	2035-04-23	tropics	0	0.0059672594	0.008111805	0.0040328144	0.0073607443	0.004566431	0.006713629	0.005337715	GARW	2036-04-01
2035-04-24	tropics	0	1.0238343	1.0323193	1.0161625	1.0293243	1.0184251	1.0268424	1.0213568	2035-04-24	tropics	0	1.0238343	1.0323193	1.0161625	1.0293243	1.0184251	1.0268424	1.0213568	2035-04-24	tropics	0	0.006180823	0.008317632	0.0042271316	0.0075740335	0.0047704456	0.006921947	0.005533457	2035-04-24	tropics	0	0.006180823	0.008317632	0.0042271316	0.0075740335	0.0047704456	0.006921947	0.005533457	GARW	2036-04-01
2035-04-25	tropics	0	1.0238359	1.0324122	1.0161327	1.0293611	1.0185628	1.0269508	1.021405	2035-04-25	tropics	0	1.0238359	1.0324122	1.0161327	1.0293611	1.0185628	1.0269508	1.021405	2035-04-25	tropics	0	0.0061786175	0.008329282	0.004226446	0.0075756544	0.0047896863	0.0069360733	0.0055423975	2035-04-25	tropics	0	0.0061786175	0.008329282	0.004226446	0.0075756544	0.0047896863	0.0069360733	0.0055423975	GARW	2036-04-01
2035-04-26	tropics	0	1.0238822	1.0324752	1.0161502	1.0294781	1.0185609	1.0270191	1.0214686	2035-04-26	tropics	0	1.0238822	1.0324752	1.0161502	1.0294781	1.0185609	1.0270191	1.0214686	2035-04-26	tropics	0	0.006114602	0.0082820775	0.004145992	0.007510566	0.0047522783	0.006898463	0.005492091	2035-04-26	tropics	0	0.006114602	0.0082820775	0.004145992	0.007510566	0.0047522783	0.006898463	0.005492091	GARW	2036-04-01
2035-04-27	tropics	0	1.0239482	1.0325215	1.0161347	1.0295862	1.0186486	1.0270953	1.0215156	2035-04-27	tropics	0	1.0239482	1.0325215	1.0161347	1.0295862	1.0186486	1.0270953	1.0215156	2035-04-27	tropics	0	0.006125331	0.00830499	0.004152709	0.0075428835	0.004768729	0.0069224536	0.005511284	2035-04-27	tropics	0	0.006125331	0.00830499	0.004152709	0.0075428835	0.004768729	0.0069224536	0.005511284	GARW	2036-04-01
2035-04-28	tropics	0	1.0239952	1.0325266	1.0161551	1.0296346	1.018739	1.027184	1.0216231	2035-04-28	tropics	0	1.0239952	1.0325266	1.0161551	1.0296346	1.018739	1.027184	1.0216231	2035-04-28	tropics	0	0.006170273	0.008347634	0.0041803	0.007598972	0.004813695	0.0069646835	0.005549431	2035-04-28	tropics	0	0.006170273	0.008347634	0.0041803	0.007598972	0.004813695	0.0069646835	0.005549431	GARW	2036-04-01
2035-04-29	tropics	0	1.0240321	1.032512	1.0162039	1.0297091	1.0188154	1.0271468	1.0216981	2035-04-29	tropics	0	1.0240321	1.032512	1.0162039	1.0297091	1.0188154	1.0271468	1.0216981	2035-04-29	tropics	0	0.0061798096	0.008349341	0.0041762115	0.007618606	0.004834247	0.0069931746	0.0055704117	2035-04-29	tropics	0	0.0061798096	0.008349341	0.0041762115	0.007618606	0.004834247	0.0069931746	0.0055704117	GARW	2036-04-01
2035-04-30	tropics	0	1.0241231	1.0325168	1.0162523	1.029779	1.0188446	1.0271891	1.0217483	2035-04-30	tropics	0	1.0241231	1.0325168	1.0162523	1.029779	1.0188446	1.0271891	1.0217483	2035-04-30	tropics	0	0.00617826	0.008334104	0.004177523	0.0076144217	0.004846239	0.0069770515	0.005581796	2035-04-30	tropics	0	0.00617826	0.008334104	0.004177523	0.0076144217	0.004846239	0.0069770515	0.005581796	GARW	2036-04-01
2035-05-01	tropics	0	1.0241809	1.0325162	1.0163002	1.0298074	1.0188892	1.0272189	1.0218176	2035-05-01	tropics	0	1.0241809	1.0325162	1.0163002	1.0298074	1.0188892	1.0272189	1.0218176	2035-05-01	tropics	0	0.006199479	0.008337635	0.00419122	0.0076410053	0.004852891	0.006983936	0.005593002	2035-05-01	tropics	0	0.006199479	0.008337635	0.00419122	0.0076410053	0.004852891	0.006983936	0.005593002	GARW	2036-04-01
2035-05-02	tropics	0	1.0242382	1.03259	1.0163469	1.0298711	1.0189767	1.0272555	1.0218819	2035-05-02	tropics	0	1.0242382	1.03259	1.0163469	1.0298711	1.0189767	1.0272555	1.0218819	2035-05-02	tropics	0	0.0062206984	0.008341682	0.004207778	0.0076540466	0.0048775673	0.006996155	0.005618453	2035-05-02	tropics	0	0.0062206984	0.008341682	0.004207778	0.0076540466	0.0048775673	0.006996155	0.005618453	GARW	2036-04-01
2035-05-03	tropics	0	1.024338	1.0326755	1.0163924	1.0298762	1.0190631	1.0272915	1.0219187	2035-05-03	tropics	0	1.024338	1.0326755	1.0163924	1.0298762	1.0190631	1.0272915	1.0219187	2035-05-03	tropics	0	0.006235361	0.0083511565	0.004219633	0.0076706526	0.0048905374	0.0070040524	0.005633116	2035-05-03	tropics	0	0.006235361	0.0083511565	0.004219633	0.0076706526	0.0048905374	0.0070040524	0.005633116	GARW	2036-04-01
2035-05-04	tropics	0	1.0244522	1.0327594	1.0164362	1.0299593	1.0190917	1.0273709	1.0219568	2035-05-04	tropics	0	1.0244522	1.0327594	1.0164362	1.0299593	1.0190917	1.0273709	1.0219568	2035-05-04	tropics	0	0.0062536	0.00837119	0.0042297007	0.0076646325	0.004908943	0.007006794	0.0056462884	2035-05-04	tropics	0	0.0062536	0.00837119	0.0042297007	0.0076646325	0.004908943	0.007006794	0.0056462884	GARW	2036-04-01
2035-05-05	tropics	0	1.0245225	1.0328214	1.0164678	1.0300288	1.0190969	1.0274888	1.021943	2035-05-05	tropics	0	1.0245225	1.0328214	1.0164678	1.0300288	1.0190969	1.0274888	1.021943	2035-05-05	tropics	0	0.0062832832	0.008392848	0.0042414367	0.007681846	0.004924369	0.0070287287	0.0056553483	2035-05-05	tropics	0	0.0062832832	0.008392848	0.0042414367	0.007681846	0.004924369	0.0070287287	0.0056553483	GARW	2036-04-01
2035-05-06	tropics	0	1.0245671	1.0328444	1.0164567	1.030039	1.0190982	1.0274835	1.0220081	2035-05-06	tropics	0	1.0245671	1.0328444	1.0164567	1.030039	1.0190982	1.0274835	1.0220081	2035-05-06	tropics	0	0.006309271	0.008414381	0.0042529465	0.0077084424	0.0049291374	0.007051766	0.0056524873	2035-05-06	tropics	0	0.006309271	0.008414381	0.0042529465	0.0077084424	0.0049291374	0.007051766	0.0056524873	GARW	2036-04-01
2035-05-07	tropics	0	1.024586	1.0329242	1.016512	1.0300457	1.0191984	1.0275366	1.0219954	2035-05-07	tropics	0	1.024586	1.0329242	1.016512	1.0300457	1.0191984	1.0275366	1.0219954	2035-05-07	tropics	0	0.0063188076	0.008419838	0.0042522373	0.00771209	0.004926753	0.0070679784	0.0056717396	2035-05-07	tropics	0	0.0063188076	0.008419838	0.0042522373	0.00771209	0.004926753	0.0070679784	0.0056717396	GARW	2036-04-01
2035-05-08	tropics	0	1.0246065	1.0329976	1.0165907	1.0300506	1.0193207	1.0276029	1.0220687	2035-05-08	tropics	0	1.0246065	1.0329976	1.0165907	1.0300506	1.0193207	1.0276029	1.0220687	2035-05-08	tropics	0	0.0063257217	0.00843588	0.0042575183	0.0077138543	0.004945898	0.007068217	0.005671799	2035-05-08	tropics	0	0.0063257217	0.00843588	0.0042575183	0.0077138543	0.004945898	0.007068217	0.005671799	GARW	2036-04-01
2035-05-09	tropics	0	1.0246217	1.0330689	1.0166239	1.0300899	1.019381	1.027626	1.0221293	2035-05-09	tropics	0	1.0246217	1.0330689	1.0166239	1.0300899	1.019381	1.027626	1.0221293	2035-05-09	tropics	0	0.0063318014	0.008455039	0.004278511	0.007715368	0.0049794437	0.0070916116	0.0056806803	2035-05-09	tropics	0	0.0063318014	0.008455039	0.004278511	0.007715368	0.0049794437	0.0070916116	0.0056806803	GARW	2036-04-01
2035-05-10	tropics	0	1.0247217	1.0331312	1.0166528	1.0301161	1.01944	1.0276266	1.0221705	2035-05-10	tropics	0	1.0247217	1.0331312	1.0166528	1.0301161	1.01944	1.0276266	1.0221705	2035-05-10	tropics	0	0.0063325167	0.008473054	0.0042910576	0.0077233315	0.0049943686	0.0070998073	0.0056995153	2035-05-10	tropics	0	0.0063325167	0.008473054	0.0042910576	0.0077233315	0.0049943686	0.0070998073	0.0056995153	GARW	2036-04-01
2035-05-11	tropics	0	1.0247668	1.0331597	1.0166885	1.0301428	1.0194702	1.0277234	1.0222359	2035-05-11	tropics	0	1.0247668	1.0331597	1.0166885	1.0301428	1.0194702	1.0277234	1.0222359	2035-05-11	tropics	0	0.0063562393	0.008490933	0.004298949	0.0077306386	0.0050098896	0.0070993006	0.0057088137	2035-05-11	tropics	0	0.0063562393	0.008490933	0.004298949	0.0077306386	0.0050098896	0.0070993006	0.0057088137	GARW	2036-04-01
2035-05-12	tropics	0	1.0247681	1.0332328	1.0166997	1.0301805	1.0195159	1.027728	1.0222437	2035-05-12	tropics	0	1.0247681	1.0332328	1.0166997	1.0301805	1.0195159	1.027728	1.0222437	2035-05-12	tropics	0	0.006370127	0.008497606	0.0043062745	0.007733678	0.0050154687	0.0071215034	0.0057246685	2035-05-12	tropics	0	0.006370127	0.008497606	0.0043062745	0.007733678	0.0050154687	0.0071215034	0.0057246685	GARW	2036-04-01
2035-05-13	tropics	0	1.0248132	1.0333025	1.0167246	1.0303005	1.0195142	1.0277548	1.0222272	2035-05-13	tropics	0	1.0248132	1.0333025	1.0167246	1.0303005	1.0195142	1.0277548	1.0222272	2035-05-13	tropics	0	0.0063725114	0.0085141165	0.004311806	0.00774492	0.005033541	0.0071257353	0.0057324767	2035-05-13	tropics	0	0.0063725114	0.0085141165	0.004311806	0.00774492	0.005033541	0.0071257353	0.0057324767	GARW	2036-04-01
2035-05-14	tropics	0	1.024826	1.0333629	1.0167562	1.0302958	1.0195506	1.0277677	1.0222409	2035-05-14	tropics	0	1.024826	1.0333629	1.0167562	1.0302958	1.0195506	1.0277677	1.0222409	2035-05-14	tropics	0	0.0063821673	0.008532081	0.0043171584	0.007769286	0.0050335648	0.00713104	0.0057284236	2035-05-14	tropics	0	0.0063821673	0.008532081	0.0043171584	0.007769286	0.0050335648	0.00713104	0.0057284236	GARW	2036-04-01
2035-05-15	tropics	0	1.0248755	1.033372	1.0167851	1.0302788	1.0196114	1.027806	1.022262	2035-05-15	tropics	0	1.0248755	1.033372	1.0167851	1.0302788	1.0196114	1.027806	1.022262	2035-05-15	tropics	0	0.006387353	0.008549223	0.0043251994	0.0077791214	0.005037737	0.0071359873	0.0057283044	2035-05-15	tropics	0	0.006387353	0.008549223	0.0043251994	0.0077791214	0.005037737	0.0071359873	0.0057283044	GARW	2036-04-01
2035-05-16	tropics	0	1.0249403	1.033352	1.0168017	1.0302635	1.0196276	1.0277839	1.0222206	2035-05-16	tropics	0	1.0249403	1.033352	1.0168017	1.0302635	1.0196276	1.0277839	1.0222206	2035-05-16	tropics	0	0.006394565	0.008555219	0.0043326737	0.007774758	0.005053282	0.0071436763	0.005731404	2035-05-16	tropics	0	0.006394565	0.008555219	0.0043326737	0.007774758	0.005053282	0.0071436763	0.005731404	GARW	2036-04-01
2035-05-17	tropics	0	1.0250168	1.0333203	1.0168226	1.0303603	1.0196384	1.0277903	1.0222615	2035-05-17	tropics	0	1.0250168	1.0333203	1.0168226	1.0303603	1.0196384	1.0277903	1.0222615	2035-05-17	tropics	0	0.00641346	0.008553321	0.0043398975	0.007770514	0.00506165	0.0071445107	0.0057325363	2035-05-17	tropics	0	0.00641346	0.008553321	0.0043398975	0.007770514	0.00506165	0.0071445107	0.0057325363	GARW	2036-04-01
2035-05-18	tropics	0	1.025059	1.0332892	1.0168675	1.0304226	1.0196579	1.0277858	1.0223246	2035-05-18	tropics	0	1.025059	1.0332892	1.0168675	1.0304226	1.0196579	1.0277858	1.0223246	2035-05-18	tropics	0	0.0064308643	0.008545303	0.004340112	0.0077847717	0.005064726	0.007142484	0.0057331324	2035-05-18	tropics	0	0.0064308643	0.008545303	0.004340112	0.0077847717	0.005064726	0.007142484	0.0057331324	GARW	2036-04-01
2035-05-19	tropics	0	1.025104	1.0332565	1.0168512	1.0303913	1.0196646	1.0278032	1.022294	2035-05-19	tropics	0	1.025104	1.0332565	1.0168512	1.0303913	1.0196646	1.0278032	1.022294	2035-05-19	tropics	0	0.006444335	0.008537516	0.004352188	0.007808793	0.0050685406	0.0071415305	0.0057418942	2035-05-19	tropics	0	0.006444335	0.008537516	0.004352188	0.007808793	0.0050685406	0.0071415305	0.0057418942	GARW	2036-04-01
2035-05-20	tropics	0	1.0251675	1.0332221	1.0168474	1.030349	1.019674	1.0278327	1.0223039	2035-05-20	tropics	0	1.0251675	1.0332221	1.0168474	1.030349	1.019674	1.0278327	1.0223039	2035-05-20	tropics	0	0.0064548254	0.008529506	0.0043542385	0.007805133	0.005072379	0.007143438	0.005752206	2035-05-20	tropics	0	0.0064548254	0.008529506	0.0043542385	0.007805133	0.005072379	0.007143438	0.005752206	GARW	2036-04-01
2035-05-21	tropics	0	1.0251834	1.0331889	1.0168681	1.0303093	1.0196862	1.0278805	1.0223644	2035-05-21	tropics	0	1.0251834	1.0331889	1.0168681	1.0303093	1.0196862	1.0278805	1.0223644	2035-05-21	tropics	0	0.0064718723	0.008520627	0.004349214	0.007794249	0.005073595	0.0071483254	0.0057433248	2035-05-21	tropics	0	0.0064718723	0.008520627	0.004349214	0.007794249	0.005073595	0.0071483254	0.0057433248	GARW	2036-04-01
2035-05-22	tropics	0	1.0251856	1.0331569	1.0168612	1.0303067	1.0197005	1.0278895	1.0223987	2035-05-22	tropics	0	1.0251856	1.0331569	1.0168612	1.0303067	1.0197005	1.0278895	1.0223987	2035-05-22	tropics	0	0.0064799786	0.00851202	0.0043549	0.0077835433	0.0050765993	0.0071629286	0.0057548285	2035-05-22	tropics	0	0.0064799786	0.00851202	0.0043549	0.0077835433	0.0050765993	0.0071629286	0.0057548285	GARW	2036-04-01
2035-05-23	tropics	0	1.0252011	1.0331342	1.0168499	1.0303143	1.0197861	1.0278794	1.0224178	2035-05-23	tropics	0	1.0252011	1.0331342	1.0168499	1.0303143	1.0197861	1.0278794	1.0224178	2035-05-23	tropics	0	0.0064822435	0.00850406	0.004355657	0.0077807666	0.0050824643	0.007166147	0.0057611465	2035-05-23	tropics	0	0.0064822435	0.00850406	0.004355657	0.0077807666	0.0050824643	0.007166147	0.0057611465	GARW	2036-04-01
2035-05-24	tropics	0	1.0252502	1.0331049	1.0168363	1.0302968	1.01977	1.0278943	1.0224867	2035-05-24	tropics	0	1.0252502	1.0331049	1.0168363	1.0302968	1.01977	1.0278943	1.0224867	2035-05-24	tropics	0	0.0064851046	0.008499243	0.004353118	0.007783246	0.005096793	0.007166028	0.005769968	2035-05-24	tropics	0	0.0064851046	0.008499243	0.004353118	0.007783246	0.005096793	0.007166028	0.005769968	GARW	2036-04-01
2035-05-25	tropics	0	1.0252128	1.0331141	1.0168511	1.0302883	1.0197405	1.0279348	1.0225317	2035-05-25	tropics	0	1.0252128	1.0331141	1.0168511	1.0302883	1.0197405	1.0279348	1.0225317	2035-05-25	tropics	0	0.006492853	0.008489269	0.0043498753	0.0077789067	0.005102277	0.0071666837	0.0057868958	2035-05-25	tropics	0	0.006492853	0.008489269	0.0043498753	0.0077789067	0.005102277	0.0071666837	0.0057868958	GARW	2036-04-01
2035-05-26	tropics	0	1.0252078	1.0331252	1.0168767	1.0302994	1.0197139	1.0279834	1.0225621	2035-05-26	tropics	0	1.0252078	1.0331252	1.0168767	1.0302994	1.0197139	1.0279834	1.0225621	2035-05-26	tropics	0	0.006491542	0.008489183	0.0043492974	0.0077778576	0.0050941943	0.007175982	0.00580281	2035-05-26	tropics	0	0.006491542	0.008489183	0.0043492974	0.0077778576	0.0050941943	0.007175982	0.00580281	GARW	2036-04-01
2035-05-27	tropics	0	1.0252242	1.0330948	1.0168985	1.0303222	1.0197321	1.0280236	1.0225534	2035-05-27	tropics	0	1.0252242	1.0330948	1.0168985	1.0303222	1.0197321	1.0280236	1.0225534	2035-05-27	tropics	0	0.0064866543	0.008492039	0.0043566166	0.0077766767	0.0050869943	0.0071883798	0.005808294	2035-05-27	tropics	0	0.0064866543	0.008492039	0.0043566166	0.0077766767	0.0050869943	0.0071883798	0.005808294	GARW	2036-04-01
2035-05-28	tropics	0	1.0252769	1.0330275	1.0169518	1.0303795	1.019724	1.0280454	1.0225697	2035-05-28	tropics	0	1.0252769	1.0330275	1.0169518	1.0303795	1.019724	1.0280454	1.0225697	2035-05-28	tropics	0	0.006485462	0.008491633	0.0043623983	0.007782482	0.0050862073	0.007199168	0.005806744	2035-05-28	tropics	0	0.006485462	0.008491633	0.0043623983	0.007782482	0.0050862073	0.007199168	0.005806744	GARW	2036-04-01
2035-05-29	tropics	0	1.0253067	1.0329973	1.0169604	1.0303733	1.0197138	1.0280759	1.0225567	2035-05-29	tropics	0	1.0253067	1.0329973	1.0169604	1.0303733	1.0197138	1.0280759	1.0225567	2035-05-29	tropics	0	0.0065010786	0.008475039	0.0043752016	0.0077936407	0.005088377	0.007205665	0.0058157444	2035-05-29	tropics	0	0.0065010786	0.008475039	0.0043752016	0.0077936407	0.005088377	0.007205665	0.0058157444	GARW	2036-04-01
2035-05-30	tropics	0	1.0253017	1.0330086	1.0169442	1.0304283	1.019713	1.0280725	1.0225188	2035-05-30	tropics	0	1.0253017	1.0330086	1.0169442	1.0304283	1.019713	1.0280725	1.0225188	2035-05-30	tropics	0	0.0065078735	0.008459721	0.0043793977	0.0077919243	0.0050851824	0.007212013	0.005810261	2035-05-30	tropics	0	0.0065078735	0.008459721	0.0043793977	0.0077919243	0.0050851824	0.007212013	0.005810261	GARW	2036-04-01
2035-05-31	tropics	0	1.0253143	1.0330224	1.0168875	1.0304366	1.0197034	1.0281041	1.0225246	2035-05-31	tropics	0	1.0253143	1.0330224	1.0168875	1.0304366	1.0197034	1.0281041	1.0225246	2035-05-31	tropics	0	0.006508112	0.008462521	0.0043809293	0.007806539	0.005084753	0.007214904	0.005804062	2035-05-31	tropics	0	0.006508112	0.008462521	0.0043809293	0.007806539	0.005084753	0.007214904	0.005804062	GARW	2036-04-01
2035-06-01	tropics	0	1.0252929	1.0330367	1.01683	1.0304179	1.0197132	1.028135	1.0225126	2035-06-01	tropics	0	1.0252929	1.0330367	1.01683	1.0304179	1.0197132	1.028135	1.0225126	2035-06-01	tropics	0	0.0065118074	0.008465841	0.004366672	0.007815289	0.00508275	0.0072179437	0.0058044195	2035-06-01	tropics	0	0.0065118074	0.008465841	0.004366672	0.007815289	0.00508275	0.0072179437	0.0058044195	GARW	2036-04-01
2035-06-02	tropics	0	1.0252573	1.0330514	1.0167717	1.0303943	1.0197111	1.0281222	1.0225024	2035-06-02	tropics	0	1.0252573	1.0330514	1.0167717	1.0303943	1.0197111	1.0281222	1.0225024	2035-06-02	tropics	0	0.0065066814	0.008469365	0.0043519735	0.0078076837	0.005090332	0.0072271526	0.005801618	2035-06-02	tropics	0	0.0065066814	0.008469365	0.0043519735	0.0078076837	0.005090332	0.0072271526	0.005801618	GARW	2036-04-01
2035-06-03	tropics	0	1.0252408	1.03304	1.0167301	1.0303885	1.0197095	1.0280945	1.0224717	2035-06-03	tropics	0	1.0252408	1.03304	1.0167301	1.0303885	1.0197095	1.0280945	1.0224717	2035-06-03	tropics	0	0.0065039396	0.008473153	0.00433715	0.007806444	0.005083966	0.007231593	0.005797446	2035-06-03	tropics	0	0.0065039396	0.008473153	0.00433715	0.007806444	0.005083966	0.007231593	0.005797446	GARW	2036-04-01
2035-06-04	tropics	0	1.0252757	1.033014	1.016722	1.0303702	1.0197093	1.0281096	1.022453	2035-06-04	tropics	0	1.0252757	1.033014	1.016722	1.0303702	1.0197093	1.0281096	1.022453	2035-06-04	tropics	0	0.0064980984	0.008474073	0.004322493	0.0078011034	0.0050837994	0.0072180033	0.005790949	2035-06-04	tropics	0	0.0064980984	0.008474073	0.004322493	0.0078011034	0.0050837994	0.0072180033	0.005790949	GARW	2036-04-01
2035-06-05	tropics	0	1.0253026	1.0330136	1.0166903	1.0303819	1.0197127	1.0281365	1.0224427	2035-06-05	tropics	0	1.0253026	1.0330136	1.0166903	1.0303819	1.0197127	1.0281365	1.0224427	2035-06-05	tropics	0	0.006498337	0.008467484	0.00431816	0.0077988864	0.005083561	0.0072218776	0.0057862997	2035-06-05	tropics	0	0.006498337	0.008467484	0.00431816	0.0077988864	0.005083561	0.0072218776	0.0057862997	GARW	2036-04-01
2035-06-06	tropics	0	1.0253109	1.03304	1.0166547	1.0303779	1.0197201	1.0281513	1.0224603	2035-06-06	tropics	0	1.0253109	1.03304	1.0166547	1.0303779	1.0197201	1.0281513	1.0224603	2035-06-06	tropics	0	0.0065099	0.008463097	0.004314059	0.00780015	0.0050837756	0.0072274804	0.0057812333	2035-06-06	tropics	0	0.0065099	0.008463097	0.004314059	0.00780015	0.0050837756	0.0072274804	0.0057812333	GARW	2036-04-01
2035-06-07	tropics	0	1.0253205	1.033066	1.0166394	1.0303674	1.0197223	1.0281608	1.0224578	2035-06-07	tropics	0	1.0253205	1.033066	1.0166394	1.0303674	1.0197223	1.0281608	1.0224578	2035-06-07	tropics	0	0.006508827	0.0084692845	0.004304862	0.0077989576	0.0050858734	0.0072337985	0.005784452	2035-06-07	tropics	0	0.006508827	0.0084692845	0.004304862	0.0077989576	0.0050858734	0.0072337985	0.005784452	GARW	2036-04-01
2035-06-08	tropics	0	1.0253501	1.0331035	1.0166382	1.0303507	1.0197017	1.0281955	1.0224242	2035-06-08	tropics	0	1.0253501	1.0331035	1.0166382	1.0303507	1.0197017	1.0281955	1.0224242	2035-06-08	tropics	0	0.006512642	0.008476092	0.0042977813	0.0077974554	0.005087328	0.0072371364	0.0057865977	2035-06-08	tropics	0	0.006512642	0.008476092	0.0042977813	0.0077974554	0.005087328	0.0072371364	0.0057865977	GARW	2036-04-01
2035-06-09	tropics	0	1.0253484	1.0331416	1.0166364	1.0303962	1.0197022	1.0281646	1.0223894	2035-06-09	tropics	0	1.0253484	1.0331416	1.0166364	1.0303962	1.0197022	1.0281646	1.0223894	2035-06-09	tropics	0	0.00652194	0.008484312	0.0042974832	0.007792902	0.0050821304	0.0072422624	0.005780995	2035-06-09	tropics	0	0.00652194	0.008484312	0.0042974832	0.007792902	0.0050821304	0.0072422624	0.005780995	GARW	2036-04-01
2035-06-10	tropics	0	1.0253253	1.0330921	1.0166343	1.0303721	1.0196785	1.0281587	1.0223595	2035-06-10	tropics	0	1.0253253	1.0330921	1.0166343	1.0303721	1.0196785	1.0281587	1.0223595	2035-06-10	tropics	0	0.006525278	0.008494082	0.0042970716	0.007798719	0.005081582	0.0072359443	0.005771756	2035-06-10	tropics	0	0.006525278	0.008494082	0.0042970716	0.007798719	0.005081582	0.0072359443	0.005771756	GARW	2036-04-01
2035-06-11	tropics	0	1.0253358	1.0330309	1.016632	1.0303785	1.0196892	1.0281479	1.0223106	2035-06-11	tropics	0	1.0253358	1.0330309	1.016632	1.0303785	1.0196892	1.0281479	1.0223106	2035-06-11	tropics	0	0.0065196753	0.008490606	0.004296887	0.0077961916	0.005080962	0.0072362423	0.0057612658	2035-06-11	tropics	0	0.0065196753	0.008490606	0.004296887	0.0077961916	0.005080962	0.0072362423	0.0057612658	GARW	2036-04-01
2035-06-12	tropics	0	1.0253141	1.0329663	1.0166293	1.0303823	1.0196435	1.0281286	1.0223337	2035-06-12	tropics	0	1.0253141	1.0329663	1.0166293	1.0303823	1.0196435	1.0281286	1.0223337	2035-06-12	tropics	0	0.0065174103	0.008475353	0.0042958856	0.007798409	0.005075574	0.007234633	0.005751848	2035-06-12	tropics	0	0.0065174103	0.008475353	0.0042958856	0.007798409	0.005075574	0.007234633	0.005751848	GARW	2036-04-01
2035-06-13	tropics	0	1.0253243	1.0328985	1.0166265	1.0303819	1.0195957	1.0281358	1.0223564	2035-06-13	tropics	0	1.0253243	1.0328985	1.0166265	1.0303819	1.0195957	1.0281358	1.0223564	2035-06-13	tropics	0	0.006516576	0.008459385	0.004295486	0.007798934	0.005073309	0.0072275996	0.0057539344	2035-06-13	tropics	0	0.006516576	0.008459385	0.004295486	0.007798934	0.005073309	0.0072275996	0.0057539344	GARW	2036-04-01
2035-06-14	tropics	0	1.025324	1.0328286	1.0165765	1.0303828	1.0195746	1.0281038	1.0223398	2035-06-14	tropics	0	1.025324	1.0328286	1.0165765	1.0303828	1.0195746	1.0281038	1.0223398	2035-06-14	tropics	0	0.0065131187	0.008442677	0.0042947354	0.0077992915	0.0050607203	0.0072303414	0.005756557	2035-06-14	tropics	0	0.0065131187	0.008442677	0.0042947354	0.0077992915	0.0050607203	0.0072303414	0.005756557	GARW	2036-04-01
2035-06-15	tropics	0	1.0253177	1.0327593	1.0164739	1.0304248	1.0195343	1.0280646	1.0223577	2035-06-15	tropics	0	1.0253177	1.0327593	1.0164739	1.0304248	1.0195343	1.0280646	1.0223577	2035-06-15	tropics	0	0.006515026	0.00842489	0.004291153	0.007800007	0.0050455094	0.007227719	0.0057551265	2035-06-15	tropics	0	0.006515026	0.00842489	0.004291153	0.007800007	0.0050455094	0.007227719	0.0057551265	GARW	2036-04-01
2035-06-16	tropics	0	1.0253217	1.032688	1.0163732	1.030364	1.0194868	1.0280244	1.022346	2035-06-16	tropics	0	1.0253217	1.032688	1.0163732	1.030364	1.0194868	1.0280244	1.022346	2035-06-16	tropics	0	0.006513357	0.008407629	0.004264605	0.0078080413	0.0050431965	0.0072134733	0.0057599545	2035-06-16	tropics	0	0.006513357	0.008407629	0.004264605	0.0078080413	0.0050431965	0.0072134733	0.0057599545	GARW	2036-04-01
2035-06-17	tropics	0	1.0252883	1.0326575	1.0162712	1.0302913	1.0194405	1.0279723	1.0223386	2035-06-17	tropics	0	1.0252883	1.0326575	1.0162712	1.0302913	1.0194405	1.0279723	1.0223386	2035-06-17	tropics	0	0.0065157413	0.008389563	0.0042386353	0.0077967644	0.0050308467	0.007205248	0.005756557	2035-06-17	tropics	0	0.0065157413	0.008389563	0.0042386353	0.0077967644	0.0050308467	0.007205248	0.005756557	GARW	2036-04-01
2035-06-18	tropics	0	1.0252564	1.0326263	1.0162939	1.0302951	1.0193958	1.0279142	1.0222934	2035-06-18	tropics	0	1.0252564	1.0326263	1.0162939	1.0302951	1.0193958	1.0279142	1.0222934	2035-06-18	tropics	0	0.0065083504	0.008377929	0.004213071	0.0077854153	0.005019021	0.0071960688	0.0057590604	2035-06-18	tropics	0	0.0065083504	0.008377929	0.004213071	0.0077854153	0.005019021	0.0071960688	0.0057590604	GARW	2036-04-01
2035-06-19	tropics	0	1.0252295	1.0325943	1.0163279	1.0303036	1.0193532	1.027861	1.0222582	2035-06-19	tropics	0	1.0252295	1.0325943	1.0163279	1.0303036	1.0193532	1.027861	1.0222582	2035-06-19	tropics	0	0.006500125	0.008370109	0.0042054476	0.0077766413	0.0050074817	0.007179022	0.0057477355	2035-06-19	tropics	0	0.006500125	0.008370109	0.0042054476	0.0077766413	0.0050074817	0.007179022	0.0057477355	GARW	2036-04-01
2035-06-20	tropics	0	1.0251985	1.0325614	1.0163617	1.0302868	1.0193129	1.027812	1.022229	2035-06-20	tropics	0	1.0251985	1.0325614	1.0163617	1.0302868	1.0193129	1.027812	1.022229	2035-06-20	tropics	0	0.0064953566	0.008361889	0.0042147813	0.007778716	0.004996228	0.0071641803	0.0057377815	2035-06-20	tropics	0	0.0064953566	0.008361889	0.0042147813	0.007778716	0.004996228	0.0071641803	0.0057377815	GARW	2036-04-01
2035-06-21	tropics	0	1.0251775	1.0325277	1.0163952	1.0302417	1.0192757	1.0277553	1.0222058	2035-06-21	tropics	0	1.0251775	1.0325277	1.0163952	1.0302417	1.0192757	1.0277553	1.0222058	2035-06-21	tropics	0	0.0064857006	0.008353998	0.0042234124	0.0077782627	0.0049858093	0.007152736	0.005729854	2035-06-21	tropics	0	0.0064857006	0.008353998	0.0042234124	0.0077782627	0.0049858093	0.007152736	0.005729854	GARW	2036-04-01
2035-06-22	tropics	0	1.0251323	1.032493	1.0164284	1.0301845	1.0192443	1.0277398	1.0221972	2035-06-22	tropics	0	1.0251323	1.032493	1.0164284	1.0301845	1.0192443	1.0277398	1.0221972	2035-06-22	tropics	0	0.0064823627	0.008345366	0.0042319177	0.007769489	0.0049758195	0.0071382523	0.0057234764	2035-06-22	tropics	0	0.0064823627	0.008345366	0.0042319177	0.007769489	0.0049758195	0.0071382523	0.0057234764	GARW	2036-04-01
2035-06-23	tropics	0	1.025116	1.0324574	1.0164614	1.0301164	1.0192287	1.0277106	1.022233	2035-06-23	tropics	0	1.025116	1.0324574	1.0164614	1.0301164	1.0192287	1.0277106	1.022233	2035-06-23	tropics	0	0.006471157	0.0083367005	0.0042405846	0.00775485	0.004967499	0.00713259	0.0057191253	2035-06-23	tropics	0	0.006471157	0.0083367005	0.0042405846	0.00775485	0.004967499	0.00713259	0.0057191253	GARW	2036-04-01
2035-06-24	tropics	0	1.0250823	1.0324206	1.0164663	1.0300367	1.0191778	1.0276902	1.0222192	2035-06-24	tropics	0	1.0250823	1.0324206	1.0164663	1.0300367	1.0191778	1.0276902	1.0222192	2035-06-24	tropics	0	0.0064629316	0.008327849	0.0042490363	0.0077385423	0.004959536	0.007124841	0.0057265162	2035-06-24	tropics	0	0.0064629316	0.008327849	0.0042490363	0.0077385423	0.004959536	0.007124841	0.0057265162	GARW	2036-04-01
2035-06-25	tropics	0	1.0250809	1.032383	1.0164384	1.0299497	1.0191154	1.0276715	1.0222316	2035-06-25	tropics	0	1.0250809	1.032383	1.0164384	1.0299497	1.0191154	1.0276715	1.0222316	2035-06-25	tropics	0	0.006456852	0.008318634	0.004255825	0.007720113	0.004956794	0.0071184635	0.005724907	2035-06-25	tropics	0	0.006456852	0.008318634	0.004255825	0.007720113	0.004956794	0.0071184635	0.005724907	GARW	2036-04-01
2035-06-26	tropics	0	1.0250766	1.0323443	1.0164131	1.0298781	1.0190582	1.0276407	1.0222206	2035-06-26	tropics	0	1.0250766	1.0323443	1.0164131	1.0298781	1.0190582	1.0276407	1.0222206	2035-06-26	tropics	0	0.0064543486	0.008309234	0.004248458	0.0076941014	0.0049401047	0.007113874	0.0057268143	2035-06-26	tropics	0	0.0064543486	0.008309234	0.004248458	0.0076941014	0.0049401047	0.007113874	0.0057268143	GARW	2036-04-01
2035-06-27	tropics	0	1.025037	1.0323049	1.0163901	1.0298123	1.0190636	1.0276048	1.0222126	2035-06-27	tropics	0	1.025037	1.0323049	1.0163901	1.0298123	1.0190636	1.0276048	1.0222126	2035-06-27	tropics	0	0.0064532757	0.008299435	0.0042416933	0.0076792473	0.0049189804	0.007107556	0.005725324	2035-06-27	tropics	0	0.0064532757	0.008299435	0.0042416933	0.0076792473	0.0049189804	0.007107556	0.005725324	GARW	2036-04-01
2035-06-28	tropics	0	1.0250134	1.0322714	1.0163697	1.0298483	1.0190187	1.027559	1.0222	2035-06-28	tropics	0	1.0250134	1.0322714	1.0163697	1.0298483	1.0190187	1.027559	1.0222	2035-06-28	tropics	0	0.0064464808	0.0082896	0.004235506	0.007659363	0.0049172877	0.007098317	0.0057240725	2035-06-28	tropics	0	0.0064464808	0.0082896	0.004235506	0.007659363	0.0049172877	0.007098317	0.0057240725	GARW	2036-04-01
2035-06-29	tropics	0	1.0249916	1.0322584	1.0163528	1.0298724	1.019002	1.0274945	1.0221747	2035-06-29	tropics	0	1.0249916	1.0322584	1.0163528	1.0298724	1.019002	1.0274945	1.0221747	2035-06-29	tropics	0	0.0064400434	0.008279622	0.0042301477	0.0076611512	0.004913044	0.0070887804	0.0057207346	2035-06-29	tropics	0	0.0064400434	0.008279622	0.0042301477	0.0076611512	0.004913044	0.0070887804	0.0057207346	GARW	2036-04-01
2035-06-30	tropics	0	1.0249467	1.0322443	1.0163534	1.0298083	1.0189865	1.0274708	1.0221536	2035-06-30	tropics	0	1.0249467	1.0322443	1.0163534	1.0298083	1.0189865	1.0274708	1.0221536	2035-06-30	tropics	0	0.0064314604	0.008275539	0.004225254	0.0076696873	0.0049051763	0.007069111	0.005716622	2035-06-30	tropics	0	0.0064314604	0.008275539	0.004225254	0.0076696873	0.0049051763	0.007069111	0.005716622	GARW	2036-04-01
2035-07-01	tropics	0	1.024915	1.0322291	1.0163573	1.0297543	1.0189731	1.0274365	1.0221212	2035-07-01	tropics	0	1.024915	1.0322291	1.0163573	1.0297543	1.0189731	1.0274365	1.0221212	2035-07-01	tropics	0	0.0064231157	0.008272034	0.0042238175	0.007660484	0.0049000024	0.0070616007	0.0057103634	2035-07-01	tropics	0	0.0064231157	0.008272034	0.0042238175	0.007660484	0.0049000024	0.0070616007	0.0057103634	GARW	2036-04-01
2035-07-02	tropics	0	1.0248513	1.0322254	1.0163643	1.0296882	1.018956	1.027447	1.0220423	2035-07-02	tropics	0	1.0248513	1.0322254	1.0163643	1.0296882	1.018956	1.027447	1.0220423	2035-07-02	tropics	0	0.0064145327	0.0082683265	0.004224473	0.007647204	0.004896355	0.0070557594	0.0057039857	2035-07-02	tropics	0	0.0064145327	0.0082683265	0.004224473	0.007647204	0.004896355	0.0070557594	0.0057039857	GARW	2036-04-01
2035-07-03	tropics	0	1.0248379	1.0322593	1.0163745	1.0296122	1.0189353	1.0274261	1.0220373	2035-07-03	tropics	0	1.0248379	1.0322593	1.0163745	1.0296122	1.0189353	1.0274261	1.0220373	2035-07-03	tropics	0	0.0064007044	0.008264077	0.0042260825	0.0076294183	0.0048927544	0.0070563555	0.0056863427	2035-07-03	tropics	0	0.0064007044	0.008264077	0.0042260825	0.0076294183	0.0048927544	0.0070563555	0.0056863427	GARW	2036-04-01
2035-07-04	tropics	0	1.0247729	1.0322953	1.0163875	1.0295776	1.0189165	1.0273975	1.0220387	2035-07-04	tropics	0	1.0247729	1.0322953	1.0163875	1.0295776	1.0189165	1.0273975	1.0220387	2035-07-04	tropics	0	0.0063916445	0.0082713	0.004228419	0.007612419	0.0048872707	0.007051766	0.005676985	2035-07-04	tropics	0	0.0063916445	0.0082713	0.004228419	0.007612419	0.0048872707	0.007051766	0.005676985	GARW	2036-04-01
2035-07-05	tropics	0	1.0247011	1.0323305	1.0164014	1.0295628	1.0188988	1.0273553	1.022054	2035-07-05	tropics	0	1.0247011	1.0323305	1.0164014	1.0295628	1.0188988	1.0273553	1.022054	2035-07-05	tropics	0	0.006380558	0.008280284	0.004231459	0.007593679	0.0048825024	0.0070462227	0.0056785345	2035-07-05	tropics	0	0.006380558	0.008280284	0.004231459	0.007593679	0.0048825024	0.0070462227	0.0056785345	GARW	2036-04-01
2035-07-06	tropics	0	1.0246491	1.0323596	1.0163819	1.0294605	1.0188737	1.0272936	1.0220433	2035-07-06	tropics	0	1.0246491	1.0323596	1.0163819	1.0294605	1.0188737	1.0272936	1.0220433	2035-07-06	tropics	0	0.0063660145	0.008289284	0.004235196	0.0075984714	0.004878068	0.0070343614	0.005686462	2035-07-06	tropics	0	0.0063660145	0.008289284	0.004235196	0.0075984714	0.004878068	0.0070343614	0.005686462	GARW	2036-04-01
2035-07-07	tropics	0	1.0246198	1.0322906	1.016351	1.0294617	1.0188594	1.0272429	1.0220448	2035-07-07	tropics	0	1.0246198	1.0322906	1.016351	1.0294617	1.0188594	1.0272429	1.0220448	2035-07-07	tropics	0	0.006348014	0.008297897	0.0042344034	0.007575178	0.0048710583	0.007022202	0.005679667	2035-07-07	tropics	0	0.006348014	0.008297897	0.0042344034	0.007575178	0.0048710583	0.007022202	0.005679667	GARW	2036-04-01
2035-07-08	tropics	0	1.0245976	1.0322148	1.01632	1.0294342	1.0188462	1.0272222	1.0220087	2035-07-08	tropics	0	1.0245976	1.0322148	1.01632	1.0294342	1.0188462	1.0272222	1.0220087	2035-07-08	tropics	0	0.0063399076	0.008289964	0.0042265235	0.007565927	0.004867983	0.0070053935	0.0056800246	2035-07-08	tropics	0	0.0063399076	0.008289964	0.0042265235	0.007565927	0.004867983	0.0070053935	0.0056800246	GARW	2036-04-01
2035-07-09	tropics	0	1.0245671	1.032225	1.0162903	1.0294236	1.0188291	1.0272	1.0219386	2035-07-09	tropics	0	1.0245671	1.032225	1.0162903	1.0294236	1.0188291	1.0272	1.0219386	2035-07-09	tropics	0	0.0063323975	0.00826928	0.004218614	0.007563734	0.00486362	0.007000029	0.0056765676	2035-07-09	tropics	0	0.0063323975	0.00826928	0.004218614	0.007563734	0.00486362	0.007000029	0.0056765676	GARW	2036-04-01
2035-07-10	tropics	0	1.0245626	1.0322239	1.0162812	1.0294182	1.0188148	1.0271513	1.0219277	2035-07-10	tropics	0	1.0245626	1.0322239	1.0162812	1.0294182	1.0188148	1.0271513	1.0219277	2035-07-10	tropics	0	0.0063260794	0.008264834	0.0042107226	0.0075571532	0.004859972	0.0069956183	0.0056613684	2035-07-10	tropics	0	0.0063260794	0.008264834	0.0042107226	0.0075571532	0.004859972	0.0069956183	0.0056613684	GARW	2036-04-01
2035-07-11	tropics	0	1.0245043	1.0322013	1.0162847	1.0293943	1.0188003	1.0271184	1.0219529	2035-07-11	tropics	0	1.0245043	1.0322013	1.0162847	1.0293943	1.0188003	1.0271184	1.0219529	2035-07-11	tropics	0	0.0063221455	0.008267421	0.0042054355	0.007560468	0.0048559187	0.0069854856	0.005649388	2035-07-11	tropics	0	0.0063221455	0.008267421	0.0042054355	0.007560468	0.0048559187	0.0069854856	0.005649388	GARW	2036-04-01
2035-07-12	tropics	0	1.0244782	1.0321785	1.0162894	1.0293363	1.0187701	1.0270296	1.0219393	2035-07-12	tropics	0	1.0244782	1.0321785	1.0162894	1.0293363	1.0187701	1.0270296	1.0219393	2035-07-12	tropics	0	0.0063072443	0.008261931	0.004206234	0.0075484277	0.004853177	0.0069779158	0.0056546926	2035-07-12	tropics	0	0.0063072443	0.008261931	0.004206234	0.0075484277	0.004853177	0.0069779158	0.0056546926	GARW	2036-04-01
2035-07-13	tropics	0	1.0244164	1.0321546	1.0162953	1.0292968	1.0187143	1.0269676	1.0218917	2035-07-13	tropics	0	1.0244164	1.0321546	1.0162953	1.0292968	1.0187143	1.0269676	1.0218917	2035-07-13	tropics	0	0.0063062906	0.0082562035	0.0042073727	0.007541394	0.0048472644	0.006958008	0.0056581497	2035-07-13	tropics	0	0.0063062906	0.0082562035	0.0042073727	0.007541394	0.0048472644	0.006958008	0.0056581497	GARW	2036-04-01
2035-07-14	tropics	0	1.0243809	1.0321286	1.0163023	1.0292335	1.0187242	1.0269343	1.021865	2035-07-14	tropics	0	1.0243809	1.0321286	1.0163023	1.0292335	1.0187242	1.0269343	1.021865	2035-07-14	tropics	0	0.006293297	0.008250362	0.004208875	0.007529712	0.0048339604	0.0069363117	0.005644202	2035-07-14	tropics	0	0.006293297	0.008250362	0.004208875	0.007529712	0.0048339604	0.0069363117	0.005644202	GARW	2036-04-01
2035-07-15	tropics	0	1.0243726	1.0321143	1.0162345	1.0291778	1.0187368	1.0268996	1.0218225	2035-07-15	tropics	0	1.0243726	1.0321143	1.0162345	1.0291778	1.0187368	1.0268996	1.0218225	2035-07-15	tropics	0	0.0062777996	0.008244045	0.004210353	0.0075145243	0.0048306463	0.0069273114	0.005639255	2035-07-15	tropics	0	0.0062777996	0.008244045	0.004210353	0.0075145243	0.0048306463	0.0069273114	0.005639255	GARW	2036-04-01
2035-07-16	tropics	0	1.0242839	1.0321072	1.0161664	1.0292047	1.0187359	1.0268404	1.021791	2035-07-16	tropics	0	1.0242839	1.0321072	1.0161664	1.0292047	1.0187359	1.0268404	1.021791	2035-07-16	tropics	0	0.0062760115	0.008238358	0.004200864	0.007500267	0.0048336266	0.006917	0.0056234	2035-07-16	tropics	0	0.0062760115	0.008238358	0.004200864	0.007500267	0.0048336266	0.006917	0.0056234	GARW	2036-04-01
2035-07-17	tropics	0	1.0242054	1.0320758	1.0160642	1.029189	1.0187209	1.026846	1.0217513	2035-07-17	tropics	0	1.0242054	1.0320758	1.0160642	1.029189	1.0187209	1.026846	1.0217513	2035-07-17	tropics	0	0.0062618256	0.008236714	0.0041858433	0.007497501	0.0048346994	0.006910801	0.0056189895	2035-07-17	tropics	0	0.0062618256	0.008236714	0.0041858433	0.007497501	0.0048346994	0.006910801	0.0056189895	GARW	2036-04-01
2035-07-18	tropics	0	1.0241344	1.0320185	1.0159463	1.029117	1.0187101	1.0268388	1.0217075	2035-07-18	tropics	0	1.0241344	1.0320185	1.0159463	1.029117	1.0187101	1.0268388	1.0217075	2035-07-18	tropics	0	0.0062390566	0.008233089	0.004159945	0.0075051067	0.0048322915	0.0069009066	0.005609274	2035-07-18	tropics	0	0.0062390566	0.008233089	0.004159945	0.0075051067	0.0048322915	0.0069009066	0.005609274	GARW	2036-04-01
2035-07-19	tropics	0	1.024101	1.031963	1.0158271	1.0291317	1.0186994	1.0268133	1.0216616	2035-07-19	tropics	0	1.024101	1.031963	1.0158271	1.0291317	1.0186994	1.0268133	1.0216616	2035-07-19	tropics	0	0.006218314	0.008218802	0.0041309656	0.0074821226	0.0048290254	0.006901264	0.005597234	2035-07-19	tropics	0	0.006218314	0.008218802	0.0041309656	0.0074821226	0.0048290254	0.006901264	0.005597234	GARW	2036-04-01
2035-07-20	tropics	0	1.024051	1.0319097	1.0157404	1.0291336	1.0186888	1.0267729	1.0216132	2035-07-20	tropics	0	1.024051	1.0319097	1.0157404	1.0291336	1.0186888	1.0267729	1.0216132	2035-07-20	tropics	0	0.006207943	0.008204269	0.0041001854	0.0074820984	0.0048264028	0.0068970323	0.005586624	2035-07-20	tropics	0	0.006207943	0.008204269	0.0041001854	0.0074820984	0.0048264028	0.0068970323	0.005586624	GARW	2036-04-01
2035-07-21	tropics	0	1.0240397	1.0318561	1.0156913	1.0290494	1.0186783	1.0267181	1.0215609	2035-07-21	tropics	0	1.0240397	1.0318561	1.0156913	1.0290494	1.0186783	1.0267181	1.0215609	2035-07-21	tropics	0	0.0061950684	0.008190775	0.0040747584	0.0074837683	0.004823589	0.00688833	0.005574465	2035-07-21	tropics	0	0.0061950684	0.008190775	0.0040747584	0.0074837683	0.004823589	0.00688833	0.005574465	GARW	2036-04-01
2035-07-22	tropics	0	1.0239935	1.0318022	1.0156361	1.0289649	1.0186116	1.0266306	1.0215195	2035-07-22	tropics	0	1.0239935	1.0318022	1.0156361	1.0289649	1.0186116	1.0266306	1.0215195	2035-07-22	tropics	0	0.0061906576	0.008177395	0.0040593087	0.0074693915	0.004820776	0.006877303	0.0055610538	2035-07-22	tropics	0	0.0061906576	0.008177395	0.0040593087	0.0074693915	0.004820776	0.006877303	0.0055610538	GARW	2036-04-01
2035-07-23	tropics	0	1.0239544	1.031748	1.0156105	1.0288813	1.0185469	1.02656	1.021454	2035-07-23	tropics	0	1.0239544	1.031748	1.0156105	1.0288813	1.0185469	1.02656	1.021454	2035-07-23	tropics	0	0.006182909	0.008163764	0.0040456536	0.007447839	0.0048097847	0.006855905	0.0055496097	2035-07-23	tropics	0	0.006182909	0.008163764	0.0040456536	0.007447839	0.0048097847	0.006855905	0.0055496097	GARW	2036-04-01
2035-07-24	tropics	0	1.0239279	1.0317239	1.0156232	1.0288177	1.0184581	1.0265279	1.0213873	2035-07-24	tropics	0	1.0239279	1.0317239	1.0156232	1.0288177	1.0184581	1.0265279	1.0213873	2035-07-24	tropics	0	0.0061661005	0.008150008	0.004031408	0.0074264766	0.004794526	0.006834924	0.005536258	2035-07-24	tropics	0	0.0061661005	0.008150008	0.004031408	0.0074264766	0.004794526	0.006834924	0.005536258	GARW	2036-04-01
2035-07-25	tropics	0	1.023849	1.0317103	1.015622	1.0288026	1.0183743	1.0264529	1.021357	2035-07-25	tropics	0	1.023849	1.0317103	1.015622	1.0288026	1.0183743	1.0264529	1.021357	2035-07-25	tropics	0	0.006164074	0.008140227	0.0040356396	0.007406545	0.004771662	0.0068261027	0.0055184364	2035-07-25	tropics	0	0.006164074	0.008140227	0.0040356396	0.007406545	0.004771662	0.0068261027	0.0055184364	GARW	2036-04-01
2035-07-26	tropics	0	1.0237982	1.0316955	1.0155362	1.0287411	1.0183926	1.0264237	1.0213287	2035-07-26	tropics	0	1.0237982	1.0316955	1.0155362	1.0287411	1.0183926	1.0264237	1.0213287	2035-07-26	tropics	0	0.0061434507	0.008137002	0.0040390906	0.0074026585	0.0047492743	0.006809175	0.005505562	2035-07-26	tropics	0	0.0061434507	0.008137002	0.0040390906	0.0074026585	0.0047492743	0.006809175	0.005505562	GARW	2036-04-01
2035-07-27	tropics	0	1.0237525	1.031679	1.0154772	1.0286627	1.0184155	1.0263916	1.0213107	2035-07-27	tropics	0	1.0237525	1.031679	1.0154772	1.0286627	1.0184155	1.0263916	1.0213107	2035-07-27	tropics	0	0.006136298	0.008133301	0.0040225745	0.007389998	0.0047445535	0.0067986846	0.0054981112	2035-07-27	tropics	0	0.006136298	0.008133301	0.0040225745	0.007389998	0.0047445535	0.0067986846	0.0054981112	GARW	2036-04-01
2035-07-28	tropics	0	1.0236825	1.0316612	1.0154408	1.0285938	1.0184425	1.0263376	1.0212197	2035-07-28	tropics	0	1.0236825	1.0316612	1.0154408	1.0285938	1.0184425	1.0263376	1.0212197	2035-07-28	tropics	0	0.0061198473	0.008129247	0.004000932	0.0073706387	0.0047503947	0.006791353	0.005492747	2035-07-28	tropics	0	0.0061198473	0.008129247	0.004000932	0.0073706387	0.0047503947	0.006791353	0.005492747	GARW	2036-04-01
2035-07-29	tropics	0	1.0236542	1.0316418	1.0154042	1.0285642	1.0183953	1.0263206	1.0212153	2035-07-29	tropics	0	1.0236542	1.0316418	1.0154042	1.0285642	1.0183953	1.0263206	1.0212153	2035-07-29	tropics	0	0.006101012	0.008124854	0.003996241	0.0073507777	0.00475688	0.006776333	0.005479932	2035-07-29	tropics	0	0.006101012	0.008124854	0.003996241	0.0073507777	0.00475688	0.006776333	0.005479932	GARW	2036-04-01
2035-07-30	tropics	0	1.0236244	1.0316207	1.0153764	1.0285095	1.0183299	1.026304	1.0211797	2035-07-30	tropics	0	1.0236244	1.0316207	1.0153764	1.0285095	1.0183299	1.026304	1.0211797	2035-07-30	tropics	0	0.006090641	0.008120235	0.0039835693	0.007341003	0.0047534467	0.0067692995	0.005469382	2035-07-30	tropics	0	0.006090641	0.008120235	0.0039835693	0.007341003	0.0047534467	0.0067692995	0.005469382	GARW	2036-04-01
2035-07-31	tropics	0	1.0236217	1.0315982	1.0153474	1.0285032	1.0182502	1.0262779	1.0211208	2035-07-31	tropics	0	1.0236217	1.0315982	1.0153474	1.0285032	1.0182502	1.0262779	1.0211208	2035-07-31	tropics	0	0.0060842037	0.008115014	0.0039751055	0.007330799	0.004736519	0.0067709684	0.005464196	2035-07-31	tropics	0	0.0060842037	0.008115014	0.0039751055	0.007330799	0.004736519	0.0067709684	0.005464196	GARW	2036-04-01
2035-08-01	tropics	0	1.0236087	1.0315739	1.0153182	1.0284615	1.0181968	1.0262557	1.0210671	2035-08-01	tropics	0	1.0236087	1.0315739	1.0153182	1.0284615	1.0181968	1.0262557	1.0210671	2035-08-01	tropics	0	0.0060807467	0.008109327	0.0039690016	0.0073217154	0.00471828	0.00675714	0.0054471493	2035-08-01	tropics	0	0.0060807467	0.008109327	0.0039690016	0.0073217154	0.00471828	0.00675714	0.0054471493	GARW	2036-04-01
2035-08-02	tropics	0	1.0235602	1.0315384	1.0152539	1.0283489	1.0181637	1.0262055	1.0210066	2035-08-02	tropics	0	1.0235602	1.0315384	1.0152539	1.0283489	1.0181637	1.0262055	1.0210066	2035-08-02	tropics	0	0.0060800314	0.008103415	0.00396145	0.007322526	0.004702568	0.0067591667	0.0054373145	2035-08-02	tropics	0	0.0060800314	0.008103415	0.00396145	0.007322526	0.004702568	0.0067591667	0.0054373145	GARW	2036-04-01
2035-08-03	tropics	0	1.0235211	1.0314988	1.0151707	1.028247	1.018112	1.0261714	1.020985	2035-08-03	tropics	0	1.0235211	1.0314988	1.0151707	1.028247	1.018112	1.0261714	1.020985	2035-08-03	tropics	0	0.006071925	0.008095774	0.0039501367	0.007293915	0.004689145	0.006742835	0.0054199696	2035-08-03	tropics	0	0.006071925	0.008095774	0.0039501367	0.007293915	0.004689145	0.006742835	0.0054199696	GARW	2036-04-01
2035-08-04	tropics	0	1.0235139	1.0314368	1.0150996	1.0282305	1.018066	1.0261132	1.0209435	2035-08-04	tropics	0	1.0235139	1.0314368	1.0150996	1.0282305	1.018066	1.0261132	1.0209435	2035-08-04	tropics	0	0.006055832	0.008085915	0.0039288937	0.007265519	0.0046809437	0.0067344904	0.005411446	2035-08-04	tropics	0	0.006055832	0.008085915	0.0039288937	0.007265519	0.0046809437	0.0067344904	0.005411446	GARW	2036-04-01
2035-08-05	tropics	0	1.0234752	1.0313739	1.0150461	1.0282332	1.0180703	1.0260763	1.0209031	2035-08-05	tropics	0	1.0234752	1.0313739	1.0150461	1.0282332	1.0180703	1.0260763	1.0209031	2035-08-05	tropics	0	0.006055832	0.008072087	0.003907913	0.0072538126	0.0046644686	0.006721556	0.005402565	2035-08-05	tropics	0	0.006055832	0.008072087	0.003907913	0.0072538126	0.0046644686	0.006721556	0.005402565	GARW	2036-04-01
2035-08-06	tropics	0	1.0234524	1.0313466	1.0149885	1.0282338	1.0180848	1.0260584	1.0208642	2035-08-06	tropics	0	1.0234524	1.0313466	1.0149885	1.0282338	1.0180848	1.0260584	1.0208642	2035-08-06	tropics	0	0.0060516596	0.008055904	0.0038941025	0.007254528	0.004662967	0.006708801	0.005392194	2035-08-06	tropics	0	0.0060516596	0.008055904	0.0038941025	0.007254528	0.004662967	0.006708801	0.005392194	GARW	2036-04-01
2035-08-07	tropics	0	1.0234091	1.0313196	1.0149606	1.0282327	1.0181018	1.026036	1.020821	2035-08-07	tropics	0	1.0234091	1.0313196	1.0149606	1.0282327	1.0181018	1.026036	1.020821	2035-08-07	tropics	0	0.0060402155	0.008045997	0.003879881	0.0072550294	0.0046663284	0.00670594	0.00538218	2035-08-07	tropics	0	0.0060402155	0.008045997	0.003879881	0.0072550294	0.0046663284	0.00670594	0.00538218	GARW	2036-04-01
2035-08-08	tropics	0	1.0233612	1.0312941	1.0149431	1.0281878	1.0181103	1.0260141	1.0207658	2035-08-08	tropics	0	1.0233612	1.0312941	1.0149431	1.0281878	1.0181103	1.0260141	1.0207658	2035-08-08	tropics	0	0.006033778	0.008038957	0.0038687228	0.007254839	0.004670358	0.006698489	0.005372107	2035-08-08	tropics	0	0.006033778	0.008038957	0.0038687228	0.007254839	0.004670358	0.006698489	0.005372107	GARW	2036-04-01
2035-08-09	tropics	0	1.0233343	1.0312731	1.0149274	1.0281615	1.0180817	1.0259842	1.0207229	2035-08-09	tropics	0	1.0233343	1.0312731	1.0149274	1.0281615	1.0180817	1.0259842	1.0207229	2035-08-09	tropics	0	0.0060201883	0.008032292	0.0038638473	0.0072473525	0.00467515	0.0066931844	0.005358696	2035-08-09	tropics	0	0.0060201883	0.008032292	0.0038638473	0.0072473525	0.00467515	0.0066931844	0.005358696	GARW	2036-04-01
2035-08-10	tropics	0	1.0233142	1.0311993	1.0149134	1.0281956	1.0180135	1.0259465	1.0207009	2035-08-10	tropics	0	1.0233142	1.0311993	1.0149134	1.0281956	1.0180135	1.0259465	1.0207009	2035-08-10	tropics	0	0.0060089827	0.008026821	0.0038597225	0.0072358125	0.004672813	0.0066859126	0.0053470135	2035-08-10	tropics	0	0.0060089827	0.008026821	0.0038597225	0.0072358125	0.004672813	0.0066859126	0.0053470135	GARW	2036-04-01
2035-08-11	tropics	0	1.0232797	1.031113	1.0149014	1.0281085	1.017933	1.0259173	1.0206958	2035-08-11	tropics	0	1.0232797	1.031113	1.0149014	1.0281085	1.017933	1.0259173	1.0206958	2035-08-11	tropics	0	0.0060049295	0.008013982	0.0038559856	0.007241988	0.004659152	0.0066779256	0.005338967	2035-08-11	tropics	0	0.0060049295	0.008013982	0.0038559856	0.007241988	0.004659152	0.0066779256	0.005338967	GARW	2036-04-01
2035-08-12	tropics	0	1.023253	1.031029	1.0148911	1.028077	1.017872	1.0258584	1.0206748	2035-08-12	tropics	0	1.023253	1.031029	1.0148911	1.028077	1.017872	1.0258584	1.0206748	2035-08-12	tropics	0	0.005997181	0.0079919705	0.003852749	0.007231569	0.0046370504	0.0066682696	0.0053376555	2035-08-12	tropics	0	0.005997181	0.0079919705	0.003852749	0.007231569	0.0046370504	0.0066682696	0.0053376555	GARW	2036-04-01
2035-08-13	tropics	0	1.0232241	1.0309471	1.0148827	1.028088	1.0178974	1.0257952	1.0206604	2035-08-13	tropics	0	1.0232241	1.0309471	1.0148827	1.028088	1.0178974	1.0257952	1.0206604	2035-08-13	tropics	0	0.005989313	0.007970435	0.0038498999	0.007213782	0.0046186447	0.006658435	0.0053320527	2035-08-13	tropics	0	0.005989313	0.007970435	0.0038498999	0.007213782	0.0046186447	0.006658435	0.0053320527	GARW	2036-04-01
2035-08-14	tropics	0	1.0232012	1.0308678	1.014876	1.0280502	1.017854	1.0257506	1.0206497	2035-08-14	tropics	0	1.0232012	1.0308678	1.014876	1.0280502	1.017854	1.0257506	1.0206497	2035-08-14	tropics	0	0.0059854984	0.007949603	0.0038473129	0.007216024	0.0046176435	0.0066423416	0.0053219795	2035-08-14	tropics	0	0.0059854984	0.007949603	0.0038473129	0.007216024	0.0046176435	0.0066423416	0.0053219795	GARW	2036-04-01
2035-08-15	tropics	0	1.0231869	1.0307921	1.0148711	1.027996	1.0177802	1.0257342	1.0206307	2035-08-15	tropics	0	1.0231869	1.0307921	1.0148711	1.027996	1.0177802	1.0257342	1.0206307	2035-08-15	tropics	0	0.0059765577	0.007929361	0.0038457036	0.0072123525	0.004612708	0.0066261888	0.0053259134	2035-08-15	tropics	0	0.0059765577	0.007929361	0.0038457036	0.0072123525	0.004612708	0.0066261888	0.0053259134	GARW	2036-04-01
2035-08-16	tropics	0	1.0231667	1.0307186	1.014868	1.0279933	1.017703	1.0257084	1.0206114	2035-08-16	tropics	0	1.0231667	1.0307186	1.014868	1.0279933	1.017703	1.0257084	1.0206114	2035-08-16	tropics	0	0.005972147	0.007909703	0.0038443445	0.0071998113	0.004597855	0.0066207647	0.0053198934	2035-08-16	tropics	0	0.005972147	0.007909703	0.0038443445	0.0071998113	0.004597855	0.0066207647	0.0053198934	GARW	2036-04-01
2035-08-17	tropics	0	1.0231502	1.0306743	1.014881	1.027908	1.0176826	1.025687	1.0206047	2035-08-17	tropics	0	1.0231502	1.0306743	1.014881	1.027908	1.0176826	1.025687	1.0206047	2035-08-17	tropics	0	0.0059690475	0.0078909695	0.0038431347	0.007192802	0.0045771836	0.006615579	0.005316317	2035-08-17	tropics	0	0.0059690475	0.0078909695	0.0038431347	0.007192802	0.0045771836	0.006615579	0.005316317	GARW	2036-04-01
2035-08-18	tropics	0	1.023142	1.0306636	1.0149326	1.027892	1.0177075	1.0256681	1.0205963	2035-08-18	tropics	0	1.023142	1.0306636	1.0149326	1.027892	1.0177075	1.0256681	1.0205963	2035-08-18	tropics	0	0.0059616566	0.007874287	0.0038429021	0.0071798563	0.0045629023	0.006610334	0.0053121448	2035-08-18	tropics	0	0.0059616566	0.007874287	0.0038429021	0.0071798563	0.0045629023	0.006610334	0.0053121448	GARW	2036-04-01
2035-08-19	tropics	0	1.0231087	1.0306728	1.0149835	1.0279082	1.0177094	1.025652	1.0205854	2035-08-19	tropics	0	1.0231087	1.0306728	1.0149835	1.0279082	1.0177094	1.025652	1.0205854	2035-08-19	tropics	0	0.0059598684	0.007871062	0.003855008	0.007163453	0.0045684576	0.0066040754	0.00530982	2035-08-19	tropics	0	0.0059598684	0.007871062	0.003855008	0.007163453	0.0045684576	0.0066040754	0.00530982	GARW	2036-04-01
2035-08-20	tropics	0	1.0230465	1.0306686	1.0150441	1.02787	1.0176632	1.025618	1.0205656	2035-08-20	tropics	0	1.0230465	1.0306686	1.0150441	1.02787	1.0176632	1.025618	1.0205656	2035-08-20	tropics	0	0.005954981	0.00786934	0.0038681268	0.0071711065	0.0045734406	0.006600797	0.005309403	2035-08-20	tropics	0	0.005954981	0.00786934	0.0038681268	0.0071711065	0.0045734406	0.006600797	0.005309403	GARW	2036-04-01
2035-08-21	tropics	0	1.0230052	1.030655	1.0151114	1.0278823	1.0175856	1.025548	1.0204902	2035-08-21	tropics	0	1.0230052	1.030655	1.0151114	1.0278823	1.0175856	1.025548	1.0204902	2035-08-21	tropics	0	0.005943179	0.007872546	0.0038819967	0.007166719	0.004567695	0.0065953135	0.0053041577	2035-08-21	tropics	0	0.005943179	0.007872546	0.0038819967	0.007166719	0.004567695	0.0065953135	0.0053041577	GARW	2036-04-01
2035-08-22	tropics	0	1.0229783	1.0306311	1.0151806	1.0278777	1.0175765	1.0255278	1.0204785	2035-08-22	tropics	0	1.0229783	1.0306311	1.0151806	1.0278777	1.0175765	1.0255278	1.0204785	2035-08-22	tropics	0	0.005926132	0.0078711035	0.0038992108	0.0071646688	0.004546261	0.0065792203	0.005292535	2035-08-22	tropics	0	0.005926132	0.0078711035	0.0038992108	0.0071646688	0.004546261	0.0065792203	0.005292535	GARW	2036-04-01
2035-08-23	tropics	0	1.0229256	1.0306085	1.0152328	1.0278871	1.0175731	1.025461	1.0204564	2035-08-23	tropics	0	1.0229256	1.0306085	1.0152328	1.0278871	1.0175731	1.025461	1.0204564	2035-08-23	tropics	0	0.0059230328	0.007864523	0.0039166985	0.007163501	0.004538226	0.006569028	0.0052788854	2035-08-23	tropics	0	0.0059230328	0.007864523	0.0039166985	0.007163501	0.004538226	0.006569028	0.0052788854	GARW	2036-04-01
2035-08-24	tropics	0	1.022927	1.0305849	1.0152563	1.0278746	1.0176253	1.0254401	1.0204566	2035-08-24	tropics	0	1.022927	1.0305849	1.0152563	1.0278746	1.0176253	1.0254401	1.0204566	2035-08-24	tropics	0	0.005909443	0.0078587895	0.00393455	0.0071660993	0.0045372965	0.006556809	0.0052757263	2035-08-24	tropics	0	0.005909443	0.0078587895	0.00393455	0.0071660993	0.0045372965	0.006556809	0.0052757263	GARW	2036-04-01
2035-08-25	tropics	0	1.0228796	1.0305605	1.0152802	1.0278202	1.0176296	1.0254374	1.0204343	2035-08-25	tropics	0	1.0228796	1.0305605	1.0152802	1.0278202	1.0176296	1.0254374	1.0204343	2035-08-25	tropics	0	0.005906105	0.007852931	0.0039404333	0.007163477	0.00454433	0.0065441728	0.005274296	2035-08-25	tropics	0	0.005906105	0.007852931	0.0039404333	0.007163477	0.00454433	0.0065441728	0.005274296	GARW	2036-04-01
2035-08-26	tropics	0	1.0228963	1.0305352	1.0152876	1.0278367	1.0176245	1.0254531	1.0203817	2035-08-26	tropics	0	1.0228963	1.0305352	1.0152876	1.0278367	1.0176245	1.0254531	1.0203817	2035-08-26	tropics	0	0.00589633	0.007846935	0.0039467933	0.0071518896	0.0045519113	0.006543994	0.0052728057	2035-08-26	tropics	0	0.00589633	0.007846935	0.0039467933	0.0071518896	0.0045519113	0.006543994	0.0052728057	GARW	2036-04-01
2035-08-27	tropics	0	1.0228183	1.0305145	1.0152942	1.0278523	1.0175991	1.0254287	1.0203482	2035-08-27	tropics	0	1.0228183	1.0305145	1.0152942	1.0278523	1.0175991	1.0254287	1.0203482	2035-08-27	tropics	0	0.005899787	0.007840564	0.0039499938	0.007152533	0.004550314	0.0065467954	0.005260229	2035-08-27	tropics	0	0.005899787	0.007840564	0.0039499938	0.007152533	0.004550314	0.0065467954	0.005260229	GARW	2036-04-01
2035-08-28	tropics	0	1.022821	1.0304965	1.015303	1.0278668	1.0176102	1.0254261	1.0203221	2035-08-28	tropics	0	1.022821	1.0304965	1.015303	1.0278668	1.0176102	1.0254261	1.0203221	2035-08-28	tropics	0	0.0058858395	0.007834508	0.003951782	0.00715661	0.004542613	0.006546855	0.0052497983	2035-08-28	tropics	0	0.0058858395	0.007834508	0.003951782	0.00715661	0.004542613	0.006546855	0.0052497983	GARW	2036-04-01
2035-08-29	tropics	0	1.0227934	1.0304785	1.0153141	1.0278045	1.0175945	1.0254271	1.0203177	2035-08-29	tropics	0	1.0227934	1.0304785	1.0153141	1.0278045	1.0175945	1.0254271	1.0203177	2035-08-29	tropics	0	0.005878806	0.007829889	0.003953797	0.0071604014	0.00454545	0.0065407157	0.0052411556	2035-08-29	tropics	0	0.005878806	0.007829889	0.003953797	0.0071604014	0.00454545	0.0065407157	0.0052411556	GARW	2036-04-01
2035-08-30	tropics	0	1.0227903	1.0304604	1.0153084	1.0277884	1.0175807	1.0254151	1.020304	2035-08-30	tropics	0	1.0227903	1.0304604	1.0153084	1.0277884	1.0175807	1.0254151	1.020304	2035-08-30	tropics	0	0.005872011	0.00782536	0.0039562997	0.007154107	0.0045442106	0.006541908	0.005240202	2035-08-30	tropics	0	0.005872011	0.00782536	0.0039562997	0.007154107	0.0045442106	0.006541908	0.005240202	GARW	2036-04-01
2035-08-31	tropics	0	1.022755	1.0304093	1.0152887	1.0277705	1.0175569	1.0254166	1.020297	2035-08-31	tropics	0	1.022755	1.0304093	1.0152887	1.0277705	1.0175569	1.0254166	1.020297	2035-08-31	tropics	0	0.0058733225	0.007820919	0.0039580227	0.00713489	0.004539585	0.0065395236	0.0052362084	2035-08-31	tropics	0	0.0058733225	0.007820919	0.0039580227	0.00713489	0.004539585	0.0065395236	0.0052362084	GARW	2036-04-01
2035-09-01	tropics	0	1.0226952	1.0303596	1.0152726	1.0277865	1.0175321	1.0254505	1.0202941	2035-09-01	tropics	0	1.0226952	1.0303596	1.0152726	1.0277865	1.0175321	1.0254505	1.0202941	2035-09-01	tropics	0	0.005865574	0.007810685	0.003952646	0.007144022	0.004533887	0.0065368414	0.0052318573	2035-09-01	tropics	0	0.005865574	0.007810685	0.003952646	0.007144022	0.004533887	0.0065368414	0.0052318573	GARW	2036-04-01
2035-09-02	tropics	0	1.022688	1.0303112	1.015256	1.0278043	1.0175343	1.0254378	1.0202737	2035-09-02	tropics	0	1.022688	1.0303112	1.015256	1.0278043	1.0175343	1.0254378	1.0202737	2035-09-02	tropics	0	0.0058504343	0.0077980487	0.0039480627	0.00713942	0.0045282366	0.006547332	0.0052346587	2035-09-02	tropics	0	0.0058504343	0.0077980487	0.0039480627	0.00713942	0.0045282366	0.006547332	0.0052346587	GARW	2036-04-01
2035-09-03	tropics	0	1.0227227	1.030264	1.0153165	1.0277737	1.01754	1.0254011	1.0202627	2035-09-03	tropics	0	1.0227227	1.030264	1.0153165	1.0277737	1.01754	1.0254011	1.0202627	2035-09-03	tropics	0	0.0058448315	0.007785728	0.0039440216	0.007144451	0.004523468	0.006545067	0.0052301884	2035-09-03	tropics	0	0.0058448315	0.007785728	0.0039440216	0.007144451	0.004523468	0.006545067	0.0052301884	GARW	2036-04-01
2035-09-04	tropics	0	1.0226884	1.0302182	1.0153785	1.027741	1.0175858	1.0253739	1.020256	2035-09-04	tropics	0	1.0226884	1.0302182	1.0153785	1.027741	1.0175858	1.0253739	1.020256	2035-09-04	tropics	0	0.0058506727	0.0077733956	0.003952485	0.007141089	0.0045261383	0.0065374374	0.0052262545	2035-09-04	tropics	0	0.0058506727	0.0077733956	0.003952485	0.007141089	0.0045261383	0.0065374374	0.0052262545	GARW	2036-04-01
2035-09-05	tropics	0	1.0226761	1.0301739	1.0154406	1.0277022	1.0175737	1.025342	1.0202458	2035-09-05	tropics	0	1.0226761	1.0301739	1.0154406	1.0277022	1.0175737	1.025342	1.0202458	2035-09-05	tropics	0	0.0058449507	0.0077620046	0.0039684237	0.0071327924	0.004535937	0.0065312386	0.0052257776	2035-09-05	tropics	0	0.0058449507	0.0077620046	0.0039684237	0.0071327924	0.004535937	0.0065312386	0.0052257776	GARW	2036-04-01
2035-09-06	tropics	0	1.022644	1.0301423	1.0154564	1.0276424	1.0175747	1.0253353	1.0202417	2035-09-06	tropics	0	1.022644	1.0301423	1.0154564	1.0276424	1.0175747	1.0253353	1.0202417	2035-09-06	tropics	0	0.005843997	0.0077503514	0.0039842785	0.0071241143	0.0045415643	0.006523311	0.005221963	2035-09-06	tropics	0	0.005843997	0.0077503514	0.0039842785	0.0071241143	0.0045415643	0.006523311	0.005221963	GARW	2036-04-01
2035-09-07	tropics	0	1.0226123	1.0301368	1.0154033	1.0275891	1.0176126	1.0253452	1.0202193	2035-09-07	tropics	0	1.0226123	1.0301368	1.0154033	1.0275891	1.0176126	1.0253452	1.0202193	2035-09-07	tropics	0	0.005835891	0.007739378	0.0039950428	0.007110429	0.004531479	0.0065166354	0.0052205324	2035-09-07	tropics	0	0.005835891	0.007739378	0.0039950428	0.007110429	0.004531479	0.0065166354	0.0052205324	GARW	2036-04-01
2035-09-08	tropics	0	1.022607	1.0301356	1.0153137	1.0275743	1.0175316	1.025315	1.0201755	2035-09-08	tropics	0	1.022607	1.0301356	1.0153137	1.0275743	1.0175316	1.025315	1.0201755	2035-09-08	tropics	0	0.0058273077	0.0077378275	0.003988421	0.0070949313	0.004546833	0.0065232515	0.005217612	2035-09-08	tropics	0	0.0058273077	0.0077378275	0.003988421	0.0070949313	0.004546833	0.0065232515	0.005217612	GARW	2036-04-01
2035-09-09	tropics	0	1.0226164	1.0301096	1.0152298	1.027518	1.0175341	1.0252984	1.0201352	2035-09-09	tropics	0	1.0226164	1.0301096	1.0152298	1.027518	1.0175341	1.0252984	1.0201352	2035-09-09	tropics	0	0.0058243275	0.007737226	0.0039651394	0.007089758	0.0045353174	0.006517768	0.0052049756	2035-09-09	tropics	0	0.0058243275	0.007737226	0.0039651394	0.007089758	0.0045353174	0.006517768	0.0052049756	GARW	2036-04-01
2035-09-10	tropics	0	1.0226476	1.03008	1.0151528	1.027451	1.0175362	1.0252907	1.020118	2035-09-10	tropics	0	1.0226476	1.03008	1.0151528	1.027451	1.0175362	1.0252907	1.020118	2035-09-10	tropics	0	0.0058221817	0.007732917	0.003943068	0.007079196	0.004525614	0.0065072775	0.0051965714	2035-09-10	tropics	0	0.0058221817	0.007732917	0.003943068	0.007079196	0.004525614	0.0065072775	0.0051965714	GARW	2036-04-01
2035-09-11	tropics	0	1.0226796	1.0300571	1.0151094	1.0274153	1.0175337	1.0252657	1.0200992	2035-09-11	tropics	0	1.0226796	1.0300571	1.0151094	1.0274153	1.0175337	1.0252657	1.0200992	2035-09-11	tropics	0	0.005830288	0.007725281	0.003922486	0.0070630787	0.0045298575	0.0065066814	0.005188167	2035-09-11	tropics	0	0.005830288	0.007725281	0.003922486	0.0070630787	0.0045298575	0.0065066814	0.005188167	GARW	2036-04-01
2035-09-12	tropics	0	1.0226834	1.0300996	1.0151079	1.0273722	1.0175148	1.0252577	1.0200535	2035-09-12	tropics	0	1.0226834	1.0300996	1.0151079	1.0273722	1.0175148	1.0252577	1.0200535	2035-09-12	tropics	0	0.0058385134	0.0077181105	0.0039052486	0.0070485114	0.004528594	0.0065009594	0.0051860213	2035-09-12	tropics	0	0.0058385134	0.0077181105	0.0039052486	0.0070485114	0.004528594	0.0065009594	0.0051860213	GARW	2036-04-01
2035-09-13	tropics	0	1.0226456	1.0301508	1.015109	1.0273836	1.017505	1.0252587	1.0200142	2035-09-13	tropics	0	1.0226456	1.0301508	1.015109	1.0273836	1.017505	1.0252587	1.0200142	2035-09-13	tropics	0	0.0058443546	0.007723034	0.0039046346	0.007040453	0.0045232535	0.006498635	0.0051764846	2035-09-13	tropics	0	0.0058443546	0.007723034	0.0039046346	0.007040453	0.0045232535	0.006498635	0.0051764846	GARW	2036-04-01
2035-09-14	tropics	0	1.0226233	1.0302031	1.0151116	1.027401	1.017499	1.0252632	1.0199895	2035-09-14	tropics	0	1.0226233	1.0302031	1.0151116	1.027401	1.017499	1.0252632	1.0199895	2035-09-14	tropics	0	0.005835533	0.0077358074	0.0039046346	0.007037568	0.0045197485	0.0064978004	0.0051623583	2035-09-14	tropics	0	0.005835533	0.0077358074	0.0039046346	0.007037568	0.0045197485	0.0064978004	0.0051623583	GARW	2036-04-01
2035-09-15	tropics	0	1.022604	1.0302161	1.0151137	1.0274228	1.0174967	1.0252869	1.0199472	2035-09-15	tropics	0	1.022604	1.0302161	1.0151137	1.0274228	1.0174967	1.0252869	1.0199472	2035-09-15	tropics	0	0.00583148	0.0077522947	0.00390535	0.0070412876	0.0045163394	0.0064979196	0.005157709	2035-09-15	tropics	0	0.00583148	0.0077522947	0.00390535	0.0070412876	0.0045163394	0.0064979196	0.005157709	GARW	2036-04-01
2035-09-16	tropics	0	1.0225843	1.0302322	1.0150844	1.0274462	1.017498	1.0252855	1.0198827	2035-09-16	tropics	0	1.0225843	1.0302322	1.0150844	1.0274462	1.017498	1.0252855	1.0198827	2035-09-16	tropics	0	0.005822897	0.007756305	0.0039057196	0.0070467945	0.0045170547	0.0065039992	0.005148649	2035-09-16	tropics	0	0.005822897	0.007756305	0.0039057196	0.0070467945	0.0045170547	0.0065039992	0.005148649	GARW	2036-04-01
2035-09-17	tropics	0	1.0225351	1.0302054	1.0150473	1.0274657	1.0175027	1.025319	1.0199455	2035-09-17	tropics	0	1.0225351	1.0302054	1.0150473	1.0274657	1.0175027	1.025319	1.0199455	2035-09-17	tropics	0	0.0058196783	0.0077605313	0.0039023578	0.0070524686	0.0045171976	0.0065013766	0.0051351786	2035-09-17	tropics	0	0.0058196783	0.0077605313	0.0039023578	0.0070524686	0.0045171976	0.0065013766	0.0051351786	GARW	2036-04-01
2035-09-18	tropics	0	1.022495	1.0301987	1.0150322	1.0274892	1.0175207	1.0253062	1.0199475	2035-09-18	tropics	0	1.022495	1.0301987	1.0150322	1.0274892	1.0175207	1.0253062	1.0199475	2035-09-18	tropics	0	0.005809784	0.0077549824	0.0038925647	0.007057619	0.0045180796	0.0065112114	0.0051389933	2035-09-18	tropics	0	0.005809784	0.0077549824	0.0038925647	0.007057619	0.0045180796	0.0065112114	0.0051389933	GARW	2036-04-01
2035-09-19	tropics	0	1.0224648	1.0301958	1.015034	1.0274745	1.0175284	1.0253356	1.0199459	2035-09-19	tropics	0	1.0224648	1.0301958	1.015034	1.0274745	1.0175284	1.0253356	1.0199459	2035-09-19	tropics	0	0.005799055	0.007752985	0.0038846254	0.0070628882	0.00452137	0.00651443	0.005145371	2035-09-19	tropics	0	0.005799055	0.007752985	0.0038846254	0.0070628882	0.00452137	0.00651443	0.005145371	GARW	2036-04-01
2035-09-20	tropics	0	1.0224576	1.0301979	1.0150377	1.0274279	1.0175298	1.0253367	1.0199478	2035-09-20	tropics	0	1.0224576	1.0301979	1.0150377	1.0274279	1.0175298	1.0253367	1.0199478	2035-09-20	tropics	0	0.0057883263	0.0077519533	0.0038854182	0.0070667746	0.0045265914	0.0065166354	0.005143225	2035-09-20	tropics	0	0.0057883263	0.0077519533	0.0038854182	0.0070667746	0.0045265914	0.0065166354	0.005143225	GARW	2036-04-01
2035-09-21	tropics	0	1.0224856	1.0302268	1.0150427	1.0274433	1.0175436	1.0253317	1.0199515	2035-09-21	tropics	0	1.0224856	1.0302268	1.0150427	1.0274433	1.0175436	1.0253317	1.0199515	2035-09-21	tropics	0	0.0057845116	0.0077521447	0.0038858415	0.0070554973	0.0045246603	0.006527424	0.0051449537	2035-09-21	tropics	0	0.0057845116	0.0077521447	0.0038858415	0.0070554973	0.0045246603	0.006527424	0.0051449537	GARW	2036-04-01
2035-09-22	tropics	0	1.0225269	1.0302676	1.0150565	1.0274282	1.0175416	1.0253153	1.0199673	2035-09-22	tropics	0	1.0225269	1.0302676	1.0150565	1.0274282	1.0175416	1.0253153	1.0199673	2035-09-22	tropics	0	0.0057884455	0.0077561447	0.003887546	0.007047343	0.0045273304	0.0065174103	0.0051443577	2035-09-22	tropics	0	0.0057884455	0.0077561447	0.003887546	0.007047343	0.0045273304	0.0065174103	0.0051443577	GARW	2036-04-01
2035-09-23	tropics	0	1.0225668	1.0303106	1.015057	1.0274107	1.0175297	1.0252829	1.019981	2035-09-23	tropics	0	1.0225668	1.0303106	1.015057	1.0274107	1.0175297	1.0252829	1.019981	2035-09-23	tropics	0	0.005800128	0.007766295	0.0038915218	0.007052493	0.00452981	0.0065170527	0.00514704	2035-09-23	tropics	0	0.005800128	0.007766295	0.0038915218	0.007052493	0.00452981	0.0065170527	0.00514704	GARW	2036-04-01
2035-09-24	tropics	0	1.0226165	1.0303557	1.0150511	1.0273999	1.0175151	1.0253069	1.0199754	2035-09-24	tropics	0	1.0226165	1.0303557	1.0150511	1.0273999	1.0175151	1.0253069	1.0199754	2035-09-24	tropics	0	0.005809903	0.0077768215	0.00389179	0.007046485	0.004527497	0.00650537	0.005153239	2035-09-24	tropics	0	0.005809903	0.0077768215	0.00389179	0.007046485	0.004527497	0.00650537	0.005153239	GARW	2036-04-01
2035-09-25	tropics	0	1.0226398	1.0304028	1.0150449	1.0273883	1.0175004	1.0253209	1.0199172	2035-09-25	tropics	0	1.0226398	1.0304028	1.0150449	1.0273883	1.0175004	1.0253209	1.0199172	2035-09-25	tropics	0	0.00582242	0.0077882	0.0038907528	0.007044148	0.004523492	0.006509602	0.0051517487	2035-09-25	tropics	0	0.00582242	0.0077882	0.0038907528	0.007044148	0.004523492	0.006509602	0.0051517487	GARW	2036-04-01
2035-09-26	tropics	0	1.0225971	1.0304518	1.015066	1.0273763	1.0174859	1.0253148	1.0199432	2035-09-26	tropics	0	1.0225971	1.0304518	1.015066	1.0273763	1.0174859	1.0253148	1.0199432	2035-09-26	tropics	0	0.0058315992	0.007799954	0.0038892806	0.0070414296	0.00451982	0.006513357	0.0051452518	2035-09-26	tropics	0	0.0058315992	0.007799954	0.0038892806	0.0070414296	0.00451982	0.006513357	0.0051452518	GARW	2036-04-01
2035-09-27	tropics	0	1.0225985	1.0305028	1.0150198	1.0273588	1.0174751	1.0253134	1.0199087	2035-09-27	tropics	0	1.0225985	1.0305028	1.0150198	1.0273588	1.0174751	1.0253134	1.0199087	2035-09-27	tropics	0	0.0058225393	0.007812197	0.003889501	0.0070384964	0.0045160055	0.0065146685	0.005137801	2035-09-27	tropics	0	0.0058225393	0.007812197	0.003889501	0.0070384964	0.0045160055	0.0065146685	0.005137801	GARW	2036-04-01
2035-09-28	tropics	0	1.0226214	1.0305555	1.0150515	1.027346	1.0174586	1.025291	1.0199083	2035-09-28	tropics	0	1.0226214	1.0305555	1.0150515	1.027346	1.0174586	1.025291	1.0199083	2035-09-28	tropics	0	0.005820751	0.00782503	0.0038868845	0.007034896	0.004513693	0.0065107346	0.005140364	2035-09-28	tropics	0	0.005820751	0.00782503	0.0038868845	0.007034896	0.004513693	0.0065107346	0.005140364	GARW	2036-04-01
2035-09-29	tropics	0	1.0226302	1.0305874	1.015129	1.0273631	1.0174439	1.0252678	1.0199087	2035-09-29	tropics	0	1.0226302	1.0305874	1.015129	1.0273631	1.0174439	1.0252678	1.0199087	2035-09-29	tropics	0	0.005824566	0.007838024	0.0038829148	0.0070285066	0.004509163	0.006507635	0.005129993	2035-09-29	tropics	0	0.005824566	0.007838024	0.0038829148	0.0070285066	0.004509163	0.006507635	0.005129993	GARW	2036-04-01
2035-09-30	tropics	0	1.022582	1.0306021	1.0152094	1.0273795	1.0174314	1.025251	1.0198449	2035-09-30	tropics	0	1.022582	1.0306021	1.0152094	1.0273795	1.0174314	1.025251	1.0198449	2035-09-30	tropics	0	0.005830407	0.007849992	0.003902483	0.0070322263	0.004505062	0.006503582	0.0051359534	2035-09-30	tropics	0	0.005830407	0.007849992	0.003902483	0.0070322263	0.004505062	0.006503582	0.0051359534	GARW	2036-04-01
2035-10-01	tropics	0	1.022593	1.0306157	1.0152619	1.0274048	1.0174273	1.0252318	1.0198046	2035-10-01	tropics	0	1.022593	1.0306157	1.0152619	1.0274048	1.0174273	1.0252318	1.0198046	2035-10-01	tropics	0	0.0058208704	0.007853801	0.003922993	0.007036471	0.0045018434	0.006498337	0.0051241517	2035-10-01	tropics	0	0.0058208704	0.007853801	0.003922993	0.007036471	0.0045018434	0.006498337	0.0051241517	GARW	2036-04-01
2035-10-02	tropics	0	1.0226054	1.0306283	1.015237	1.027433	1.017448	1.0252403	1.019839	2035-10-02	tropics	0	1.0226054	1.0306283	1.015237	1.027433	1.017448	1.0252403	1.019839	2035-10-02	tropics	0	0.0058181286	0.007857496	0.003943694	0.007041669	0.0044986727	0.006494403	0.005109906	2035-10-02	tropics	0	0.0058181286	0.007857496	0.003943694	0.007041669	0.0044986727	0.006494403	0.005109906	GARW	2036-04-01
2035-10-03	tropics	0	1.0225834	1.0306431	1.0153177	1.0274513	1.0174704	1.0252445	1.0198516	2035-10-03	tropics	0	1.0225834	1.0306431	1.0153177	1.0274513	1.0174704	1.0252445	1.0198516	2035-10-03	tropics	0	0.0058221817	0.007860452	0.0039408146	0.0070490832	0.004504728	0.006493926	0.0051116943	2035-10-03	tropics	0	0.0058221817	0.007860452	0.0039408146	0.0070490832	0.004504728	0.006493926	0.0051116943	GARW	2036-04-01
2035-10-04	tropics	0	1.0225842	1.0306641	1.0153692	1.027393	1.0175232	1.0252503	1.0198193	2035-10-04	tropics	0	1.0225842	1.0306641	1.0153692	1.027393	1.0175232	1.0252503	1.0198193	2035-10-04	tropics	0	0.0058164597	0.007864261	0.003951198	0.0070549957	0.004516578	0.006494701	0.0051208735	2035-10-04	tropics	0	0.0058164597	0.007864261	0.003951198	0.0070549957	0.004516578	0.006494701	0.0051208735	GARW	2036-04-01
2035-10-05	tropics	0	1.0225894	1.0307229	1.0153794	1.0274163	1.0175524	1.0252347	1.0198135	2035-10-05	tropics	0	1.0225894	1.0307229	1.0153794	1.0274163	1.0175524	1.0252347	1.0198135	2035-10-05	tropics	0	0.005818844	0.007867767	0.003967452	0.007049608	0.004519296	0.006493151	0.005118549	2035-10-05	tropics	0	0.005818844	0.007867767	0.003967452	0.007049608	0.004519296	0.006493151	0.005118549	GARW	2036-04-01
2035-10-06	tropics	0	1.0225832	1.0307816	1.0153663	1.0274516	1.0175505	1.0252265	1.0198237	2035-10-06	tropics	0	1.0225832	1.0307816	1.0153663	1.0274516	1.0175505	1.0252265	1.0198237	2035-10-06	tropics	0	0.0058162212	0.007880116	0.003975558	0.0070446967	0.0045295237	0.0064955354	0.0051021576	2035-10-06	tropics	0	0.0058162212	0.007880116	0.003975558	0.0070446967	0.0045295237	0.0064955354	0.0051021576	GARW	2036-04-01
2035-10-07	tropics	0	1.0226185	1.03084	1.0153551	1.0274897	1.0175967	1.0252588	1.0198216	2035-10-07	tropics	0	1.0226185	1.03084	1.0153551	1.0274897	1.0175967	1.0252588	1.0198216	2035-10-07	tropics	0	0.0058187246	0.007895196	0.0039720596	0.0070525645	0.004532623	0.006491542	0.0051134825	2035-10-07	tropics	0	0.0058187246	0.007895196	0.0039720596	0.0070525645	0.004532623	0.006491542	0.0051134825	GARW	2036-04-01
2035-10-08	tropics	0	1.0226328	1.0308983	1.015346	1.0274888	1.0175966	1.0253308	1.0198379	2035-10-08	tropics	0	1.0226328	1.0308983	1.015346	1.0274888	1.0175966	1.0253308	1.0198379	2035-10-08	tropics	0	0.005822897	0.007909799	0.0039690197	0.0070623634	0.0045387507	0.0064947605	0.005111456	2035-10-08	tropics	0	0.005822897	0.007909799	0.0039690197	0.0070623634	0.0045387507	0.0064947605	0.005111456	GARW	2036-04-01
2035-10-09	tropics	0	1.0226097	1.0309134	1.0153592	1.0274428	1.0175565	1.0253589	1.0198627	2035-10-09	tropics	0	1.0226097	1.0309134	1.0153592	1.0274428	1.0175565	1.0253589	1.0198627	2035-10-09	tropics	0	0.0058276653	0.007924765	0.0039664805	0.0070695397	0.004546523	0.0065119863	0.0051139593	2035-10-09	tropics	0	0.0058276653	0.007924765	0.0039664805	0.0070695397	0.004546523	0.0065119863	0.0051139593	GARW	2036-04-01
2035-10-10	tropics	0	1.0225756	1.0308634	1.0153825	1.0274522	1.0174947	1.025315	1.019846	2035-10-10	tropics	0	1.0225756	1.0308634	1.0153825	1.0274522	1.0174947	1.025315	1.019846	2035-10-10	tropics	0	0.005828023	0.007937908	0.0039661704	0.007059168	0.0045381067	0.00652194	0.005121231	2035-10-10	tropics	0	0.005828023	0.007937908	0.0039661704	0.007059168	0.0045381067	0.00652194	0.005121231	GARW	2036-04-01
2035-10-11	tropics	0	1.0225592	1.0308131	1.0153733	1.0274571	1.0174483	1.025336	1.0198677	2035-10-11	tropics	0	1.0225592	1.0308131	1.0153733	1.0274571	1.0174483	1.025336	1.0198677	2035-10-11	tropics	0	0.005818963	0.0079257665	0.0039741932	0.00705142	0.004521513	0.006518364	0.0051220655	2035-10-11	tropics	0	0.005818963	0.0079257665	0.0039741932	0.00705142	0.004521513	0.006518364	0.0051220655	GARW	2036-04-01
2035-10-12	tropics	0	1.0225701	1.0307624	1.0153935	1.0275066	1.0174024	1.0253589	1.0198115	2035-10-12	tropics	0	1.0225701	1.0307624	1.0153935	1.0275066	1.0174024	1.0253589	1.0198115	2035-10-12	tropics	0	0.005812049	0.007913172	0.003974038	0.007051754	0.004509306	0.0065157413	0.0051195025	2035-10-12	tropics	0	0.005812049	0.007913172	0.003974038	0.007051754	0.004509306	0.0065157413	0.0051195025	GARW	2036-04-01
2035-10-13	tropics	0	1.0225875	1.0307169	1.0154452	1.0275117	1.0173844	1.0253813	1.0197707	2035-10-13	tropics	0	1.0225875	1.0307169	1.0154452	1.0275117	1.0173844	1.0253813	1.0197707	2035-10-13	tropics	0	0.005816698	0.00790025	0.003973055	0.007064438	0.0044970987	0.006523788	0.005115986	2035-10-13	tropics	0	0.005816698	0.00790025	0.003973055	0.007064438	0.0044970987	0.006523788	0.005115986	GARW	2036-04-01
2035-10-14	tropics	0	1.0225857	1.0307136	1.0154964	1.0275663	1.0174575	1.0254301	1.0197446	2035-10-14	tropics	0	1.0225857	1.0307136	1.0154964	1.0275663	1.0174575	1.0254301	1.0197446	2035-10-14	tropics	0	0.0058152676	0.007887454	0.003986591	0.007072401	0.0044864654	0.006529391	0.0050988197	2035-10-14	tropics	0	0.0058152676	0.007887454	0.003986591	0.007072401	0.0044864654	0.006529391	0.0050988197	GARW	2036-04-01
2035-10-15	tropics	0	1.0225978	1.0307102	1.015514	1.0275855	1.01755	1.0254472	1.019769	2035-10-15	tropics	0	1.0225978	1.0307102	1.015514	1.0275855	1.01755	1.0254472	1.019769	2035-10-15	tropics	0	0.005815983	0.007883853	0.0039996444	0.00708251	0.004498792	0.0065372586	0.0050970316	2035-10-15	tropics	0	0.005815983	0.007883853	0.0039996444	0.00708251	0.004498792	0.0065372586	0.0050970316	GARW	2036-04-01
2035-10-16	tropics	0	1.0226417	1.0307077	1.0154921	1.0276438	1.0176399	1.025394	1.0198226	2035-10-16	tropics	0	1.0226417	1.0307077	1.0154921	1.0276438	1.0176399	1.025394	1.0198226	2035-10-16	tropics	0	0.0058199167	0.007882744	0.0040111006	0.0070852274	0.004522848	0.0065490603	0.0050937533	2035-10-16	tropics	0	0.0058199167	0.007882744	0.0040111006	0.0070852274	0.004522848	0.0065490603	0.0050937533	GARW	2036-04-01
2035-10-17	tropics	0	1.0227009	1.0307038	1.015471	1.027664	1.0176854	1.0254133	1.0198666	2035-10-17	tropics	0	1.0227009	1.0307038	1.015471	1.027664	1.0176854	1.0254133	1.0198666	2035-10-17	tropics	0	0.0058276653	0.007882237	0.0040053665	0.0070994375	0.0045460463	0.006535411	0.0051075816	2035-10-17	tropics	0	0.0058276653	0.007882237	0.0040053665	0.0070994375	0.0045460463	0.006535411	0.0051075816	GARW	2036-04-01
2035-10-18	tropics	0	1.022744	1.0307397	1.0154468	1.0276868	1.0176924	1.0254307	1.0199035	2035-10-18	tropics	0	1.022744	1.0307397	1.0154468	1.0276868	1.0176924	1.0254307	1.0199035	2035-10-18	tropics	0	0.005842328	0.007881153	0.0039997697	0.0071055884	0.0045650243	0.00653702	0.0051192045	2035-10-18	tropics	0	0.005842328	0.007881153	0.0039997697	0.0071055884	0.0045650243	0.00653702	0.0051192045	GARW	2036-04-01
2035-10-19	tropics	0	1.0227748	1.0307931	1.015514	1.0276936	1.0177076	1.0254369	1.019946	2035-10-19	tropics	0	1.0227748	1.0307931	1.015514	1.0276936	1.0177076	1.0254369	1.019946	2035-10-19	tropics	0	0.005856037	0.007885028	0.0039940416	0.007114649	0.004567194	0.0065407157	0.0051284432	2035-10-19	tropics	0	0.005856037	0.007885028	0.0039940416	0.007114649	0.004567194	0.0065407157	0.0051284432	GARW	2036-04-01
2035-10-20	tropics	0	1.0227909	1.030847	1.0155308	1.0276772	1.0176766	1.0254352	1.0199771	2035-10-20	tropics	0	1.0227909	1.030847	1.0155308	1.0276772	1.0176766	1.0254352	1.0199771	2035-10-20	tropics	0	0.0058630705	0.007899172	0.004000223	0.0071172235	0.004576421	0.0065433383	0.0051389933	2035-10-20	tropics	0	0.0058630705	0.007899172	0.004000223	0.0071172235	0.004576421	0.0065433383	0.0051389933	GARW	2036-04-01
2035-10-21	tropics	0	1.022825	1.0308976	1.0154936	1.0276941	1.0176647	1.0254629	1.0199894	2035-10-21	tropics	0	1.022825	1.0308976	1.0154936	1.0276941	1.0176647	1.0254629	1.0199894	2035-10-21	tropics	0	0.0058665276	0.007912446	0.0040163817	0.0071151974	0.0045622825	0.0065463185	0.005150616	2035-10-21	tropics	0	0.0058665276	0.007912446	0.0040163817	0.0071151974	0.0045622825	0.0065463185	0.005150616	GARW	2036-04-01
2035-10-22	tropics	0	1.022814	1.0309447	1.0154576	1.0276803	1.0176916	1.0254996	1.0199704	2035-10-22	tropics	0	1.022814	1.0309447	1.0154576	1.0276803	1.0176916	1.0254996	1.0199704	2035-10-22	tropics	0	0.0058727264	0.007925505	0.0040071188	0.007116771	0.004562235	0.006547451	0.005153358	2035-10-22	tropics	0	0.0058727264	0.007925505	0.0040071188	0.007116771	0.004562235	0.006547451	0.005153358	GARW	2036-04-01
2035-10-23	tropics	0	1.0228385	1.0309881	1.0154185	1.0276605	1.017674	1.0255497	1.019984	2035-10-23	tropics	0	1.0228385	1.0309881	1.0154185	1.0276605	1.017674	1.0255497	1.019984	2035-10-23	tropics	0	0.0058772564	0.007937975	0.003997594	0.007116103	0.0045675994	0.006554842	0.0051513314	2035-10-23	tropics	0	0.0058772564	0.007937975	0.003997594	0.007116103	0.0045675994	0.006554842	0.0051513314	GARW	2036-04-01
2035-10-24	tropics	0	1.022848	1.0310223	1.0154086	1.027724	1.0176679	1.0255576	1.0200078	2035-10-24	tropics	0	1.022848	1.0310223	1.0154086	1.027724	1.0176679	1.0255576	1.0200078	2035-10-24	tropics	0	0.005878091	0.007949378	0.0039853216	0.0071110483	0.004561615	0.006570101	0.00515306	2035-10-24	tropics	0	0.005878091	0.007949378	0.0039853216	0.0071110483	0.004561615	0.006570101	0.00515306	GARW	2036-04-01
2035-10-25	tropics	0	1.0228553	1.0309856	1.0154021	1.0277276	1.017582	1.0256023	1.0200346	2035-10-25	tropics	0	1.0228553	1.0309856	1.0154021	1.0277276	1.017582	1.0256023	1.0200346	2035-10-25	tropics	0	0.0058836937	0.007959726	0.0039823772	0.0071167704	0.004565525	0.006570101	0.005158007	2035-10-25	tropics	0	0.0058836937	0.007959726	0.0039823772	0.0071167704	0.004565525	0.006570101	0.005158007	GARW	2036-04-01
2035-10-26	tropics	0	1.0228344	1.0309678	1.0153985	1.0277295	1.0175345	1.0256028	1.0200629	2035-10-26	tropics	0	1.0228344	1.0309678	1.0153985	1.0277295	1.0175345	1.0256028	1.0200629	2035-10-26	tropics	0	0.0058846474	0.007955989	0.0039804876	0.0071259975	0.004547477	0.0065856576	0.0051641464	2035-10-26	tropics	0	0.0058846474	0.007955989	0.0039804876	0.0071259975	0.004547477	0.0065856576	0.0051641464	GARW	2036-04-01
2035-10-27	tropics	0	1.0228357	1.030947	1.0153974	1.027725	1.0175191	1.0255957	1.0200472	2035-10-27	tropics	0	1.0228357	1.030947	1.0153974	1.027725	1.0175191	1.0255957	1.0200472	2035-10-27	tropics	0	0.005885124	0.007949617	0.0039792894	0.0071268557	0.0045340536	0.0065864325	0.0051710606	2035-10-27	tropics	0	0.005885124	0.007949617	0.0039792894	0.0071268557	0.0045340536	0.0065864325	0.0051710606	GARW	2036-04-01
2035-10-28	tropics	0	1.0228511	1.0309231	1.0153971	1.0277021	1.0175171	1.0256034	1.0200995	2035-10-28	tropics	0	1.0228511	1.0309231	1.0153971	1.0277021	1.0175171	1.0256034	1.0200995	2035-10-28	tropics	0	0.0058779716	0.007944669	0.0039790333	0.007126641	0.0045248033	0.006582856	0.0051697493	2035-10-28	tropics	0	0.0058779716	0.007944669	0.0039790333	0.007126641	0.0045248033	0.006582856	0.0051697493	GARW	2036-04-01
2035-10-29	tropics	0	1.0228419	1.0308988	1.0153992	1.0276738	1.0174778	1.0256133	1.0200925	2035-10-29	tropics	0	1.0228419	1.0308988	1.0153992	1.0276738	1.0174778	1.0256133	1.0200925	2035-10-29	tropics	0	0.0058841705	0.007938993	0.0039787055	0.0071225166	0.0045218943	0.0065866113	0.005177617	2035-10-29	tropics	0	0.0058841705	0.007938993	0.0039787055	0.0071225166	0.0045218943	0.0065866113	0.005177617	GARW	2036-04-01
2035-10-30	tropics	0	1.0228497	1.0308746	1.0154037	1.0276438	1.0174508	1.0255908	1.0200753	2035-10-30	tropics	0	1.0228497	1.0308746	1.0154037	1.0276438	1.0174508	1.0255908	1.0200753	2035-10-30	tropics	0	0.0058858395	0.007932496	0.0039789975	0.0071155787	0.0045230626	0.006587982	0.005185008	2035-10-30	tropics	0	0.0058858395	0.007932496	0.0039789975	0.0071155787	0.0045230626	0.006587982	0.005185008	GARW	2036-04-01
2035-10-31	tropics	0	1.0228388	1.0308474	1.0154104	1.0276453	1.0174514	1.0255765	1.0200579	2035-10-31	tropics	0	1.0228388	1.0308474	1.0154104	1.0276453	1.0174514	1.0255765	1.0200579	2035-10-31	tropics	0	0.005888462	0.007926763	0.003980142	0.007108068	0.0045050858	0.006586671	0.005178869	2035-10-31	tropics	0	0.005888462	0.007926763	0.003980142	0.007108068	0.0045050858	0.006586671	0.005178869	GARW	2036-04-01
2035-11-01	tropics	0	1.0228512	1.0308176	1.015419	1.027677	1.0173923	1.0255651	1.0200019	2035-11-01	tropics	0	1.0228512	1.0308176	1.015419	1.027677	1.0173923	1.0255651	1.0200019	2035-11-01	tropics	0	0.0058836937	0.0079199625	0.0039815367	0.0071030855	0.0045066597	0.006580472	0.005174339	2035-11-01	tropics	0	0.0058836937	0.0079199625	0.0039815367	0.0071030855	0.0045066597	0.006580472	0.005174339	GARW	2036-04-01
2035-11-02	tropics	0	1.0228201	1.0308347	1.0154359	1.0277108	1.0174478	1.0255393	1.0199242	2035-11-02	tropics	0	1.0228201	1.0308347	1.0154359	1.0277108	1.0174478	1.0255393	1.0199242	2035-11-02	tropics	0	0.0058811903	0.007912685	0.003983545	0.007106924	0.004495883	0.0065787435	0.0051662326	2035-11-02	tropics	0	0.0058811903	0.007912685	0.003983545	0.007106924	0.004495883	0.0065787435	0.0051662326	GARW	2036-04-01
2035-11-03	tropics	0	1.0227966	1.0309163	1.0154735	1.0277454	1.0174197	1.0255198	1.0199348	2035-11-03	tropics	0	1.0227966	1.0309163	1.0154735	1.0277454	1.0174197	1.0255198	1.0199348	2035-11-03	tropics	0	0.0058820248	0.007906529	0.003986144	0.007119417	0.0045027016	0.00657326	0.0051449537	2035-11-03	tropics	0	0.0058820248	0.007906529	0.003986144	0.007119417	0.0045027016	0.00657326	0.0051449537	GARW	2036-04-01
2035-11-04	tropics	0	1.0227644	1.0309954	1.0155102	1.0277696	1.0173993	1.0255055	1.0199373	2035-11-04	tropics	0	1.0227644	1.0309954	1.0155102	1.0277696	1.0173993	1.0255055	1.0199373	2035-11-04	tropics	0	0.00587523	0.007927503	0.0039951503	0.0071281428	0.0045015095	0.0065695643	0.0051382184	2035-11-04	tropics	0	0.00587523	0.007927503	0.0039951503	0.0071281428	0.0045015095	0.0065695643	0.0051382184	GARW	2036-04-01
2035-11-05	tropics	0	1.0227746	1.0310713	1.0155028	1.0277961	1.0174038	1.0255055	1.0199901	2035-11-05	tropics	0	1.0227746	1.0310713	1.0155028	1.0277961	1.0174038	1.0255055	1.0199901	2035-11-05	tropics	0	0.0058660507	0.007947661	0.004004872	0.0071345093	0.004491663	0.006563604	0.0051466823	2035-11-05	tropics	0	0.0058660507	0.007947661	0.004004872	0.0071345093	0.004491663	0.006563604	0.0051466823	GARW	2036-04-01
2035-11-06	tropics	0	1.0227978	1.0311502	1.0154899	1.0277978	1.0174218	1.0255241	1.0199795	2035-11-06	tropics	0	1.0227978	1.0311502	1.0154899	1.0277978	1.0174218	1.0255241	1.0199795	2035-11-06	tropics	0	0.0058647394	0.00796733	0.004007411	0.0071421624	0.004490352	0.006561756	0.0051450133	2035-11-06	tropics	0	0.0058647394	0.00796733	0.004007411	0.0071421624	0.004490352	0.006561756	0.0051450133	GARW	2036-04-01
2035-11-07	tropics	0	1.0228366	1.0312259	1.0154727	1.0278287	1.0173976	1.0255309	1.0199769	2035-11-07	tropics	0	1.0228366	1.0312259	1.0154727	1.0278287	1.0173976	1.0255309	1.0199769	2035-11-07	tropics	0	0.0058686733	0.00798691	0.004004264	0.007142258	0.0044967653	0.006566167	0.0051581264	2035-11-07	tropics	0	0.0058686733	0.00798691	0.004004264	0.007142258	0.0044967653	0.006566167	0.0051581264	GARW	2036-04-01
2035-11-08	tropics	0	1.0228446	1.031298	1.0154521	1.0278386	1.017364	1.0255532	1.0199978	2035-11-08	tropics	0	1.0228446	1.031298	1.0154521	1.0278386	1.017364	1.0255532	1.0199978	2035-11-08	tropics	0	0.005878687	0.008006556	0.004000473	0.0071482416	0.0044946433	0.0065674186	0.005145788	2035-11-08	tropics	0	0.005878687	0.008006556	0.004000473	0.0071482416	0.0044946433	0.0065674186	0.005145788	GARW	2036-04-01
2035-11-09	tropics	0	1.0228693	1.0313662	1.0153953	1.0278522	1.017362	1.0255194	1.0199887	2035-11-09	tropics	0	1.0228693	1.0313662	1.0153953	1.0278522	1.017362	1.0255194	1.0199887	2035-11-09	tropics	0	0.005881071	0.008024999	0.0039951983	0.0071542263	0.00448761	0.0065749884	0.0051584244	2035-11-09	tropics	0	0.005881071	0.008024999	0.0039951983	0.0071542263	0.00448761	0.0065749884	0.0051584244	GARW	2036-04-01
2035-11-10	tropics	0	1.022835	1.031374	1.0153735	1.0278733	1.017392	1.025507	1.0200084	2035-11-10	tropics	0	1.022835	1.031374	1.0153735	1.0278733	1.017392	1.025507	1.0200084	2035-11-10	tropics	0	0.005889535	0.008042851	0.0039841593	0.007157159	0.0044805766	0.0065686703	0.0051546693	2035-11-10	tropics	0	0.005889535	0.008042851	0.0039841593	0.007157159	0.0044805766	0.0065686703	0.0051546693	GARW	2036-04-01
2035-11-11	tropics	0	1.0228359	1.0313505	1.0153571	1.0278776	1.0173862	1.0255144	1.0200297	2035-11-11	tropics	0	1.0228359	1.0313505	1.0153571	1.0278776	1.0173862	1.0255144	1.0200297	2035-11-11	tropics	0	0.0058864355	0.00805274	0.0039746882	0.007161975	0.0044881343	0.0065635443	0.005155325	2035-11-11	tropics	0	0.0058864355	0.00805274	0.0039746882	0.007161975	0.0044881343	0.0065635443	0.005155325	GARW	2036-04-01
2035-11-12	tropics	0	1.0227818	1.0313215	1.0153372	1.0278525	1.0173692	1.0255133	1.0200236	2035-11-12	tropics	0	1.0227818	1.0313215	1.0153372	1.0278525	1.0173692	1.0255133	1.0200236	2035-11-12	tropics	0	0.005884409	0.008047381	0.003970522	0.0071646688	0.0044861315	0.0065640807	0.0051651597	2035-11-12	tropics	0	0.005884409	0.008047381	0.003970522	0.0071646688	0.0044861315	0.0065640807	0.0051651597	GARW	2036-04-01
2035-11-13	tropics	0	1.022713	1.0312872	1.0153356	1.0278096	1.0173316	1.0254819	1.0199854	2035-11-13	tropics	0	1.022713	1.0312872	1.0153356	1.0278096	1.0173316	1.0254819	1.0199854	2035-11-13	tropics	0	0.005875945	0.008040466	0.003966057	0.007162833	0.0044869184	0.0065634847	0.005165875	2035-11-13	tropics	0	0.005875945	0.008040466	0.003966057	0.007162833	0.0044869184	0.0065634847	0.005165875	GARW	2036-04-01
2035-11-14	tropics	0	1.0226972	1.0312423	1.0153437	1.0278659	1.0172676	1.0254695	1.0199537	2035-11-14	tropics	0	1.0226972	1.0312423	1.0153437	1.0278659	1.0172676	1.0254695	1.0199537	2035-11-14	tropics	0	0.0058557987	0.008032437	0.003962451	0.007144689	0.004480839	0.0065586567	0.0051584244	2035-11-14	tropics	0	0.0058557987	0.008032437	0.003962451	0.007144689	0.004480839	0.0065586567	0.0051584244	GARW	2036-04-01
2035-11-15	tropics	0	1.0226527	1.0311856	1.0153433	1.0279187	1.0172361	1.0254612	1.0199296	2035-11-15	tropics	0	1.0226527	1.0311856	1.0153433	1.0279187	1.0172361	1.0254612	1.0199296	2035-11-15	tropics	0	0.005845785	0.008022466	0.003964603	0.007156348	0.0044625998	0.0065490603	0.0051498413	2035-11-15	tropics	0	0.005845785	0.008022466	0.003964603	0.007156348	0.0044625998	0.0065490603	0.0051498413	GARW	2036-04-01
2035-11-16	tropics	0	1.022637	1.0311298	1.0152657	1.0279673	1.0172117	1.0255046	1.0198684	2035-11-16	tropics	0	1.022637	1.0311298	1.0152657	1.0279673	1.0172117	1.0255046	1.0198684	2035-11-16	tropics	0	0.005838394	0.008008422	0.0039668917	0.007171631	0.0044575455	0.006552875	0.0051415563	2035-11-16	tropics	0	0.005838394	0.008008422	0.0039668917	0.007171631	0.0044575455	0.006552875	0.0051415563	GARW	2036-04-01
2035-11-17	tropics	0	1.0225954	1.031096	1.0152279	1.0279613	1.0172073	1.0255228	1.0198096	2035-11-17	tropics	0	1.0225954	1.031096	1.0152279	1.0279613	1.0172073	1.0255228	1.0198096	2035-11-17	tropics	0	0.005829811	0.007993527	0.003955406	0.0071864366	0.0044452427	0.0065562725	0.005129695	2035-11-17	tropics	0	0.005829811	0.007993527	0.003955406	0.0071864366	0.0044452427	0.0065562725	0.005129695	GARW	2036-04-01
2035-11-18	tropics	0	1.022546	1.0310917	1.0151224	1.0279346	1.0172106	1.0255105	1.0197184	2035-11-18	tropics	0	1.022546	1.0310917	1.0151224	1.0279346	1.0172106	1.0255105	1.0197184	2035-11-18	tropics	0	0.005824566	0.007983489	0.0039412617	0.0071872473	0.004443479	0.0065661073	0.005114138	2035-11-18	tropics	0	0.005824566	0.007983489	0.0039412617	0.0071872473	0.004443479	0.0065661073	0.005114138	GARW	2036-04-01
2035-11-19	tropics	0	1.0224979	1.0311134	1.0150158	1.0279534	1.017203	1.0254953	1.01968	2035-11-19	tropics	0	1.0224979	1.0311134	1.0150158	1.0279534	1.017203	1.0254953	1.01968	2035-11-19	tropics	0	0.005813718	0.007981044	0.003918743	0.007181668	0.0044439794	0.0065644383	0.0050946474	2035-11-19	tropics	0	0.005813718	0.007981044	0.003918743	0.007181668	0.0044439794	0.0065644383	0.0050946474	GARW	2036-04-01
2035-11-20	tropics	0	1.0224631	1.0311402	1.0149338	1.0279633	1.0171748	1.0254856	1.0196601	2035-11-20	tropics	0	1.0224631	1.0311402	1.0149338	1.0279633	1.0171748	1.0254856	1.0196601	2035-11-20	tropics	0	0.00579834	0.007978541	0.0038912713	0.007181096	0.004440999	0.006557226	0.00507617	2035-11-20	tropics	0	0.00579834	0.007978541	0.0038912713	0.007181096	0.004440999	0.006557226	0.00507617	GARW	2036-04-01
2035-11-21	tropics	0	1.0224264	1.0311273	1.014906	1.0279477	1.0171412	1.0254626	1.019629	2035-11-21	tropics	0	1.0224264	1.0311273	1.014906	1.0279477	1.0171412	1.0254626	1.019629	2035-11-21	tropics	0	0.0057891607	0.007992524	0.0038637638	0.00718317	0.004438472	0.0065592527	0.0050742626	2035-11-21	tropics	0	0.0057891607	0.007992524	0.0038637638	0.00718317	0.004438472	0.0065592527	0.0050742626	GARW	2036-04-01
2035-11-22	tropics	0	1.0224142	1.0311133	1.0148424	1.0279156	1.0171105	1.0254414	1.0196085	2035-11-22	tropics	0	1.0224142	1.0311133	1.0148424	1.0279156	1.0171105	1.0254414	1.0196085	2035-11-22	tropics	0	0.005780101	0.007989371	0.0038555204	0.0071924687	0.0044291737	0.0065528154	0.005068302	2035-11-22	tropics	0	0.005780101	0.007989371	0.0038555204	0.0071924687	0.0044291737	0.0065528154	0.005068302	GARW	2036-04-01
2035-11-23	tropics	0	1.022421	1.0310981	1.0147449	1.027901	1.0170784	1.0254173	1.0195804	2035-11-23	tropics	0	1.022421	1.0310981	1.0147449	1.027901	1.0170784	1.0254173	1.0195804	2035-11-23	tropics	0	0.0057709217	0.007985868	0.003845644	0.007175946	0.004421711	0.006547272	0.005063057	2035-11-23	tropics	0	0.0057709217	0.007985868	0.003845644	0.007175946	0.004421711	0.006547272	0.005063057	GARW	2036-04-01
2035-11-24	tropics	0	1.022394	1.0310818	1.0146477	1.0279635	1.0169425	1.0254052	1.0195606	2035-11-24	tropics	0	1.022394	1.0310818	1.0146477	1.0279635	1.0169425	1.0254052	1.0195606	2035-11-24	tropics	0	0.005774975	0.007982202	0.0038207888	0.0071722977	0.0044133663	0.0065400004	0.005050361	2035-11-24	tropics	0	0.005774975	0.007982202	0.0038207888	0.0071722977	0.0044133663	0.0065400004	0.005050361	GARW	2036-04-01
2035-11-25	tropics	0	1.0223601	1.0310645	1.0145419	1.0279301	1.0168635	1.0253538	1.0195161	2035-11-25	tropics	0	1.0223601	1.0310645	1.0145419	1.0279301	1.0168635	1.0253538	1.0195161	2035-11-25	tropics	0	0.005772352	0.00797806	0.003795576	0.007180595	0.0043908358	0.006535113	0.005048752	2035-11-25	tropics	0	0.005772352	0.00797806	0.003795576	0.007180595	0.0043908358	0.006535113	0.005048752	GARW	2036-04-01
2035-11-26	tropics	0	1.0223551	1.031046	1.0144562	1.0279738	1.0168031	1.025322	1.0194819	2035-11-26	tropics	0	1.0223551	1.031046	1.0144562	1.0279738	1.0168031	1.025322	1.0194819	2035-11-26	tropics	0	0.0057612658	0.007973882	0.0037699104	0.0071793078	0.004358816	0.0065306425	0.0050414205	2035-11-26	tropics	0	0.0057612658	0.007973882	0.0037699104	0.0071793078	0.004358816	0.0065306425	0.0050414205	GARW	2036-04-01
2035-11-27	tropics	0	1.0223454	1.0310266	1.0143292	1.028019	1.0167814	1.0252967	1.0194472	2035-11-27	tropics	0	1.0223454	1.0310266	1.0143292	1.028019	1.0167814	1.0252967	1.0194472	2035-11-27	tropics	0	0.0057600737	0.007969228	0.003744948	0.0071860068	0.004350209	0.0065172315	0.0050284266	2035-11-27	tropics	0	0.0057600737	0.007969228	0.003744948	0.0071860068	0.004350209	0.0065172315	0.0050284266	GARW	2036-04-01
2035-11-28	tropics	0	1.0223343	1.031006	1.0142088	1.0279421	1.0167276	1.0252331	1.0194144	2035-11-28	tropics	0	1.0223343	1.031006	1.0142088	1.0279421	1.0167276	1.0252331	1.0194144	2035-11-28	tropics	0	0.0057587624	0.007964412	0.0037171363	0.0071966643	0.0043330193	0.006512165	0.0050222874	2035-11-28	tropics	0	0.0057587624	0.007964412	0.0037171363	0.0071966643	0.0043330193	0.006512165	0.0050222874	GARW	2036-04-01
2035-11-29	tropics	0	1.0223485	1.0309843	1.0141149	1.0278646	1.0167009	1.0251925	1.0194021	2035-11-29	tropics	0	1.0223485	1.0309843	1.0141149	1.0278646	1.0167009	1.0251925	1.0194021	2035-11-29	tropics	0	0.0057566166	0.007959221	0.003684008	0.0071904417	0.004330492	0.0064959526	0.0050116777	2035-11-29	tropics	0	0.0057566166	0.007959221	0.003684008	0.0071904417	0.004330492	0.0064959526	0.0050116777	GARW	2036-04-01
2035-11-30	tropics	0	1.0223408	1.0309614	1.0140204	1.0277709	1.016693	1.0251757	1.0194112	2035-11-30	tropics	0	1.0223408	1.0309614	1.0140204	1.0277709	1.016693	1.0251757	1.0194112	2035-11-30	tropics	0	0.0057566166	0.00795388	0.003658539	0.0071645016	0.0043084146	0.0064868927	0.005004406	2035-11-30	tropics	0	0.0057566166	0.00795388	0.003658539	0.0071645016	0.0043084146	0.0064868927	0.005004406	GARW	2036-04-01
2035-12-01	tropics	0	1.0223413	1.0309451	1.0139246	1.0276992	1.0166264	1.0250691	1.0193079	2035-12-01	tropics	0	1.0223413	1.0309451	1.0139246	1.0276992	1.0166264	1.0250691	1.0193079	2035-12-01	tropics	0	0.0057606697	0.007948278	0.003634435	0.0071474547	0.0043156147	0.0064795613	0.005007148	2035-12-01	tropics	0	0.0057606697	0.007948278	0.003634435	0.0071474547	0.0043156147	0.0064795613	0.005007148	GARW	2036-04-01
2035-12-02	tropics	0	1.0223196	1.0309325	1.0138448	1.0276653	1.0165385	1.025	1.0192219	2035-12-02	tropics	0	1.0223196	1.0309325	1.0138448	1.0276653	1.0165385	1.025	1.0192219	2035-12-02	tropics	0	0.0057600737	0.007942288	0.0036100387	0.0071224202	0.0043066978	0.0064620376	0.0049924254	2035-12-02	tropics	0	0.0057600737	0.007942288	0.0036100387	0.0071224202	0.0043066978	0.0064620376	0.0049924254	GARW	2036-04-01
2035-12-03	tropics	0	1.0222979	1.0308836	1.0137455	1.0276217	1.0164797	1.0248928	1.0191536	2035-12-03	tropics	0	1.0222979	1.0308836	1.0137455	1.0276217	1.0164797	1.0248928	1.0191536	2035-12-03	tropics	0	0.0057548285	0.007942592	0.0035868941	0.0071142176	0.0042780875	0.0064442754	0.0049650073	2035-12-03	tropics	0	0.0057548285	0.007942592	0.0035868941	0.0071142176	0.0042780875	0.0064442754	0.0049650073	GARW	2036-04-01
2035-12-04	tropics	0	1.0222785	1.0308279	1.013637	1.0276152	1.016397	1.0248479	1.0190122	2035-12-04	tropics	0	1.0222785	1.0308279	1.013637	1.0276152	1.016397	1.0248479	1.0190122	2035-12-04	tropics	0	0.0057480335	0.007931625	0.0035652758	0.0071048	0.004261422	0.0064139366	0.004948318	2035-12-04	tropics	0	0.0057480335	0.007931625	0.0035652758	0.0071048	0.004261422	0.0064139366	0.004948318	GARW	2036-04-01
2035-12-05	tropics	0	1.0222517	1.0307653	1.0135385	1.0276576	1.0163234	1.0247796	1.0189128	2035-12-05	tropics	0	1.0222517	1.0307653	1.0135385	1.0276576	1.0163234	1.0247796	1.0189128	2035-12-05	tropics	0	0.0057417154	0.007918261	0.003537333	0.0070937616	0.004242563	0.0063996315	0.0049189925	2035-12-05	tropics	0	0.0057417154	0.007918261	0.003537333	0.0070937616	0.004242563	0.0063996315	0.0049189925	GARW	2036-04-01
2035-12-06	tropics	0	1.0222507	1.0306954	1.0134408	1.0276091	1.016262	1.0247278	1.0188372	2035-12-06	tropics	0	1.0222507	1.0306954	1.0134408	1.0276091	1.016262	1.0247278	1.0188372	2035-12-06	tropics	0	0.005736232	0.007903013	0.0035104037	0.0071048965	0.0042232755	0.006381452	0.004887402	2035-12-06	tropics	0	0.005736232	0.007903013	0.0035104037	0.0071048965	0.0042232755	0.006381452	0.004887402	GARW	2036-04-01
2035-12-07	tropics	0	1.0222414	1.0306182	1.0133424	1.027564	1.0162002	1.0246631	1.0187446	2035-12-07	tropics	0	1.0222414	1.0306182	1.0133424	1.027564	1.0162002	1.0246631	1.0187446	2035-12-07	tropics	0	0.005727172	0.007886246	0.0034858107	0.007107854	0.0042068483	0.006366253	0.0048696995	2035-12-07	tropics	0	0.005727172	0.007886246	0.0034858107	0.007107854	0.0042068483	0.006366253	0.0048696995	GARW	2036-04-01
2035-12-08	tropics	0	1.0221786	1.0305332	1.0132426	1.0275067	1.0161371	1.0245799	1.0186846	2035-12-08	tropics	0	1.0221786	1.0305332	1.0132426	1.0275067	1.0161371	1.0245799	1.0186846	2035-12-08	tropics	0	0.0057348013	0.007867244	0.0034606517	0.0070864917	0.0041908743	0.006357312	0.004846573	2035-12-08	tropics	0	0.0057348013	0.007867244	0.0034606517	0.0070864917	0.0041908743	0.006357312	0.004846573	GARW	2036-04-01
2035-12-09	tropics	0	1.0220442	1.0304853	1.0131413	1.027472	1.0160748	1.0244446	1.0186017	2035-12-09	tropics	0	1.0220442	1.0304853	1.0131413	1.027472	1.0160748	1.0244446	1.0186017	2035-12-09	tropics	0	0.0057218075	0.007846471	0.003435129	0.0070727337	0.0041749952	0.006334603	0.004825592	2035-12-09	tropics	0	0.0057218075	0.007846471	0.003435129	0.0070727337	0.0041749952	0.006334603	0.004825592	GARW	2036-04-01
2035-12-10	tropics	0	1.0219147	1.0304658	1.013038	1.0273751	1.0159982	1.0243574	1.0184785	2035-12-10	tropics	0	1.0219147	1.0304658	1.013038	1.0273751	1.0159982	1.0243574	1.0184785	2035-12-10	tropics	0	0.005693555	0.00782822	0.0034092427	0.007073879	0.0041608093	0.006303549	0.004804015	2035-12-10	tropics	0	0.005693555	0.00782822	0.0034092427	0.007073879	0.0041608093	0.006303549	0.004804015	GARW	2036-04-01
2035-12-11	tropics	0	1.0217683	1.0304508	1.0129384	1.027366	1.0159181	1.0242852	1.0183959	2035-12-11	tropics	0	1.0217683	1.0304508	1.0129384	1.027366	1.0159181	1.0242852	1.0183959	2035-12-11	tropics	0	0.0056601763	0.007823146	0.0033828914	0.0070410236	0.0041403295	0.006277919	0.0047902465	2035-12-11	tropics	0	0.0056601763	0.007823146	0.0033828914	0.0070410236	0.0041403295	0.006277919	0.0047902465	GARW	2036-04-01
2035-12-12	tropics	0	1.021688	1.0303881	1.0128642	1.0273408	1.0158191	1.0241601	1.0182793	2035-12-12	tropics	0	1.021688	1.0303881	1.0128642	1.0273408	1.0158191	1.0241601	1.0182793	2035-12-12	tropics	0	0.005620241	0.007818896	0.0033561885	0.007036779	0.004121661	0.0062550902	0.0047614574	2035-12-12	tropics	0	0.005620241	0.007818896	0.0033561885	0.007036779	0.004121661	0.0062550902	0.0047614574	GARW	2036-04-01
2035-12-13	tropics	0	1.0216396	1.0303088	1.0128164	1.027281	1.0156815	1.0241017	1.0181862	2035-12-13	tropics	0	1.0216396	1.0303088	1.0128164	1.027281	1.0156815	1.0241017	1.0181862	2035-12-13	tropics	0	0.0055929422	0.007808293	0.0033356668	0.0070313676	0.0040920735	0.0062280297	0.004724264	2035-12-13	tropics	0	0.0055929422	0.007808293	0.0033356668	0.0070313676	0.0040920735	0.0062280297	0.004724264	GARW	2036-04-01
2035-12-14	tropics	0	1.0215526	1.0302243	1.0128073	1.0272101	1.0156368	1.0239608	1.0181282	2035-12-14	tropics	0	1.0215526	1.0302243	1.0128073	1.0272101	1.0156368	1.0239608	1.0181282	2035-12-14	tropics	0	0.0055823326	0.007789088	0.0033171594	0.0070225233	0.0040584803	0.0062185526	0.0047073364	2035-12-14	tropics	0	0.0055823326	0.007789088	0.0033171594	0.0070225233	0.0040584803	0.0062185526	0.0047073364	GARW	2036-04-01
2035-12-15	tropics	0	1.0214083	1.0301368	1.012734	1.02717	1.015544	1.0239078	1.0180492	2035-12-15	tropics	0	1.0214083	1.0301368	1.012734	1.02717	1.015544	1.0239078	1.0180492	2035-12-15	tropics	0	0.0055639744	0.007767874	0.0033150078	0.0069945804	0.004049492	0.0061801076	0.004689634	2035-12-15	tropics	0	0.0055639744	0.007767874	0.0033150078	0.0069945804	0.004049492	0.0061801076	0.004689634	GARW	2036-04-01
2035-12-16	tropics	0	1.021301	1.0300106	1.0125786	1.0270586	1.0154477	1.0239019	1.0179758	2035-12-16	tropics	0	1.021301	1.0300106	1.0125786	1.0270586	1.0154477	1.0239019	1.0179758	2035-12-16	tropics	0	0.0055327415	0.007746232	0.003307587	0.006995392	0.004025817	0.0061613917	0.0046694875	2035-12-16	tropics	0	0.0055327415	0.007746232	0.003307587	0.006995392	0.004025817	0.0061613917	0.0046694875	GARW	2036-04-01
2035-12-17	tropics	0	1.0211892	1.0298493	1.012414	1.0268832	1.0153232	1.0237808	1.0178562	2035-12-17	tropics	0	1.0211892	1.0298493	1.012414	1.0268832	1.0153232	1.0237808	1.0178562	2035-12-17	tropics	0	0.005502939	0.007720197	0.0032701313	0.006963467	0.0040015937	0.0061531067	0.004644215	2035-12-17	tropics	0	0.005502939	0.007720197	0.0032701313	0.006963467	0.0040015937	0.0061531067	0.004644215	GARW	2036-04-01
2035-12-18	tropics	0	1.0210136	1.0297166	1.0122786	1.0267661	1.0151874	1.0236402	1.0176561	2035-12-18	tropics	0	1.0210136	1.0297166	1.0122786	1.0267661	1.0151874	1.0236402	1.0176561	2035-12-18	tropics	0	0.0054728985	0.00767994	0.0032276213	0.006929326	0.003974223	0.0061284304	0.004622519	2035-12-18	tropics	0	0.0054728985	0.00767994	0.0032276213	0.006929326	0.003974223	0.0061284304	0.004622519	GARW	2036-04-01
2035-12-19	tropics	0	1.0208678	1.0296159	1.0121382	1.0266888	1.0150626	1.0235188	1.017551	2035-12-19	tropics	0	1.0208678	1.0296159	1.0121382	1.0266888	1.0150626	1.0235188	1.017551	2035-12-19	tropics	0	0.00543344	0.0076386156	0.0031908392	0.006897378	0.0039381264	0.0061035156	0.0045776367	2035-12-19	tropics	0	0.00543344	0.0076386156	0.0031908392	0.006897378	0.0039381264	0.0061035156	0.0045776367	GARW	2036-04-01
2035-12-20	tropics	0	1.0207069	1.0294619	1.0119781	1.026611	1.0149206	1.0234921	1.017478	2035-12-20	tropics	0	1.0207069	1.0294619	1.0119781	1.026611	1.0149206	1.0234921	1.017478	2035-12-20	tropics	0	0.005393505	0.007620359	0.0031553209	0.006874609	0.0039002418	0.006065607	0.0045443773	2035-12-20	tropics	0	0.005393505	0.007620359	0.0031553209	0.006874609	0.0039002418	0.006065607	0.0045443773	GARW	2036-04-01
2035-12-21	tropics	0	1.0205901	1.0293112	1.0117307	1.0264633	1.0147811	1.0234349	1.0173248	2035-12-21	tropics	0	1.0205901	1.0293112	1.0117307	1.0264633	1.0147811	1.0234349	1.0173248	2035-12-21	tropics	0	0.00535655	0.0075810915	0.0031177045	0.006851935	0.0038727284	0.0060522556	0.004518211	2035-12-21	tropics	0	0.00535655	0.0075810915	0.0031177045	0.006851935	0.0038727284	0.0060522556	0.004518211	GARW	2036-04-01
2035-12-22	tropics	0	1.020453	1.029183	1.0114762	1.0262793	1.0145545	1.0232581	1.0171638	2035-12-22	tropics	0	1.020453	1.029183	1.0114762	1.0262793	1.0145545	1.0232581	1.0171638	2035-12-22	tropics	0	0.0053186417	0.007541294	0.0030606687	0.00682745	0.0038303852	0.0060409904	0.0044893622	2035-12-22	tropics	0	0.0053186417	0.007541294	0.0030606687	0.00682745	0.0038303852	0.0060409904	0.0044893622	GARW	2036-04-01
2035-12-23	tropics	0	1.0202554	1.0290481	1.0112177	1.0260993	1.014371	1.0231044	1.0169984	2035-12-23	tropics	0	1.0202554	1.0290481	1.0112177	1.0260993	1.014371	1.0231044	1.0169984	2035-12-23	tropics	0	0.0052838326	0.0075080954	0.0029953897	0.006782651	0.0037830353	0.006004572	0.0044472814	2035-12-23	tropics	0	0.0052838326	0.0075080954	0.0029953897	0.006782651	0.0037830353	0.006004572	0.0044472814	GARW	2036-04-01
2035-12-24	tropics	0	1.0200255	1.0289775	1.0110065	1.0260403	1.014215	1.0230163	1.0168172	2035-12-24	tropics	0	1.0200255	1.0289775	1.0110065	1.0260403	1.014215	1.0230163	1.0168172	2035-12-24	tropics	0	0.00524199	0.0074747475	0.0029293837	0.006731486	0.0037336827	0.0059633255	0.004402876	2035-12-24	tropics	0	0.00524199	0.0074747475	0.0029293837	0.006731486	0.0037336827	0.0059633255	0.004402876	GARW	2036-04-01
2035-12-25	tropics	0	1.0198019	1.0288626	1.010818	1.0260078	1.0140952	1.022793	1.0166504	2035-12-25	tropics	0	1.0198019	1.0288626	1.010818	1.0260078	1.0140952	1.022793	1.0166504	2035-12-25	tropics	0	0.0051881075	0.007450929	0.0028679431	0.0067000147	0.0036878109	0.005939603	0.004362166	2035-12-25	tropics	0	0.0051881075	0.007450929	0.0028679431	0.0067000147	0.0036878109	0.005939603	0.004362166	GARW	2036-04-01
2035-12-26	tropics	0	1.0195677	1.0287209	1.0106255	1.0257607	1.0138934	1.0226717	1.016447	2035-12-26	tropics	0	1.0195677	1.0287209	1.0106255	1.0257607	1.0138934	1.0226717	1.016447	2035-12-26	tropics	0	0.0051305294	0.0074279928	0.0028196932	0.006694722	0.0036569356	0.0058926344	0.004319787	2035-12-26	tropics	0	0.0051305294	0.0074279928	0.0028196932	0.006694722	0.0036569356	0.0058926344	0.004319787	GARW	2036-04-01
2035-12-27	tropics	0	1.01934	1.0285798	1.0104616	1.025503	1.0136958	1.0225288	1.0162598	2035-12-27	tropics	0	1.01934	1.0285798	1.0104616	1.025503	1.0136958	1.0225288	1.0162598	2035-12-27	tropics	0	0.0050674677	0.007392545	0.0027704656	0.006650638	0.0036219358	0.0058516264	0.004266441	2035-12-27	tropics	0	0.0050674677	0.007392545	0.0027704656	0.006650638	0.0036219358	0.0058516264	0.004266441	GARW	2036-04-01
2035-12-28	tropics	0	1.0191667	1.0285033	1.0102955	1.0252383	1.0135332	1.0223553	1.0160558	2035-12-28	tropics	0	1.0191667	1.0285033	1.0102955	1.0252383	1.0135332	1.0223553	1.0160558	2035-12-28	tropics	0	0.0050065517	0.007357043	0.0027253032	0.0065858117	0.0035536767	0.005820453	0.0042209625	2035-12-28	tropics	0	0.0050065517	0.007357043	0.0027253032	0.0065858117	0.0035536767	0.005820453	0.0042209625	GARW	2036-04-01
2035-12-29	tropics	0	1.018964	1.0283785	1.0100712	1.0251117	1.0133356	1.0221465	1.0158397	2035-12-29	tropics	0	1.018964	1.0283785	1.0100712	1.0251117	1.0133356	1.0221465	1.0158397	2035-12-29	tropics	0	0.0049597025	0.00733192	0.0026836812	0.0065192212	0.0035237311	0.0057748556	0.0041689277	2035-12-29	tropics	0	0.0049597025	0.00733192	0.0026836812	0.0065192212	0.0035237311	0.0057748556	0.0041689277	GARW	2036-04-01
2035-12-30	tropics	0	1.0186857	1.0282373	1.0098127	1.0249733	1.0131412	1.0219281	1.0156178	2035-12-30	tropics	0	1.0186857	1.0282373	1.0098127	1.0249733	1.0131412	1.0219281	1.0156178	2035-12-30	tropics	0	0.004916668	0.0073065283	0.0026338757	0.006470727	0.0034615993	0.005724907	0.0041148067	2035-12-30	tropics	0	0.004916668	0.0073065283	0.0026338757	0.006470727	0.0034615993	0.005724907	0.0041148067	GARW	2036-04-01
2035-12-31	tropics	0	1.018486	1.0281085	1.0095983	1.0247393	1.0128881	1.0217224	1.0153638	2035-12-31	tropics	0	1.018486	1.0281085	1.0095983	1.0247393	1.0128881	1.0217224	1.0153638	2035-12-31	tropics	0	0.0048429966	0.0072682565	0.0025665225	0.006447506	0.0034221173	0.005673647	0.004058361	2035-12-31	tropics	0	0.0048429966	0.0072682565	0.0025665225	0.006447506	0.0034221173	0.005673647	0.004058361	GARW	2036-04-01
2036-01-01	tropics	0	1.0182462	1.0278578	1.0093789	1.0245875	1.012672	1.0214982	1.0151331	2036-01-01	tropics	0	1.0182462	1.0278578	1.0093789	1.0245875	1.012672	1.0214982	1.0151331	2036-01-01	tropics	0	0.0047997236	0.007239288	0.0025077462	0.0063899034	0.0033636093	0.005615592	0.0039975643	2036-01-01	tropics	0	0.0047997236	0.007239288	0.0025077462	0.0063899034	0.0033636093	0.005615592	0.0039975643	GARW	2036-04-01
2036-01-02	tropics	0	1.0179898	1.0275971	1.009154	1.0243251	1.0124232	1.0212619	1.0148506	2036-01-02	tropics	0	1.0179898	1.0275971	1.009154	1.0243251	1.0124232	1.0212619	1.0148506	2036-01-02	tropics	0	0.0047314167	0.007184596	0.0024517716	0.006341171	0.003302741	0.005564332	0.003934324	2036-01-02	tropics	0	0.0047314167	0.007184596	0.0024517716	0.006341171	0.003302741	0.005564332	0.003934324	GARW	2036-04-01
2036-01-03	tropics	0	1.0178106	1.0273503	1.0089008	1.0240136	1.012176	1.0210435	1.0145507	2036-01-03	tropics	0	1.0178106	1.0273503	1.0089008	1.0240136	1.012176	1.0210435	1.0145507	2036-01-03	tropics	0	0.0046641827	0.0071183215	0.0023940443	0.006289672	0.0032449006	0.00550133	0.0038676858	2036-01-03	tropics	0	0.0046641827	0.0071183215	0.0023940443	0.006289672	0.0032449006	0.00550133	0.0038676858	GARW	2036-04-01
2036-01-04	tropics	0	1.0176113	1.0271049	1.008488	1.023734	1.0119123	1.0207865	1.0143025	2036-01-04	tropics	0	1.0176113	1.0271049	1.008488	1.023734	1.0119123	1.0207865	1.0143025	2036-01-04	tropics	0	0.004613757	0.007055075	0.002332771	0.0062155724	0.0031708956	0.005449474	0.0037925243	2036-01-04	tropics	0	0.004613757	0.007055075	0.002332771	0.0062155724	0.0031708956	0.005449474	0.0037925243	GARW	2036-04-01
2036-01-05	tropics	0	1.0173278	1.026879	1.0080676	1.0234524	1.0116252	1.0205139	1.0140222	2036-01-05	tropics	0	1.0173278	1.026879	1.0080676	1.0234524	1.0116252	1.0205139	1.0140222	2036-01-05	tropics	0	0.004566312	0.006990404	0.0022402944	0.006140566	0.0031101704	0.005389631	0.0037170053	2036-01-05	tropics	0	0.004566312	0.006990404	0.0022402944	0.006140566	0.0031101704	0.005389631	0.0037170053	GARW	2036-04-01
2036-01-06	tropics	0	1.0171467	1.0266696	1.0077908	1.0231968	1.0113854	1.0202124	1.0137842	2036-01-06	tropics	0	1.0171467	1.0266696	1.0077908	1.0231968	1.0113854	1.0202124	1.0137842	2036-01-06	tropics	0	0.004504442	0.006933594	0.0021320223	0.0060610767	0.0030351877	0.005316615	0.0036568642	2036-01-06	tropics	0	0.004504442	0.006933594	0.0021320223	0.0060610767	0.0030351877	0.005316615	0.0036568642	GARW	2036-04-01
2036-01-07	tropics	0	1.0169431	1.026417	1.0075253	1.0229701	1.0110513	1.0199018	1.0135466	2036-01-07	tropics	0	1.0169431	1.026417	1.0075253	1.0229701	1.0110513	1.0199018	1.0135466	2036-01-07	tropics	0	0.004442692	0.006880307	0.0020451546	0.0060074087	0.0029718876	0.00524199	0.0035880804	2036-01-07	tropics	0	0.004442692	0.006880307	0.0020451546	0.0060074087	0.0029718876	0.00524199	0.0035880804	GARW	2036-04-01
2036-01-08	tropics	0	1.0166876	1.0261524	1.0071988	1.0227484	1.0107188	1.019598	1.0132772	2036-01-08	tropics	0	1.0166876	1.0261524	1.0071988	1.0227484	1.0107188	1.019598	1.0132772	2036-01-08	tropics	0	0.0043928623	0.0068184203	0.001976651	0.0059318296	0.002895379	0.005163908	0.0035253763	2036-01-08	tropics	0	0.0043928623	0.0068184203	0.001976651	0.0059318296	0.002895379	0.005163908	0.0035253763	GARW	2036-04-01
2036-01-09	tropics	0	1.0163518	1.0258756	1.0068688	1.0225341	1.0103538	1.0192688	1.0129256	2036-01-09	tropics	0	1.0163518	1.0258756	1.0068688	1.0225341	1.0103538	1.0192688	1.0129256	2036-01-09	tropics	0	0.004342675	0.00675229	0.0018985093	0.005879044	0.002808261	0.005085349	0.003462255	2036-01-09	tropics	0	0.004342675	0.00675229	0.0018985093	0.005879044	0.002808261	0.005085349	0.003462255	GARW	2036-04-01
2036-01-10	tropics	0	1.0160123	1.0255861	1.006556	1.022285	1.0100017	1.0189372	1.0125371	2036-01-10	tropics	0	1.0160123	1.0255861	1.006556	1.022285	1.0100017	1.0189372	1.0125371	2036-01-10	tropics	0	0.0042592287	0.0066831373	0.0018132568	0.005827975	0.0027185916	0.0050017834	0.0033817887	2036-01-10	tropics	0	0.0042592287	0.0066831373	0.0018132568	0.005827975	0.0027185916	0.0050017834	0.0033817887	GARW	2036-04-01
2036-01-11	tropics	0	1.0157101	1.0252523	1.0063212	1.0220623	1.0096456	1.0186523	1.0122216	2036-01-11	tropics	0	1.0157101	1.0252523	1.0063212	1.0220623	1.0096456	1.0186523	1.0122216	2036-01-11	tropics	0	0.004173398	0.006610599	0.0017268717	0.0057609794	0.0026275874	0.0049191713	0.003287375	2036-01-11	tropics	0	0.004173398	0.006610599	0.0017268717	0.0057609794	0.0026275874	0.0049191713	0.003287375	GARW	2036-04-01
2036-01-12	tropics	0	1.0153544	1.0248668	1.0060275	1.0216414	1.0092667	1.0183651	1.0118096	2036-01-12	tropics	0	1.0153544	1.0248668	1.0060275	1.0216414	1.0092667	1.0183651	1.0118096	2036-01-12	tropics	0	0.0040882826	0.006533912	0.0016623795	0.005707526	0.0025301934	0.0048371553	0.0031943321	2036-01-12	tropics	0	0.0040882826	0.006533912	0.0016623795	0.005707526	0.0025301934	0.0048371553	0.0031943321	GARW	2036-04-01
2036-01-13	tropics	0	1.0148969	1.0244871	1.005676	1.021188	1.0088791	1.0179472	1.0115393	2036-01-13	tropics	0	1.0148969	1.0244871	1.005676	1.021188	1.0088791	1.0179472	1.0115393	2036-01-13	tropics	0	0.004000306	0.006437704	0.0015974402	0.0056200502	0.0024384975	0.0047705173	0.0030938387	2036-01-13	tropics	0	0.004000306	0.006437704	0.0015974402	0.0056200502	0.0024384975	0.0047705173	0.0030938387	GARW	2036-04-01
2036-01-14	tropics	0	1.014539	1.0241593	1.0053177	1.0208012	1.0084912	1.0176837	1.0112196	2036-01-14	tropics	0	1.014539	1.0241593	1.0053177	1.0208012	1.0084912	1.0176837	1.0112196	2036-01-14	tropics	0	0.0038936138	0.006336483	0.0015075088	0.005505441	0.0023391724	0.004674375	0.00301677	2036-01-14	tropics	0	0.0038936138	0.006336483	0.0015075088	0.005505441	0.0023391724	0.004674375	0.00301677	GARW	2036-04-01
2036-01-15	tropics	0	1.0141592	1.0237399	1.0049509	1.0205139	1.0081602	1.0173041	1.0108505	2036-01-15	tropics	0	1.0141592	1.0237399	1.0049509	1.0205139	1.0081602	1.0173041	1.0108505	2036-01-15	tropics	0	0.0037924051	0.006252081	0.0014154196	0.005389784	0.0022377968	0.0045858026	0.0029355884	2036-01-15	tropics	0	0.0037924051	0.006252081	0.0014154196	0.005389784	0.0022377968	0.0045858026	0.0029355884	GARW	2036-04-01
2036-01-16	tropics	0	1.0138603	1.0232406	1.004569	1.0201801	1.0078299	1.0169792	1.0105457	2036-01-16	tropics	0	1.0138603	1.0232406	1.004569	1.0201801	1.0078299	1.0169792	1.0105457	2036-01-16	tropics	0	0.0037045479	0.006159783	0.0013217211	0.005317782	0.0021571876	0.004507005	0.0028494	2036-01-16	tropics	0	0.0037045479	0.006159783	0.0013217211	0.005317782	0.0021571876	0.004507005	0.0028494	GARW	2036-04-01
2036-01-17	tropics	0	1.0134346	1.0227541	1.0041656	1.0196885	1.0075184	1.0165651	1.0101203	2036-01-17	tropics	0	1.0134346	1.0227541	1.0041656	1.0196885	1.0075184	1.0165651	1.0101203	2036-01-17	tropics	0	0.0036131144	0.006034238	0.0012233794	0.0052406546	0.0020483255	0.0044213533	0.0027560592	2036-01-17	tropics	0	0.0036131144	0.006034238	0.0012233794	0.0052406546	0.0020483255	0.0044213533	0.0027560592	GARW	2036-04-01
2036-01-18	tropics	0	1.013035	1.022319	1.0038912	1.0193936	1.0071468	1.0161601	1.0097514	2036-01-18	tropics	0	1.013035	1.022319	1.0038912	1.0193936	1.0071468	1.0161601	1.0097514	2036-01-18	tropics	0	0.003516078	0.0059048543	0.001120615	0.0051248777	0.0019757987	0.0043200254	0.0026640892	2036-01-18	tropics	0	0.003516078	0.0059048543	0.001120615	0.0051248777	0.0019757987	0.0043200254	0.0026640892	GARW	2036-04-01
2036-01-19	tropics	0	1.012572	1.0219454	1.0035537	1.018951	1.0067139	1.015841	1.0093787	2036-01-19	tropics	0	1.012572	1.0219454	1.0035537	1.018951	1.0067139	1.015841	1.0093787	2036-01-19	tropics	0	0.003409624	0.005789989	0.0010333479	0.0050473213	0.0018826962	0.004207313	0.002564907	2036-01-19	tropics	0	0.003409624	0.005789989	0.0010333479	0.0050473213	0.0018826962	0.004207313	0.002564907	GARW	2036-04-01
2036-01-20	tropics	0	1.0121999	1.0214806	1.003119	1.0186436	1.006204	1.015423	1.0089272	2036-01-20	tropics	0	1.0121999	1.0214806	1.003119	1.0186436	1.006204	1.015423	1.0089272	2036-01-20	tropics	0	0.0032920837	0.005690879	0.00096390845	0.004923795	0.001796198	0.0041300654	0.0024633408	2036-01-20	tropics	0	0.0032920837	0.005690879	0.00096390845	0.004923795	0.001796198	0.0041300654	0.0024633408	GARW	2036-04-01
2036-01-21	tropics	0	1.0117127	1.0210271	1.0026488	1.0183352	1.005654	1.0150156	1.0085397	2036-01-21	tropics	0	1.0117127	1.0210271	1.0026488	1.0183352	1.005654	1.0150156	1.0085397	2036-01-21	tropics	0	0.0031921864	0.005572361	0.000852859	0.0048404206	0.0016566515	0.0040296316	0.0023540258	2036-01-21	tropics	0	0.0031921864	0.005572361	0.000852859	0.0048404206	0.0016566515	0.0040296316	0.0023540258	GARW	2036-04-01
2036-01-22	tropics	0	1.0112706	1.0206289	1.0020874	1.017961	1.0050926	1.0145441	1.0081619	2036-01-22	tropics	0	1.0112706	1.0206289	1.0020874	1.017961	1.0050926	1.0145441	1.0081619	2036-01-22	tropics	0	0.003070712	0.005466056	0.0007359624	0.0047609564	0.0015278101	0.0039280057	0.0022513866	2036-01-22	tropics	0	0.003070712	0.005466056	0.0007359624	0.0047609564	0.0015278101	0.0039280057	0.0022513866	GARW	2036-04-01
2036-01-23	tropics	0	1.010833	1.0202464	1.0015211	1.0174441	1.0046649	1.0142095	1.0076644	2036-01-23	tropics	0	1.010833	1.0202464	1.0015211	1.0174441	1.0046649	1.0142095	1.0076644	2036-01-23	tropics	0	0.002957344	0.005354846	0.000596571	0.0046646115	0.0013711452	0.0038161278	0.00215137	2036-01-23	tropics	0	0.002957344	0.005354846	0.000596571	0.0046646115	0.0013711452	0.0038161278	0.00215137	GARW	2036-04-01
2036-01-24	tropics	0	1.0103585	1.019855	1.0010767	1.016999	1.0042349	1.0136715	1.007124	2036-01-24	tropics	0	1.0103585	1.019855	1.0010767	1.016999	1.0042349	1.0136715	1.007124	2036-01-24	tropics	0	0.0028606653	0.005257869	0.0004500092	0.00454781	0.0012545108	0.0036940575	0.002039075	2036-01-24	tropics	0	0.0028606653	0.005257869	0.0004500092	0.00454781	0.0012545108	0.0036940575	0.002039075	GARW	2036-04-01
2036-01-25	tropics	0	1.0098999	1.0194972	1.0006379	1.0166271	1.0036472	1.0132401	1.0067177	2036-01-25	tropics	0	1.0098999	1.0194972	1.0006379	1.0166271	1.0036472	1.0132401	1.0067177	2036-01-25	tropics	0	0.002720952	0.0051586214	0.00032180554	0.0044327253	0.001140976	0.0035821795	0.0018917322	2036-01-25	tropics	0	0.002720952	0.0051586214	0.00032180554	0.0044327253	0.001140976	0.0035821795	0.0018917322	GARW	2036-04-01
2036-01-26	tropics	0	1.0093656	1.019152	1.0001961	1.0160738	1.0031722	1.0128111	1.0062381	2036-01-26	tropics	0	1.0093656	1.019152	1.0001961	1.0160738	1.0031722	1.0128111	1.0062381	2036-01-26	tropics	0	0.0026094913	0.0050619603	0.00020815735	0.0043294425	0.001004076	0.0034657717	0.0017819405	2036-01-26	tropics	0	0.0026094913	0.0050619603	0.00020815735	0.0043294425	0.001004076	0.0034657717	0.0017819405	GARW	2036-04-01
2036-01-27	tropics	0	1.0088845	1.0187018	0.9997523	1.0156974	1.0026222	1.0123608	1.0057955	2036-01-27	tropics	0	1.0088845	1.0187018	0.9997523	1.0156974	1.0026222	1.0123608	1.0057955	2036-01-27	tropics	0	0.0024772882	0.004974181	9.3317074e-05	0.0042059417	0.0008695364	0.003348112	0.0016637444	2036-01-27	tropics	0	0.0024772882	0.004974181	9.3317074e-05	0.0042059417	0.0008695364	0.003348112	0.0016637444	GARW	2036-04-01
2036-01-28	tropics	0	1.0085394	1.0183194	0.99930686	1.0151236	1.0020752	1.0118276	1.0053508	2036-01-28	tropics	0	1.0085394	1.0183194	0.99930686	1.0151236	1.0020752	1.0118276	1.0053508	2036-01-28	tropics	0	0.0023436546	0.0048726564	-2.2000042e-05	0.004075836	0.0007345438	0.0032459497	0.0015512705	2036-01-28	tropics	0	0.0023436546	0.0048726564	-2.2000042e-05	0.004075836	0.0007345438	0.0032459497	0.0015512705	GARW	2036-04-01
2036-01-29	tropics	0	1.008173	1.0179505	0.9988344	1.014726	1.0016534	1.0114768	1.0048037	2036-01-29	tropics	0	1.008173	1.0179505	0.9988344	1.014726	1.0016534	1.0114768	1.0048037	2036-01-29	tropics	0	0.002247095	0.0047587696	-0.00013791917	0.0039824247	0.000570035	0.0031132102	0.0014313459	2036-01-29	tropics	0	0.002247095	0.0047587696	-0.00013791917	0.0039824247	0.000570035	0.0031132102	0.0014313459	GARW	2036-04-01
2036-01-30	tropics	0	1.0077326	1.0175562	0.9983938	1.0141802	1.0012794	1.0110855	1.0043617	2036-01-30	tropics	0	1.0077326	1.0175562	0.9983938	1.0141802	1.0012794	1.0110855	1.0043617	2036-01-30	tropics	0	0.002150178	0.0046748715	-0.00025654433	0.0038334127	0.00046439172	0.0030151606	0.001295805	2036-01-30	tropics	0	0.002150178	0.0046748715	-0.00025654433	0.0038334127	0.00046439172	0.0030151606	0.001295805	GARW	2036-04-01
2036-01-31	tropics	0	1.0072961	1.0171776	0.99780166	1.0137151	1.0007339	1.0106592	1.0038397	2036-01-31	tropics	0	1.0072961	1.0171776	0.99780166	1.0137151	1.0007339	1.0106592	1.0038397	2036-01-31	tropics	0	0.002053976	0.004563679	-0.00037050844	0.0037276982	0.00036339762	0.0028998256	0.0011767149	2036-01-31	tropics	0	0.002053976	0.004563679	-0.00037050844	0.0037276982	0.00036339762	0.0028998256	0.0011767149	GARW	2036-04-01
2036-02-01	tropics	0	1.0068207	1.0167207	0.997207	1.0133067	1.0001258	1.0101782	1.0032943	2036-02-01	tropics	0	1.0068207	1.0167207	0.997207	1.0133067	1.0001258	1.0101782	1.0032943	2036-02-01	tropics	0	0.0019376278	0.0044838367	-0.00051575305	0.0035888911	0.00025665763	0.002802074	0.0010558367	2036-02-01	tropics	0	0.0019376278	0.0044838367	-0.00051575305	0.0035888911	0.00025665763	0.002802074	0.0010558367	GARW	2036-04-01
2036-02-02	tropics	0	1.0062985	1.0162662	0.99661034	1.0129474	0.99956346	1.0097904	1.0027499	2036-02-02	tropics	0	1.0062985	1.0162662	0.99661034	1.0129474	0.99956346	1.0097904	1.0027499	2036-02-02	tropics	0	0.0018093586	0.004360235	-0.00067077874	0.003480148	7.581712e-05	0.002681613	0.00089770555	2036-02-02	tropics	0	0.0018093586	0.004360235	-0.00067077874	0.003480148	7.581712e-05	0.002681613	0.00089770555	GARW	2036-04-01
2036-02-03	tropics	0	1.0058558	1.0158858	0.99599296	1.0124539	0.9989583	1.009167	1.0022459	2036-02-03	tropics	0	1.0058558	1.0158858	0.99599296	1.0124539	0.9989583	1.009167	1.0022459	2036-02-03	tropics	0	0.001683116	0.004240376	-0.00082633493	0.0033870935	-5.5241537e-05	0.002575159	0.0007560849	2036-02-03	tropics	0	0.001683116	0.004240376	-0.00082633493	0.0033870935	-5.5241537e-05	0.002575159	0.0007560849	GARW	2036-04-01
2036-02-04	tropics	0	1.0053979	1.015304	0.9952106	1.0119587	0.9985629	1.0086555	1.0018003	2036-02-04	tropics	0	1.0053979	1.015304	0.9952106	1.0119587	0.9985629	1.0086555	1.0018003	2036-02-04	tropics	0	0.0015478134	0.004141546	-0.0009824454	0.0032707928	-0.00022408961	0.0024419427	0.00063067675	2036-02-04	tropics	0	0.0015478134	0.004141546	-0.0009824454	0.0032707928	-0.00022408961	0.0024419427	0.00063067675	GARW	2036-04-01
2036-02-05	tropics	0	1.0048743	1.0148054	0.9944682	1.0114777	0.9979493	1.0081823	1.0012238	2036-02-05	tropics	0	1.0048743	1.0148054	0.9944682	1.0114777	0.9979493	1.0081823	1.0012238	2036-02-05	tropics	0	0.001445055	0.004011047	-0.001170671	0.0031419038	-0.00033743377	0.0022909045	0.00051158667	2036-02-05	tropics	0	0.001445055	0.004011047	-0.001170671	0.0031419038	-0.00033743377	0.0022909045	0.00051158667	GARW	2036-04-01
2036-02-06	tropics	0	1.00446	1.0144497	0.9938201	1.0111463	0.99728554	1.0077052	1.0006287	2036-02-06	tropics	0	1.00446	1.0144497	0.9938201	1.0111463	0.99728554	1.0077052	1.0006287	2036-02-06	tropics	0	0.0013011694	0.0038648848	-0.0013792753	0.003015279	-0.00047147265	0.00216496	0.00037515163	2036-02-06	tropics	0	0.0013011694	0.0038648848	-0.0013792753	0.003015279	-0.00047147265	0.00216496	0.00037515163	GARW	2036-04-01
2036-02-07	tropics	0	1.0040818	1.0139538	0.99328077	1.0106437	0.9965476	1.007256	1.0000546	2036-02-07	tropics	0	1.0040818	1.0139538	0.99328077	1.0106437	0.9965476	1.007256	1.0000546	2036-02-07	tropics	0	0.00119102	0.0037857909	-0.0015556335	0.002915239	-0.0006446599	0.0020441413	0.00021827221	2036-02-07	tropics	0	0.00119102	0.0037857909	-0.0015556335	0.002915239	-0.0006446599	0.0020441413	0.00021827221	GARW	2036-04-01
2036-02-08	tropics	0	1.0036411	1.0134848	0.99260235	1.010252	0.9959712	1.0067873	0.9995419	2036-02-08	tropics	0	1.0036411	1.0134848	0.99260235	1.010252	0.9959712	1.0067873	0.9995419	2036-02-08	tropics	0	0.0010877848	0.0036527468	-0.0016985119	0.0028014658	-0.0008434534	0.0019227266	6.753206e-05	2036-02-08	tropics	0	0.0010877848	0.0036527468	-0.0016985119	0.0028014658	-0.0008434534	0.0019227266	6.753206e-05	GARW	2036-04-01
2036-02-09	tropics	0	1.0031443	1.0130299	0.9919813	1.0098385	0.9953523	1.0063128	0.99899304	2036-02-09	tropics	0	1.0031443	1.0130299	0.9919813	1.0098385	0.9953523	1.0063128	0.99899304	2036-02-09	tropics	0	0.0009931326	0.003531164	-0.001868552	0.0026946545	-0.0010022164	0.0018074512	-7.265806e-05	2036-02-09	tropics	0	0.0009931326	0.003531164	-0.001868552	0.0026946545	-0.0010022164	0.0018074512	-7.265806e-05	GARW	2036-04-01
2036-02-10	tropics	0	1.0026343	1.01263	0.9914873	1.0093919	0.99486667	1.0058582	0.99848557	2036-02-10	tropics	0	1.0026343	1.01263	0.9914873	1.0093919	0.99486667	1.0058582	0.99848557	2036-02-10	tropics	0	0.0008636713	0.0034121764	-0.0020303905	0.002589035	-0.0011538267	0.0016829967	-0.00021189451	2036-02-10	tropics	0	0.0008636713	0.0034121764	-0.0020303905	0.002589035	-0.0011538267	0.0016829967	-0.00021189451	GARW	2036-04-01
2036-02-11	tropics	0	1.0021008	1.0122001	0.99085486	1.0089443	0.99429566	1.0054147	0.99793875	2036-02-11	tropics	0	1.0021008	1.0122001	0.99085486	1.0089443	0.99429566	1.0054147	0.99793875	2036-02-11	tropics	0	0.0007289648	0.0033048291	-0.0021831512	0.0024755956	-0.001290679	0.0015594363	-0.00032794476	2036-02-11	tropics	0	0.0007289648	0.0033048291	-0.0021831512	0.0024755956	-0.001290679	0.0015594363	-0.00032794476	GARW	2036-04-01
2036-02-12	tropics	0	1.0015595	1.0117936	0.99021375	1.0085138	0.9937624	1.0050385	0.9974018	2036-02-12	tropics	0	1.0015595	1.0117936	0.99021375	1.0085138	0.9937624	1.0050385	0.9974018	2036-02-12	tropics	0	0.000600934	0.0031981128	-0.00232808	0.0023592946	-0.0014365673	0.0014515519	-0.0004811883	2036-02-12	tropics	0	0.000600934	0.0031981128	-0.00232808	0.0023592946	-0.0014365673	0.0014515519	-0.0004811883	GARW	2036-04-01
2036-02-13	tropics	0	1.0011506	1.0114336	0.9896593	1.0080662	0.99324495	1.0045779	0.9969458	2036-02-13	tropics	0	1.0011506	1.0114336	0.9896593	1.0080662	0.99324495	1.0045779	0.9969458	2036-02-13	tropics	0	0.0004682541	0.003088559	-0.0025012852	0.0022431132	-0.0015789508	0.0013477802	-0.00063055754	2036-02-13	tropics	0	0.0004682541	0.003088559	-0.0025012852	0.0022431132	-0.0015789508	0.0013477802	-0.00063055754	GARW	2036-04-01
2036-02-14	tropics	0	1.0006258	1.0110781	0.989076	1.00766	0.992729	1.0041568	0.99646217	2036-02-14	tropics	0	1.0006258	1.0110781	0.989076	1.00766	0.992729	1.0041568	0.99646217	2036-02-14	tropics	0	0.0003424883	0.002993566	-0.0026533364	0.0021375655	-0.00171597	0.0012286901	-0.00075376034	2036-02-14	tropics	0	0.0003424883	0.002993566	-0.0026533364	0.0021375655	-0.00171597	0.0012286901	-0.00075376034	GARW	2036-04-01
2036-02-15	tropics	0	1.0001786	1.0107218	0.9884876	1.007225	0.99215144	1.0037448	0.9959402	2036-02-15	tropics	0	1.0001786	1.0107218	0.9884876	1.007225	0.99215144	1.0037448	0.9959402	2036-02-15	tropics	0	0.00021755695	0.0029020146	-0.0028009475	0.0020285607	-0.0018491745	0.0011180639	-0.0008713007	2036-02-15	tropics	0	0.00021755695	0.0029020146	-0.0028009475	0.0020285607	-0.0018491745	0.0011180639	-0.0008713007	GARW	2036-04-01
2036-02-16	tropics	0	0.99969125	1.010357	0.9879112	1.0065712	0.99162143	1.0032125	0.99541956	2036-02-16	tropics	0	0.99969125	1.010357	0.9879112	1.0065712	0.99162143	1.0032125	0.99541956	2036-02-16	tropics	0	8.916855e-05	0.002810028	-0.0029567778	0.0019118784	-0.0020006655	0.001010716	-0.0010070801	2036-02-16	tropics	0	8.916855e-05	0.002810028	-0.0029567778	0.0019118784	-0.0020006655	0.001010716	-0.0010070801	GARW	2036-04-01
2036-02-17	tropics	0	0.99919116	1.0099363	0.9874739	1.0059997	0.99111444	1.002662	0.9949714	2036-02-17	tropics	0	0.99919116	1.0099363	0.9874739	1.0059997	0.99111444	1.002662	0.9949714	2036-02-17	tropics	0	-3.71933e-05	0.0027165618	-0.0031097054	0.0017721644	-0.0021419048	0.0008841157	-0.0011511445	2036-02-17	tropics	0	-3.71933e-05	0.0027165618	-0.0031097054	0.0017721644	-0.0021419048	0.0008841157	-0.0011511445	GARW	2036-04-01
2036-02-18	tropics	0	0.99882275	1.0094811	0.98696125	1.0055109	0.9904988	1.0022256	0.9943838	2036-02-18	tropics	0	0.99882275	1.0094811	0.98696125	1.0055109	0.9904988	1.0022256	0.9943838	2036-02-18	tropics	0	-0.0001654625	0.0026123421	-0.0032418012	0.0016177413	-0.0022684336	0.00074255466	-0.0012626052	2036-02-18	tropics	0	-0.0001654625	0.0026123421	-0.0032418012	0.0016177413	-0.0022684336	0.00074255466	-0.0012626052	GARW	2036-04-01
2036-02-19	tropics	0	0.99843	1.0088809	0.9863308	1.0051224	0.9900755	1.0018474	0.99391377	2036-02-19	tropics	0	0.99843	1.0088809	0.9863308	1.0051224	0.9900755	1.0018474	0.99391377	2036-02-19	tropics	0	-0.00026869774	0.0024996344	-0.0033703328	0.0014731644	-0.0024347065	0.00061422586	-0.0014176369	2036-02-19	tropics	0	-0.00026869774	0.0024996344	-0.0033703328	0.0014731644	-0.0024347065	0.00061422586	-0.0014176369	GARW	2036-04-01
2036-02-20	tropics	0	0.99787843	1.008324	0.9856723	1.0046307	0.98964834	1.0013003	0.9934515	2036-02-20	tropics	0	0.99787843	1.008324	0.9856723	1.0046307	0.98964834	1.0013003	0.9934515	2036-02-20	tropics	0	-0.00037038326	0.0023635454	-0.003514415	0.0013709539	-0.0025663138	0.00050646067	-0.0015462637	2036-02-20	tropics	0	-0.00037038326	0.0023635454	-0.003514415	0.0013709539	-0.0025663138	0.00050646067	-0.0015462637	GARW	2036-04-01
2036-02-21	tropics	0	0.9973933	1.007953	0.98535717	1.0042994	0.98937476	1.0009296	0.99298614	2036-02-21	tropics	0	0.9973933	1.007953	0.98535717	1.0042994	0.98937476	1.0009296	0.99298614	2036-02-21	tropics	0	-0.0005084276	0.0022063917	-0.003695941	0.0012412304	-0.0026587725	0.00039714575	-0.0016656518	2036-02-21	tropics	0	-0.0005084276	0.0022063917	-0.003695941	0.0012412304	-0.0026587725	0.00039714575	-0.0016656518	GARW	2036-04-01
2036-02-22	tropics	0	0.9969647	1.007534	0.98493886	1.0039257	0.9888393	1.0004339	0.99257374	2036-02-22	tropics	0	0.9969647	1.007534	0.98493886	1.0039257	0.9888393	1.0004339	0.99257374	2036-02-22	tropics	0	-0.000644207	0.0020960572	-0.003813678	0.0011529922	-0.0027555705	0.0002811551	-0.0017908812	2036-02-22	tropics	0	-0.000644207	0.0020960572	-0.003813678	0.0011529922	-0.0027555705	0.0002811551	-0.0017908812	GARW	2036-04-01
2036-02-23	tropics	0	0.9965775	1.007092	0.9844648	1.0035607	0.9882927	1.0000865	0.9921349	2036-02-23	tropics	0	0.9965775	1.007092	0.9844648	1.0035607	0.9882927	1.0000865	0.9921349	2036-02-23	tropics	0	-0.00075006485	0.0019959393	-0.0039020001	0.0010505428	-0.0028653382	0.0001553297	-0.0019030571	2036-02-23	tropics	0	-0.00075006485	0.0019959393	-0.0039020001	0.0010505428	-0.0028653382	0.0001553297	-0.0019030571	GARW	2036-04-01
2036-02-24	tropics	0	0.99614584	1.0066527	0.9840012	1.0031826	0.98787576	0.9996072	0.991628	2036-02-24	tropics	0	0.99614584	1.0066527	0.9840012	1.0031826	0.98787576	0.9996072	0.991628	2036-02-24	tropics	0	-0.00086677074	0.0018806759	-0.0040287734	0.0009673833	-0.0030148267	6.109476e-05	-0.0020035505	2036-02-24	tropics	0	-0.00086677074	0.0018806759	-0.0040287734	0.0009673833	-0.0030148267	6.109476e-05	-0.0020035505	GARW	2036-04-01
2036-02-25	tropics	0	0.99571043	1.0063118	0.98355794	1.0026923	0.9874761	0.9991188	0.99131113	2036-02-25	tropics	0	0.99571043	1.0063118	0.98355794	1.0026923	0.9874761	0.9991188	0.99131113	2036-02-25	tropics	0	-0.00095796585	0.001767231	-0.004152268	0.0008529653	-0.0031398535	-5.1796436e-05	-0.0021480918	2036-02-25	tropics	0	-0.00095796585	0.001767231	-0.004152268	0.0008529653	-0.0031398535	-5.1796436e-05	-0.0021480918	GARW	2036-04-01
2036-02-26	tropics	0	0.99517417	1.0059286	0.98322725	1.0023197	0.98706424	0.99872273	0.9908378	2036-02-26	tropics	0	0.99517417	1.0059286	0.98322725	1.0023197	0.98706424	0.99872273	0.9908378	2036-02-26	tropics	0	-0.0010687113	0.001667715	-0.004271281	0.0007527582	-0.0032316446	-0.00018560886	-0.0022407174	2036-02-26	tropics	0	-0.0010687113	0.001667715	-0.004271281	0.0007527582	-0.0032316446	-0.00018560886	-0.0022407174	GARW	2036-04-01
2036-02-27	tropics	0	0.9947066	1.0054822	0.9828131	1.0019299	0.9864715	0.99838555	0.99023294	2036-02-27	tropics	0	0.9947066	1.0054822	0.9828131	1.0019299	0.9864715	0.99838555	0.99023294	2036-02-27	tropics	0	-0.0012037754	0.0015805544	-0.0043749036	0.000618814	-0.0033275366	-0.0002965927	-0.0023419857	2036-02-27	tropics	0	-0.0012037754	0.0015805544	-0.0043749036	0.000618814	-0.0033275366	-0.0002965927	-0.0023419857	GARW	2036-04-01
2036-02-28	tropics	0	0.99433124	1.0050371	0.98233944	1.0016783	0.98585457	0.9981497	0.9897255	2036-02-28	tropics	0	0.99433124	1.0050371	0.98233944	1.0016783	0.98585457	0.9981497	0.9897255	2036-02-28	tropics	0	-0.0013318062	0.0014646181	-0.0044632736	0.00052440097	-0.0034839867	-0.00039446354	-0.0024980307	2036-02-28	tropics	0	-0.0013318062	0.0014646181	-0.0044632736	0.00052440097	-0.0034839867	-0.00039446354	-0.0024980307	GARW	2036-04-01
2036-02-29	tropics	0	0.9938691	1.0046487	0.9817383	1.0012674	0.98536456	0.9977391	0.98935884	2036-02-29	tropics	0	0.9938691	1.0046487	0.9817383	1.0012674	0.98536456	0.9977391	0.98935884	2036-02-29	tropics	0	-0.0014408827	0.0013498144	-0.004586899	0.0004600993	-0.0036484003	-0.00046020746	-0.0026394725	2036-02-29	tropics	0	-0.0014408827	0.0013498144	-0.004586899	0.0004600993	-0.0036484003	-0.00046020746	-0.0026394725	GARW	2036-04-01
2036-03-01	tropics	0	0.99350816	1.0043439	0.9812174	1.0005847	0.9847767	0.99723494	0.9888837	2036-03-01	tropics	0	0.99350816	1.0043439	0.9812174	1.0005847	0.9847767	0.99723494	0.9888837	2036-03-01	tropics	0	-0.0015462637	0.0012297574	-0.00473032	0.00037498423	-0.0037832498	-0.0005450845	-0.0027365685	2036-03-01	tropics	0	-0.0015462637	0.0012297574	-0.00473032	0.00037498423	-0.0037832498	-0.0005450845	-0.0027365685	GARW	2036-04-01
2036-03-02	tropics	0	0.99312544	1.0040867	0.9806046	1.0002878	0.9843599	0.99696493	0.9884816	2036-03-02	tropics	0	0.99312544	1.0040867	0.9806046	1.0002878	0.9843599	0.99696493	0.9884816	2036-03-02	tropics	0	-0.0016700029	0.0011576837	-0.004880762	0.00021090446	-0.0039335964	-0.0006710887	-0.0028740764	2036-03-02	tropics	0	-0.0016700029	0.0011576837	-0.004880762	0.00021090446	-0.0039335964	-0.0006710887	-0.0028740764	GARW	2036-04-01
2036-03-03	tropics	0	0.9926795	1.0038218	0.9801217	0.9999682	0.98394144	0.9965483	0.9880761	2036-03-03	tropics	0	0.9926795	1.0038218	0.9801217	0.9999682	0.98394144	0.9965483	0.9880761	2036-03-03	tropics	0	-0.0017619133	0.0010862655	-0.0050277472	0.000105166255	-0.0040619136	-0.0007698536	-0.0029819608	2036-03-03	tropics	0	-0.0017619133	0.0010862655	-0.0050277472	0.000105166255	-0.0040619136	-0.0007698536	-0.0029819608	GARW	2036-04-01
2036-03-04	tropics	0	0.9922559	1.0033801	0.9793972	0.99965215	0.98355925	0.9962344	0.9874959	2036-03-04	tropics	0	0.9922559	1.0033801	0.9793972	0.99965215	0.98355925	0.9962344	0.9874959	2036-03-04	tropics	0	-0.0018690825	0.0010176622	-0.0051829633	2.086148e-05	-0.0041534184	-0.0008596182	-0.0030795336	2036-03-04	tropics	0	-0.0018690825	0.0010176622	-0.0051829633	2.086148e-05	-0.0041534184	-0.0008596182	-0.0030795336	GARW	2036-04-01
2036-03-05	tropics	0	0.9918715	1.002818	0.97884655	0.999434	0.9831272	0.9959167	0.9870978	2036-03-05	tropics	0	0.9918715	1.002818	0.97884655	0.999434	0.9831272	0.9959167	0.9870978	2036-03-05	tropics	0	-0.0019857883	0.0009355877	-0.005359918	-6.999989e-05	-0.0042787073	-0.000954926	-0.0032235384	2036-03-05	tropics	0	-0.0019857883	0.0009355877	-0.005359918	-6.999989e-05	-0.0042787073	-0.000954926	-0.0032235384	GARW	2036-04-01
2036-03-06	tropics	0	0.9915484	1.0025696	0.97825646	0.9993728	0.982521	0.99563205	0.98666215	2036-03-06	tropics	0	0.9915484	1.0025696	0.97825646	0.9993728	0.982521	0.99563205	0.98666215	2036-03-06	tropics	0	-0.002085805	0.0008042813	-0.005506051	-0.00013926145	-0.004376507	-0.001044035	-0.003347516	2036-03-06	tropics	0	-0.002085805	0.0008042813	-0.005506051	-0.00013926145	-0.004376507	-0.001044035	-0.003347516	GARW	2036-04-01
2036-03-07	tropics	0	0.9911395	1.0024745	0.97767884	0.9990384	0.9820674	0.9954571	0.98634326	2036-03-07	tropics	0	0.9911395	1.0024745	0.97767884	0.9990384	0.9820674	0.9954571	0.98634326	2036-03-07	tropics	0	-0.0021899939	0.00067721074	-0.0056543825	-0.0001595268	-0.004545927	-0.0011168122	-0.003440082	2036-03-07	tropics	0	-0.0021899939	0.00067721074	-0.0056543825	-0.0001595268	-0.004545927	-0.0011168122	-0.003440082	GARW	2036-04-01
2036-03-08	tropics	0	0.99073505	1.0023977	0.9772174	0.9990098	0.9814448	0.9950509	0.98596185	2036-03-08	tropics	0	0.99073505	1.0023977	0.9772174	0.9990098	0.9814448	0.9950509	0.98596185	2036-03-08	tropics	0	-0.0022734404	0.0006496677	-0.005821407	-0.00023469975	-0.004655504	-0.0011605024	-0.003546238	2036-03-08	tropics	0	-0.0022734404	0.0006496677	-0.005821407	-0.00023469975	-0.004655504	-0.0011605024	-0.003546238	GARW	2036-04-01
2036-03-09	tropics	0	0.9902945	1.0021156	0.9767538	0.9986504	0.9810145	0.99463135	0.98564154	2036-03-09	tropics	0	0.9902945	1.0021156	0.9767538	0.9986504	0.9810145	0.99463135	0.98564154	2036-03-09	tropics	0	-0.0023955107	0.0006279971	-0.0059468388	-0.000251079	-0.004845381	-0.0012505054	-0.003623426	2036-03-09	tropics	0	-0.0023955107	0.0006279971	-0.0059468388	-0.000251079	-0.004845381	-0.0012505054	-0.003623426	GARW	2036-04-01
2036-03-10	tropics	0	0.99001503	1.0017298	0.97598195	0.99825776	0.9805151	0.9943663	0.98530155	2036-03-10	tropics	0	0.99001503	1.0017298	0.97598195	0.99825776	0.9805151	0.9943663	0.98530155	2036-03-10	tropics	0	-0.0024975538	0.0005865069	-0.006070137	-0.0003144269	-0.0049161674	-0.0013635159	-0.0037242174	2036-03-10	tropics	0	-0.0024975538	0.0005865069	-0.006070137	-0.0003144269	-0.0049161674	-0.0013635159	-0.0037242174	GARW	2036-04-01
2036-03-11	tropics	0	0.9896568	1.0015565	0.9754456	0.99787116	0.98027754	0.99414676	0.98498946	2036-03-11	tropics	0	0.9896568	1.0015565	0.9754456	0.99787116	0.98027754	0.99414676	0.98498946	2036-03-11	tropics	0	-0.002577901	0.00048599322	-0.006244612	-0.0004173295	-0.0050730705	-0.0014463663	-0.0038258433	2036-03-11	tropics	0	-0.002577901	0.00048599322	-0.006244612	-0.0004173295	-0.0050730705	-0.0014463663	-0.0038258433	GARW	2036-04-01
2036-03-12	tropics	0	0.98935056	1.0015129	0.9751206	0.99757874	0.9799841	0.9939177	0.9846797	2036-03-12	tropics	0	0.98935056	1.0015129	0.9751206	0.99757874	0.9799841	0.9939177	0.9846797	2036-03-12	tropics	0	-0.0026699305	0.0004119342	-0.0064160167	-0.0004985576	-0.005157256	-0.0015133023	-0.00390625	2036-03-12	tropics	0	-0.0026699305	0.0004119342	-0.0064160167	-0.0004985576	-0.005157256	-0.0015133023	-0.00390625	GARW	2036-04-01
2036-03-13	tropics	0	0.98902476	1.0014608	0.9749495	0.9972635	0.97966707	0.99365884	0.9843546	2036-03-13	tropics	0	0.98902476	1.0014608	0.9749495	0.9972635	0.97966707	0.99365884	0.9843546	2036-03-13	tropics	0	-0.002765417	0.0003939695	-0.0065342668	-0.0006165267	-0.005239296	-0.001568377	-0.0039870143	2036-03-13	tropics	0	-0.002765417	0.0003939695	-0.0065342668	-0.0006165267	-0.005239296	-0.001568377	-0.0039870143	GARW	2036-04-01
2036-03-14	tropics	0	0.9885725	1.0017167	0.97458947	0.99717665	0.9791809	0.9934112	0.98397994	2036-03-14	tropics	0	0.9885725	1.0017167	0.97458947	0.99717665	0.9791809	0.9934112	0.98397994	2036-03-14	tropics	0	-0.0028338432	0.00036912624	-0.0065799234	-0.000663543	-0.0053034066	-0.0016279817	-0.004062772	2036-03-14	tropics	0	-0.0028338432	0.00036912624	-0.0065799234	-0.000663543	-0.0053034066	-0.0016279817	-0.004062772	GARW	2036-04-01
2036-03-15	tropics	0	0.9882448	1.0017079	0.97409254	0.99691	0.97863936	0.99309003	0.98359275	2036-03-15	tropics	0	0.9882448	1.0017079	0.97409254	0.99691	0.97863936	0.99309003	0.98359275	2036-03-15	tropics	0	-0.0029517412	0.00042557294	-0.0066494285	-0.0007287503	-0.0054098843	-0.0016920567	-0.004157901	2036-03-15	tropics	0	-0.0029517412	0.00042557294	-0.0066494285	-0.0007287503	-0.0054098843	-0.0016920567	-0.004157901	GARW	2036-04-01
2036-03-16	tropics	0	0.98797846	1.0016534	0.97353536	0.9966577	0.9782644	0.99296725	0.983289	2036-03-16	tropics	0	0.98797846	1.0016534	0.97353536	0.9966577	0.9782644	0.99296725	0.983289	2036-03-16	tropics	0	-0.0030514002	0.00045369277	-0.006769246	-0.0007784845	-0.0055723665	-0.0017862916	-0.004286766	2036-03-16	tropics	0	-0.0030514002	0.00045369277	-0.006769246	-0.0007784845	-0.0055723665	-0.0017862916	-0.004286766	GARW	2036-04-01
2036-03-17	tropics	0	0.98774207	1.0016237	0.97304004	0.9966285	0.97782403	0.9927452	0.982864	2036-03-17	tropics	0	0.98774207	1.0016237	0.97304004	0.9966285	0.97782403	0.9927452	0.982864	2036-03-17	tropics	0	-0.003119588	0.00043199692	-0.0069197356	-0.0008655327	-0.0056867125	-0.0018237233	-0.004352689	2036-03-17	tropics	0	-0.003119588	0.00043199692	-0.0069197356	-0.0008655327	-0.0056867125	-0.0018237233	-0.004352689	GARW	2036-04-01
2036-03-18	tropics	0	0.98747957	1.0014724	0.97237265	0.9963732	0.97736293	0.9925933	0.9825852	2036-03-18	tropics	0	0.98747957	1.0014724	0.97237265	0.9963732	0.97736293	0.9925933	0.9825852	2036-03-18	tropics	0	-0.0031930208	0.00042317214	-0.0070651113	-0.0008853915	-0.005782175	-0.0018788576	-0.004444003	2036-03-18	tropics	0	-0.0031930208	0.00042317214	-0.0070651113	-0.0008853915	-0.005782175	-0.0018788576	-0.004444003	GARW	2036-04-01
2036-03-19	tropics	0	0.9872671	1.0011754	0.97177446	0.99613076	0.9767996	0.9925135	0.98217374	2036-03-19	tropics	0	0.9872671	1.0011754	0.97177446	0.99613076	0.9767996	0.9925135	0.98217374	2036-03-19	tropics	0	-0.00325346	0.0004072718	-0.0072237193	-0.00090210454	-0.0059156655	-0.001927793	-0.004541576	2036-03-19	tropics	0	-0.00325346	0.0004072718	-0.0072237193	-0.00090210454	-0.0059156655	-0.001927793	-0.004541576	GARW	2036-04-01
2036-03-20	tropics	0	0.98708725	1.0009464	0.9711943	0.9960642	0.9762889	0.9924334	0.98166156	2036-03-20	tropics	0	0.98708725	1.0009464	0.9711943	0.9960642	0.9762889	0.9924334	0.98166156	2036-03-20	tropics	0	-0.0033135414	0.0003322764	-0.007385093	-0.0009765154	-0.0060477974	-0.0019485354	-0.0046359897	2036-03-20	tropics	0	-0.0033135414	0.0003322764	-0.007385093	-0.0009765154	-0.0060477974	-0.0019485354	-0.0046359897	GARW	2036-04-01
2036-03-21	tropics	0	0.98682296	1.000887	0.970632	0.9959618	0.97586715	0.9923384	0.981263	2036-03-21	tropics	0	0.98682296	1.000887	0.970632	0.9959618	0.97586715	0.9923384	0.981263	2036-03-21	tropics	0	-0.0033677816	0.0002568933	-0.0075329244	-0.0010223389	-0.006196356	-0.0019698143	-0.0047597885	2036-03-21	tropics	0	-0.0033677816	0.0002568933	-0.0075329244	-0.0010223389	-0.006196356	-0.0019698143	-0.0047597885	GARW	2036-04-01
2036-03-22	tropics	0	0.98661256	1.0007925	0.97029793	0.9960255	0.9755997	0.9920111	0.9808663	2036-03-22	tropics	0	0.98661256	1.0007925	0.97029793	0.9960255	0.9755997	0.9920111	0.9808663	2036-03-22	tropics	0	-0.003428936	0.0002329532	-0.0076940893	-0.0010402205	-0.006317782	-0.0020034313	-0.004881084	2036-03-22	tropics	0	-0.003428936	0.0002329532	-0.0076940893	-0.0010402205	-0.006317782	-0.0020034313	-0.004881084	GARW	2036-04-01
2036-03-23	tropics	0	0.9865252	1.0007279	0.96959865	0.99583405	0.97508985	0.9915794	0.98044765	2036-03-23	tropics	0	0.9865252	1.0007279	0.96959865	0.99583405	0.97508985	0.9915794	0.98044765	2036-03-23	tropics	0	-0.0034745932	0.00021988954	-0.0078001204	-0.0010352375	-0.006388378	-0.0020411015	-0.0050062537	2036-03-23	tropics	0	-0.0034745932	0.00021988954	-0.0078001204	-0.0010352375	-0.006388378	-0.0020411015	-0.0050062537	GARW	2036-04-01
2036-03-24	tropics	0	0.98652667	1.0008814	0.9690669	0.99577075	0.97447926	0.99155354	0.9803128	2036-03-24	tropics	0	0.98652667	1.0008814	0.9690669	0.99577075	0.97447926	0.99155354	0.9803128	2036-03-24	tropics	0	-0.0035191774	0.00018284927	-0.007954144	-0.0010689262	-0.0065104486	-0.0021609664	-0.0051031113	2036-03-24	tropics	0	-0.0035191774	0.00018284927	-0.007954144	-0.0010689262	-0.0065104486	-0.0021609664	-0.0051031113	GARW	2036-04-01
2036-03-25	tropics	0	0.9862571	1.000959	0.96857643	0.9956625	0.97399026	0.99150866	0.97985333	2036-03-25	tropics	0	0.9862571	1.000959	0.96857643	0.9956625	0.97399026	0.99150866	0.97985333	2036-03-25	tropics	0	-0.003537774	0.00021116235	-0.008119678	-0.0010989191	-0.0066737174	-0.0022085905	-0.005165696	2036-03-25	tropics	0	-0.003537774	0.00021116235	-0.008119678	-0.0010989191	-0.0066737174	-0.0022085905	-0.005165696	GARW	2036-04-01
2036-03-26	tropics	0	0.9860395	1.0010484	0.9678339	0.995457	0.9736877	0.9913534	0.9794719	2036-03-26	tropics	0	0.9860395	1.0010484	0.9678339	0.995457	0.9736877	0.9913534	0.9794719	2036-03-26	tropics	0	-0.0035812855	0.00024985283	-0.008249593	-0.001115537	-0.00681901	-0.002231896	-0.0052368045	2036-03-26	tropics	0	-0.0035812855	0.00024985283	-0.008249593	-0.001115537	-0.00681901	-0.002231896	-0.0052368045	GARW	2036-04-01
2036-03-27	tropics	0	0.9857648	1.0014657	0.96733946	0.99537873	0.9734237	0.9912878	0.9791641	2036-03-27	tropics	0	0.9857648	1.0014657	0.96733946	0.99537873	0.9734237	0.9912878	0.9791641	2036-03-27	tropics	0	-0.0036267042	0.00025105546	-0.008398038	-0.0011715892	-0.006880355	-0.002245605	-0.005364299	2036-03-27	tropics	0	-0.0036267042	0.00025105546	-0.008398038	-0.0011715892	-0.006880355	-0.002245605	-0.005364299	GARW	2036-04-01
2036-03-28	tropics	0	0.98569477	1.0019038	0.9669945	0.99538046	0.97311413	0.9911245	0.97909105	2036-03-28	tropics	0	0.98569477	1.0019038	0.9669945	0.99538046	0.97311413	0.9911245	0.97909105	2036-03-28	tropics	0	-0.003703475	0.00033852467	-0.008596403	-0.0011970999	-0.006982541	-0.0022773147	-0.005426049	2036-03-28	tropics	0	-0.003703475	0.00033852467	-0.008596403	-0.0011970999	-0.006982541	-0.0022773147	-0.005426049	GARW	2036-04-01
2036-03-29	tropics	0	0.985378	1.0023619	0.96614957	0.9954943	0.97282785	0.99108094	0.9790524	2036-03-29	tropics	0	0.985378	1.0023619	0.96614957	0.9954943	0.97282785	0.99108094	0.9790524	2036-03-29	tropics	0	-0.0037497282	0.0004505042	-0.008669955	-0.0012099028	-0.007042217	-0.0023038387	-0.0055059195	2036-03-29	tropics	0	-0.0037497282	0.0004505042	-0.008669955	-0.0012099028	-0.007042217	-0.0023038387	-0.0055059195	GARW	2036-04-01
2036-03-30	tropics	0	0.98531103	1.0028402	0.96565396	0.99556506	0.9722317	0.9912104	0.9788902	2036-03-30	tropics	0	0.98531103	1.0028402	0.96565396	0.99556506	0.9722317	0.9912104	0.9788902	2036-03-30	tropics	0	-0.003810525	0.0005676157	-0.008882582	-0.0011827713	-0.007141447	-0.0023306608	-0.005484998	2036-03-30	tropics	0	-0.003810525	0.0005676157	-0.008882582	-0.0011827713	-0.007141447	-0.0023306608	-0.005484998	GARW	2036-04-01
2036-03-31	tropics	0	0.98513687	1.0033383	0.96507984	0.9956501	0.9716913	0.99153453	0.9784791	2036-03-31	tropics	0	0.98513687	1.0033383	0.96507984	0.9956501	0.9716913	0.99153453	0.9784791	2036-03-31	tropics	0	-0.0038596392	0.00068997237	-0.009033417	-0.0011510851	-0.0072482587	-0.002315402	-0.005550146	2036-03-31	tropics	0	-0.0038596392	0.00068997237	-0.009033417	-0.0011510851	-0.0072482587	-0.002315402	-0.005550146	GARW	2036-04-01
2036-04-01	tropics	0	0.9846617	1.0038567	0.9641598	0.9955833	0.9713127	0.99142855	0.97818184	2036-04-01	tropics	0	0.9846617	1.0038567	0.9641598	0.9955833	0.9713127	0.99142855	0.97818184	2036-04-01	tropics	0	-0.0038665533	0.0008173478	-0.00917927	-0.0011243585	-0.0073843957	-0.002253592	-0.005626023	2036-04-01	tropics	0	-0.0038665533	0.0008173478	-0.00917927	-0.0011243585	-0.0073843957	-0.002253592	-0.005626023	GARW	2036-04-01
2035-04-03	tropics	9	0.8485174	0.92524946	0.7768861	0.8981593	0.7998634	0.876291	0.8217286	2035-04-03	tropics	9	0.8485174	0.92524946	0.7768861	0.8981593	0.7998634	0.876291	0.8217286	2035-04-03	tropics	9	nan	nan	nan	nan	nan	nan	nan	2035-04-03	tropics	9	nan	nan	nan	nan	nan	nan	nan	GARW	2036-04-01
2035-04-04	tropics	9	0.8486395	0.92483944	0.7771383	0.8981885	0.8001368	0.8757846	0.82183325	2035-04-04	tropics	9	0.8486395	0.92483944	0.7771383	0.8981885	0.8001368	0.8757846	0.82183325	2035-04-04	tropics	9	0.108449996	0.10975326	0.10723178	0.10929332	0.1076228	0.108921826	0.107994616	2035-04-04	tropics	9	0.108449996	0.10975326	0.10723178	0.10929332	0.1076228	0.108921826	0.107994616	GARW	2036-04-01
2035-04-05	tropics	9	0.8483555	0.92450285	0.7773252	0.89827293	0.8001498	0.87566924	0.8216977	2035-04-05	tropics	9	0.8483555	0.92450285	0.7773252	0.89827293	0.8001498	0.87566924	0.8216977	2035-04-05	tropics	9	0.06285435	0.081829205	0.044732563	0.07517741	0.050588906	0.069752276	0.05611047	2035-04-05	tropics	9	0.06285435	0.081829205	0.044732563	0.07517741	0.050588906	0.069752276	0.05611047	GARW	2036-04-01
2035-04-06	tropics	9	0.8480114	0.9242093	0.7782133	0.8984086	0.7999978	0.8752501	0.8215547	2035-04-06	tropics	9	0.8480114	0.9242093	0.7782133	0.8984086	0.7999978	0.8752501	0.8215547	2035-04-06	tropics	9	0.04433757	0.067723975	0.021007638	0.059714556	0.028668536	0.05285445	0.03576699	2035-04-06	tropics	9	0.04433757	0.067723975	0.021007638	0.059714556	0.028668536	0.05285445	0.03576699	GARW	2036-04-01
2035-04-07	tropics	9	0.84817374	0.923928	0.7784524	0.898629	0.8001623	0.8753639	0.82170314	2035-04-07	tropics	9	0.84817374	0.923928	0.7784524	0.898629	0.8001623	0.8753639	0.82170314	2035-04-07	tropics	9	0.05767244	0.07030615	0.04516133	0.06620211	0.049155403	0.062325597	0.053041816	2035-04-07	tropics	9	0.05767244	0.07030615	0.04516133	0.06620211	0.049155403	0.062325597	0.053041816	GARW	2036-04-01
2035-04-08	tropics	9	0.84869075	0.9244039	0.77865016	0.8986277	0.79961884	0.8759541	0.8218995	2035-04-08	tropics	9	0.84869075	0.9244039	0.77865016	0.8986277	0.79961884	0.8759541	0.8218995	2035-04-08	tropics	9	0.05515951	0.06592656	0.04507885	0.062187288	0.048036944	0.059002012	0.051297665	2035-04-08	tropics	9	0.05515951	0.06592656	0.04507885	0.062187288	0.048036944	0.059002012	0.051297665	GARW	2036-04-01
2035-04-09	tropics	9	0.84913063	0.92553765	0.7788135	0.8987344	0.79952204	0.8761357	0.8220962	2035-04-09	tropics	9	0.84913063	0.92553765	0.7788135	0.8987344	0.79952204	0.8761357	0.8220962	2035-04-09	tropics	9	0.03837365	0.05196406	0.025855433	0.0472996	0.029552663	0.04321821	0.033579767	2035-04-09	tropics	9	0.03837365	0.05196406	0.025855433	0.0472996	0.029552663	0.04321821	0.033579767	GARW	2036-04-01
2035-04-10	tropics	9	0.84930295	0.92639583	0.7789499	0.8986693	0.7995746	0.8764756	0.82244354	2035-04-10	tropics	9	0.84930295	0.92639583	0.7789499	0.8986693	0.7995746	0.8764756	0.82244354	2035-04-10	tropics	9	-0.06216824	-0.0395239	-0.08440129	-0.047095038	-0.077613935	-0.053883046	-0.070524216	2035-04-10	tropics	9	-0.06216824	-0.0395239	-0.08440129	-0.047095038	-0.077613935	-0.053883046	-0.070524216	GARW	2036-04-01
2035-04-11	tropics	9	0.8492428	0.9269919	0.7790604	0.89895624	0.7997504	0.8766323	0.82265127	2035-04-11	tropics	9	0.8492428	0.9269919	0.7790604	0.89895624	0.7997504	0.8766323	0.82265127	2035-04-11	tropics	9	-0.09414816	-0.06577063	-0.12310142	-0.07538908	-0.11423799	-0.08376916	-0.10493171	2035-04-11	tropics	9	-0.09414816	-0.06577063	-0.12310142	-0.07538908	-0.11423799	-0.08376916	-0.10493171	GARW	2036-04-01
2035-04-12	tropics	9	0.8492904	0.9266984	0.77914596	0.89926606	0.7999648	0.87638026	0.8226811	2035-04-12	tropics	9	0.8492904	0.9266984	0.77914596	0.89926606	0.7999648	0.87638026	0.8226811	2035-04-12	tropics	9	-0.028735846	-0.0064716586	-0.050804306	-0.014266596	-0.044083	-0.02064985	-0.036853462	2035-04-12	tropics	9	-0.028735846	-0.0064716586	-0.050804306	-0.014266596	-0.044083	-0.02064985	-0.036853462	GARW	2036-04-01
2035-04-13	tropics	9	0.8494968	0.9264209	0.77920765	0.8995727	0.8008743	0.87586653	0.8230891	2035-04-13	tropics	9	0.8494968	0.9264209	0.77920765	0.8995727	0.8008743	0.87586653	0.8230891	2035-04-13	tropics	9	-0.022268057	-0.0025825393	-0.041298755	-0.009395504	-0.035426926	-0.015352547	-0.029288918	2035-04-13	tropics	9	-0.022268057	-0.0025825393	-0.041298755	-0.009395504	-0.035426926	-0.015352547	-0.029288918	GARW	2036-04-01
2035-04-14	tropics	9	0.84986913	0.9261619	0.77845746	0.8999005	0.8007599	0.8759007	0.82326853	2035-04-14	tropics	9	0.84986913	0.9261619	0.77845746	0.8999005	0.8007599	0.8759007	0.82326853	2035-04-14	tropics	9	-0.04693663	-0.024767458	-0.06853853	-0.032416716	-0.061870553	-0.039145216	-0.054935962	2035-04-14	tropics	9	-0.04693663	-0.024767458	-0.06853853	-0.032416716	-0.061870553	-0.039145216	-0.054935962	GARW	2036-04-01
2035-04-15	tropics	9	0.8498795	0.9259252	0.77796096	0.90013546	0.8005511	0.8759276	0.8233988	2035-04-15	tropics	9	0.8498795	0.9259252	0.77796096	0.90013546	0.8005511	0.8759276	0.8233988	2035-04-15	tropics	9	-0.050081015	-0.0266417	-0.073458984	-0.03454717	-0.06600181	-0.04183314	-0.05863139	2035-04-15	tropics	9	-0.050081015	-0.0266417	-0.073458984	-0.03454717	-0.06600181	-0.04183314	-0.05863139	GARW	2036-04-01
2035-04-16	tropics	9	0.8498818	0.92570287	0.7775688	0.900341	0.8005905	0.87602544	0.8234428	2035-04-16	tropics	9	0.8498818	0.92570287	0.7775688	0.900341	0.8005905	0.87602544	0.8234428	2035-04-16	tropics	9	-0.04021877	-0.017939512	-0.06308227	-0.025324436	-0.055697907	-0.03236504	-0.04842849	2035-04-16	tropics	9	-0.04021877	-0.017939512	-0.06308227	-0.025324436	-0.055697907	-0.03236504	-0.04842849	GARW	2036-04-01
2035-04-17	tropics	9	0.84981513	0.9254947	0.7780749	0.8997788	0.8003509	0.8756373	0.8232161	2035-04-17	tropics	9	0.84981513	0.9254947	0.7780749	0.8997788	0.8003509	0.8756373	0.8232161	2035-04-17	tropics	9	-0.038823664	-0.017332442	-0.06099701	-0.02436077	-0.053747	-0.031236395	-0.046740755	2035-04-17	tropics	9	-0.038823664	-0.017332442	-0.06099701	-0.02436077	-0.053747	-0.031236395	-0.046740755	GARW	2036-04-01
2035-04-18	tropics	9	0.85002786	0.92625743	0.7785876	0.8998294	0.8007079	0.87544596	0.8233363	2035-04-18	tropics	9	0.85002786	0.92625743	0.7785876	0.8998294	0.8007079	0.87544596	0.8233363	2035-04-18	tropics	9	-0.042703122	-0.020841524	-0.065066166	-0.028104668	-0.05779942	-0.035041407	-0.050747663	2035-04-18	tropics	9	-0.042703122	-0.020841524	-0.065066166	-0.028104668	-0.05779942	-0.035041407	-0.050747663	GARW	2036-04-01
2035-04-19	tropics	9	0.8499844	0.9267557	0.7790839	0.8998702	0.8009108	0.8759787	0.8235381	2035-04-19	tropics	9	0.8499844	0.9267557	0.7790839	0.8998702	0.8009108	0.8759787	0.8235381	2035-04-19	tropics	9	-0.043274105	-0.02102805	-0.06597151	-0.02847134	-0.058814704	-0.03556952	-0.051514894	2035-04-19	tropics	9	-0.043274105	-0.02102805	-0.06597151	-0.02847134	-0.058814704	-0.03556952	-0.051514894	GARW	2036-04-01
2035-04-20	tropics	9	0.84999776	0.92664474	0.7795596	0.89989024	0.8010186	0.8756679	0.8237555	2035-04-20	tropics	9	0.84999776	0.92664474	0.7795596	0.89989024	0.8010186	0.8756679	0.8237555	2035-04-20	tropics	9	-0.041715443	-0.01940411	-0.06415449	-0.027034542	-0.057029985	-0.034059495	-0.049904585	2035-04-20	tropics	9	-0.041715443	-0.01940411	-0.06415449	-0.027034542	-0.057029985	-0.034059495	-0.049904585	GARW	2036-04-01
2035-04-21	tropics	9	0.8503245	0.9266261	0.7800123	0.89975375	0.80071586	0.87575907	0.8238572	2035-04-21	tropics	9	0.8503245	0.9266261	0.7800123	0.89975375	0.80071586	0.87575907	0.8238572	2035-04-21	tropics	9	-0.04148203	-0.019329866	-0.06351586	-0.026867498	-0.05659206	-0.03385301	-0.049476773	2035-04-21	tropics	9	-0.04148203	-0.019329866	-0.06351586	-0.026867498	-0.05659206	-0.03385301	-0.049476773	GARW	2036-04-01
2035-04-22	tropics	9	0.8504982	0.9266592	0.780249	0.89924	0.80114686	0.8758388	0.8239349	2035-04-22	tropics	9	0.8504982	0.9266592	0.780249	0.89924	0.80114686	0.8758388	0.8239349	2035-04-22	tropics	9	-0.042015195	-0.019887516	-0.06400824	-0.027453039	-0.057320643	-0.03442477	-0.050053842	2035-04-22	tropics	9	-0.042015195	-0.019887516	-0.06400824	-0.027453039	-0.057320643	-0.03442477	-0.050053842	GARW	2036-04-01
2035-04-23	tropics	9	0.85044533	0.92667466	0.7803546	0.89922595	0.8012902	0.87615436	0.82406616	2035-04-23	tropics	9	0.85044533	0.92667466	0.7803546	0.89922595	0.8012902	0.87615436	0.82406616	2035-04-23	tropics	9	-0.04205227	-0.019919613	-0.064102896	-0.027661843	-0.05742365	-0.034490503	-0.050181948	2035-04-23	tropics	9	-0.04205227	-0.019919613	-0.064102896	-0.027661843	-0.05742365	-0.034490503	-0.050181948	GARW	2036-04-01
2035-04-24	tropics	9	0.8503369	0.9264754	0.7804648	0.8992024	0.8013657	0.8761554	0.8241323	2035-04-24	tropics	9	0.8503369	0.9264754	0.7804648	0.8992024	0.8013657	0.8761554	0.8241323	2035-04-24	tropics	9	-0.04180023	-0.019698862	-0.06382098	-0.02746173	-0.05706332	-0.034238823	-0.049907506	2035-04-24	tropics	9	-0.04180023	-0.019698862	-0.06382098	-0.02746173	-0.05706332	-0.034238823	-0.049907506	GARW	2036-04-01
2035-04-25	tropics	9	0.8502903	0.92631465	0.78033906	0.89946777	0.8014345	0.87614465	0.8242833	2035-04-25	tropics	9	0.8502903	0.92631465	0.78033906	0.89946777	0.8014345	0.87614465	0.8242833	2035-04-25	tropics	9	-0.041793764	-0.019707922	-0.06369642	-0.027440215	-0.05696069	-0.034120835	-0.04980345	2035-04-25	tropics	9	-0.041793764	-0.019707922	-0.06369642	-0.027440215	-0.05696069	-0.034120835	-0.04980345	GARW	2036-04-01
2035-04-26	tropics	9	0.8504026	0.9264871	0.78004575	0.8999022	0.8015243	0.8762384	0.82407993	2035-04-26	tropics	9	0.8504026	0.9264871	0.78004575	0.8999022	0.8015243	0.8762384	0.82407993	2035-04-26	tropics	9	-0.04187879	-0.019870335	-0.06378692	-0.027484052	-0.057034004	-0.03421342	-0.049883544	2035-04-26	tropics	9	-0.04187879	-0.019870335	-0.06378692	-0.027484052	-0.057034004	-0.03421342	-0.049883544	GARW	2036-04-01
2035-04-27	tropics	9	0.85026443	0.92658186	0.77977633	0.8999019	0.8016415	0.87618244	0.8237927	2035-04-27	tropics	9	0.85026443	0.92658186	0.77977633	0.8999019	0.8016415	0.87618244	0.8237927	2035-04-27	tropics	9	-0.04191518	-0.019841308	-0.06392	-0.027372027	-0.05704528	-0.034188733	-0.04989346	2035-04-27	tropics	9	-0.04191518	-0.019841308	-0.06392	-0.027372027	-0.05704528	-0.034188733	-0.04989346	GARW	2036-04-01
2035-04-28	tropics	9	0.8504315	0.9265258	0.7795423	0.90020734	0.80174965	0.8762461	0.8236587	2035-04-28	tropics	9	0.8504315	0.9265258	0.7795423	0.90020734	0.80174965	0.8762461	0.8236587	2035-04-28	tropics	9	-0.041895263	-0.019763434	-0.063975915	-0.027304718	-0.056969665	-0.034180313	-0.049985476	2035-04-28	tropics	9	-0.041895263	-0.019763434	-0.063975915	-0.027304718	-0.056969665	-0.034180313	-0.049985476	GARW	2036-04-01
2035-04-29	tropics	9	0.8505871	0.9264656	0.77971923	0.9000982	0.80184907	0.8761259	0.82360935	2035-04-29	tropics	9	0.8505871	0.9264656	0.77971923	0.9000982	0.80184907	0.8761259	0.82360935	2035-04-29	tropics	9	-0.041854084	-0.019772153	-0.06404027	-0.027249385	-0.056919932	-0.03416708	-0.050017096	2035-04-29	tropics	9	-0.041854084	-0.019772153	-0.06404027	-0.027249385	-0.056919932	-0.03416708	-0.050017096	GARW	2036-04-01
2035-04-30	tropics	9	0.85067046	0.92639613	0.78004634	0.9003031	0.8019402	0.8761083	0.8236249	2035-04-30	tropics	9	0.85067046	0.92639613	0.78004634	0.9003031	0.8019402	0.8761083	0.8236249	2035-04-30	tropics	9	-0.041819528	-0.019801915	-0.06405995	-0.027249672	-0.056901526	-0.0342094	-0.050053924	2035-04-30	tropics	9	-0.041819528	-0.019801915	-0.06405995	-0.027249672	-0.056901526	-0.0342094	-0.050053924	GARW	2036-04-01
2035-05-01	tropics	9	0.850711	0.9263169	0.780382	0.90050054	0.80182546	0.8759862	0.82357645	2035-05-01	tropics	9	0.850711	0.9263169	0.780382	0.90050054	0.80182546	0.8759862	0.82357645	2035-05-01	tropics	9	-0.041771635	-0.019821584	-0.06396127	-0.027202873	-0.05687789	-0.03421151	-0.050057217	2035-05-01	tropics	9	-0.041771635	-0.019821584	-0.06396127	-0.027202873	-0.05687789	-0.03421151	-0.050057217	GARW	2036-04-01
2035-05-02	tropics	9	0.8507893	0.9262292	0.78072435	0.9005235	0.8017938	0.87574446	0.82353973	2035-05-02	tropics	9	0.8507893	0.9262292	0.78072435	0.9005235	0.8017938	0.87574446	0.82353973	2035-05-02	tropics	9	-0.04177195	-0.019837566	-0.06384729	-0.027171507	-0.056886077	-0.034233354	-0.05005317	2035-05-02	tropics	9	-0.04177195	-0.019837566	-0.06384729	-0.027171507	-0.056886077	-0.034233354	-0.05005317	GARW	2036-04-01
2035-05-03	tropics	9	0.8506669	0.9261341	0.7809566	0.90052533	0.8019804	0.8758483	0.8236006	2035-05-03	tropics	9	0.8506669	0.9261341	0.7809566	0.90052533	0.8019804	0.8758483	0.8236006	2035-05-03	tropics	9	-0.041743934	-0.019860933	-0.063732855	-0.02713555	-0.056921285	-0.034296144	-0.050076522	2035-05-03	tropics	9	-0.041743934	-0.019860933	-0.063732855	-0.02713555	-0.056921285	-0.034296144	-0.050076522	GARW	2036-04-01
2035-05-04	tropics	9	0.85060763	0.9260329	0.78106964	0.9004557	0.80216175	0.875479	0.823545	2035-05-04	tropics	9	0.85060763	0.9260329	0.78106964	0.9004557	0.80216175	0.875479	0.823545	2035-05-04	tropics	9	-0.04175988	-0.01988891	-0.06364053	-0.027137432	-0.056871057	-0.034262862	-0.050062016	2035-05-04	tropics	9	-0.04175988	-0.01988891	-0.06364053	-0.027137432	-0.056871057	-0.034262862	-0.050062016	GARW	2036-04-01
2035-05-05	tropics	9	0.850765	0.92592674	0.78054565	0.9003589	0.802284	0.8756218	0.82355464	2035-05-05	tropics	9	0.850765	0.92592674	0.78054565	0.9003589	0.802284	0.8756218	0.82355464	2035-05-05	tropics	9	-0.041807227	-0.019916905	-0.06357829	-0.027146477	-0.056814015	-0.034353882	-0.05006881	2035-05-05	tropics	9	-0.041807227	-0.019916905	-0.06357829	-0.027146477	-0.056814015	-0.034353882	-0.05006881	GARW	2036-04-01
2035-05-06	tropics	9	0.8509182	0.9258167	0.78003234	0.9006079	0.8021804	0.87538445	0.82373166	2035-05-06	tropics	9	0.8509182	0.9258167	0.78003234	0.9006079	0.8021804	0.87538445	0.82373166	2035-05-06	tropics	9	-0.041766204	-0.019945515	-0.06368872	-0.027174117	-0.056758832	-0.034356996	-0.050085694	2035-05-06	tropics	9	-0.041766204	-0.019945515	-0.06368872	-0.027174117	-0.056758832	-0.034356996	-0.050085694	GARW	2036-04-01
2035-05-07	tropics	9	0.85106766	0.92570424	0.78009045	0.90063375	0.80195475	0.8753168	0.8235632	2035-05-07	tropics	9	0.85106766	0.92570424	0.78009045	0.90063375	0.80195475	0.8753168	0.8235632	2035-05-07	tropics	9	-0.041719332	-0.019975845	-0.063858196	-0.027120063	-0.056759298	-0.0343985	-0.049988225	2035-05-07	tropics	9	-0.041719332	-0.019975845	-0.063858196	-0.027120063	-0.056759298	-0.0343985	-0.049988225	GARW	2036-04-01
2035-05-08	tropics	9	0.850966	0.9257218	0.78017205	0.9004202	0.80196136	0.8755046	0.823703	2035-05-08	tropics	9	0.850966	0.9257218	0.78017205	0.9004202	0.80196136	0.8755046	0.823703	2035-05-08	tropics	9	-0.04167434	-0.020007543	-0.06390769	-0.027103534	-0.05683164	-0.034447122	-0.050071687	2035-05-08	tropics	9	-0.04167434	-0.020007543	-0.06390769	-0.027103534	-0.05683164	-0.034447122	-0.050071687	GARW	2036-04-01
2035-05-09	tropics	9	0.8508223	0.9262536	0.78024197	0.90005213	0.8020129	0.8757958	0.82393	2035-05-09	tropics	9	0.8508223	0.9262536	0.78024197	0.90005213	0.8020129	0.8757958	0.82393	2035-05-09	tropics	9	-0.041671835	-0.020026527	-0.06387996	-0.02712358	-0.05686123	-0.034406573	-0.050051734	2035-05-09	tropics	9	-0.041671835	-0.020026527	-0.06387996	-0.02712358	-0.05686123	-0.034406573	-0.050051734	GARW	2036-04-01
2035-05-10	tropics	9	0.8508892	0.9270982	0.7800805	0.9002453	0.8020679	0.8756856	0.8240975	2035-05-10	tropics	9	0.8508892	0.9270982	0.7800805	0.9002453	0.8020679	0.8756856	0.8240975	2035-05-10	tropics	9	-0.04171527	-0.019933702	-0.06385553	-0.027234111	-0.05684624	-0.0343649	-0.04997988	2035-05-10	tropics	9	-0.04171527	-0.019933702	-0.06385553	-0.027234111	-0.05684624	-0.0343649	-0.04997988	GARW	2036-04-01
2035-05-11	tropics	9	0.8509519	0.9275096	0.7797686	0.9007482	0.8021269	0.8757229	0.82414126	2035-05-11	tropics	9	0.8509519	0.9275096	0.7797686	0.9007482	0.8021269	0.8757229	0.82414126	2035-05-11	tropics	9	-0.041720152	-0.019714084	-0.06386054	-0.027261475	-0.056829285	-0.034345336	-0.04991129	2035-05-11	tropics	9	-0.041720152	-0.019714084	-0.06386054	-0.027261475	-0.056829285	-0.034345336	-0.04991129	GARW	2036-04-01
2035-05-12	tropics	9	0.8509277	0.928036	0.7797162	0.90084124	0.80219066	0.8758004	0.8241953	2035-05-12	tropics	9	0.8509277	0.928036	0.7797162	0.90084124	0.80219066	0.8758004	0.8241953	2035-05-12	tropics	9	-0.041703373	-0.019506749	-0.06399574	-0.027098192	-0.056811143	-0.03432732	-0.049895164	2035-05-12	tropics	9	-0.041703373	-0.019506749	-0.06399574	-0.027098192	-0.056811143	-0.03432732	-0.049895164	GARW	2036-04-01
2035-05-13	tropics	9	0.85092056	0.92886853	0.7796571	0.9009301	0.802273	0.8756887	0.82428753	2035-05-13	tropics	9	0.85092056	0.92886853	0.7796571	0.9009301	0.802273	0.8756887	0.82428753	2035-05-13	tropics	9	-0.04169138	-0.019425372	-0.06401273	-0.027055204	-0.05679164	-0.03431107	-0.049881287	2035-05-13	tropics	9	-0.04169138	-0.019425372	-0.06401273	-0.027055204	-0.05679164	-0.03431107	-0.049881287	GARW	2036-04-01
2035-05-14	tropics	9	0.851052	0.9298282	0.7795945	0.9010145	0.8023182	0.87526906	0.82432294	2035-05-14	tropics	9	0.851052	0.9298282	0.7795945	0.9010145	0.8023182	0.87526906	0.82432294	2035-05-14	tropics	9	-0.041715	-0.019226696	-0.06403136	-0.027029132	-0.05676757	-0.034317713	-0.049855243	2035-05-14	tropics	9	-0.041715	-0.019226696	-0.06403136	-0.027029132	-0.05676757	-0.034317713	-0.049855243	GARW	2036-04-01
2035-05-15	tropics	9	0.8508964	0.92978173	0.7796943	0.9010881	0.8021219	0.8751929	0.82432497	2035-05-15	tropics	9	0.8508964	0.92978173	0.7796943	0.9010881	0.8021219	0.8751929	0.82432497	2035-05-15	tropics	9	-0.04167667	-0.018960567	-0.06405187	-0.02700448	-0.05674938	-0.03442633	-0.049833536	2035-05-15	tropics	9	-0.04167667	-0.018960567	-0.06405187	-0.02700448	-0.05674938	-0.03442633	-0.049833536	GARW	2036-04-01
2035-05-16	tropics	9	0.85092455	0.9297291	0.77977437	0.90109354	0.8020171	0.87520134	0.8244267	2035-05-16	tropics	9	0.85092455	0.9297291	0.77977437	0.90109354	0.8020171	0.87520134	0.8244267	2035-05-16	tropics	9	-0.041689932	-0.018877702	-0.06403847	-0.026981104	-0.0567908	-0.034482196	-0.049832545	2035-05-16	tropics	9	-0.041689932	-0.018877702	-0.06403847	-0.026981104	-0.0567908	-0.034482196	-0.049832545	GARW	2036-04-01
2035-05-17	tropics	9	0.85098016	0.9296705	0.7798992	0.90109783	0.8019823	0.87516403	0.82465315	2035-05-17	tropics	9	0.85098016	0.9296705	0.7798992	0.90109783	0.8019823	0.87516403	0.82465315	2035-05-17	tropics	9	-0.04170721	-0.018891837	-0.06401113	-0.026974078	-0.056830008	-0.034479536	-0.04982443	2035-05-17	tropics	9	-0.04170721	-0.018891837	-0.06401113	-0.026974078	-0.056830008	-0.034479536	-0.04982443	GARW	2036-04-01
2035-05-18	tropics	9	0.8509275	0.92943513	0.78005695	0.901101	0.80195165	0.8752624	0.8246051	2035-05-18	tropics	9	0.8509275	0.92943513	0.78005695	0.901101	0.80195165	0.8752624	0.8246051	2035-05-18	tropics	9	-0.041689944	-0.018907422	-0.06398036	-0.026972812	-0.05684591	-0.034483366	-0.04974478	2035-05-18	tropics	9	-0.041689944	-0.018907422	-0.06398036	-0.026972812	-0.05684591	-0.034483366	-0.04974478	GARW	2036-04-01
2035-05-19	tropics	9	0.850862	0.9294495	0.7802144	0.9015648	0.8020668	0.8752202	0.8246193	2035-05-19	tropics	9	0.850862	0.9294495	0.7802144	0.9015648	0.8020668	0.8752202	0.8246193	2035-05-19	tropics	9	-0.04169081	-0.01894092	-0.063928954	-0.026971733	-0.056856073	-0.034500416	-0.049748756	2035-05-19	tropics	9	-0.04169081	-0.01894092	-0.063928954	-0.026971733	-0.056856073	-0.034500416	-0.049748756	GARW	2036-04-01
2035-05-20	tropics	9	0.850926	0.929462	0.780112	0.9023797	0.8019307	0.8752242	0.82472456	2035-05-20	tropics	9	0.850926	0.929462	0.780112	0.9023797	0.8019307	0.8752242	0.82472456	2035-05-20	tropics	9	-0.041711755	-0.019011095	-0.063877635	-0.026924562	-0.05681942	-0.034463257	-0.049741086	2035-05-20	tropics	9	-0.041711755	-0.019011095	-0.063877635	-0.026924562	-0.05681942	-0.034463257	-0.049741086	GARW	2036-04-01
2035-05-21	tropics	9	0.8508833	0.92939764	0.7799028	0.90237725	0.8021234	0.8752272	0.82491887	2035-05-21	tropics	9	0.8508833	0.92939764	0.7799028	0.90237725	0.8021234	0.8752272	0.82491887	2035-05-21	tropics	9	-0.0417042	-0.018963983	-0.06386551	-0.02669075	-0.056861542	-0.034472242	-0.049730223	2035-05-21	tropics	9	-0.0417042	-0.018963983	-0.06386551	-0.02669075	-0.056861542	-0.034472242	-0.049730223	GARW	2036-04-01
2035-05-22	tropics	9	0.850745	0.92932886	0.77970535	0.9022356	0.8023446	0.8752291	0.8248745	2035-05-22	tropics	9	0.850745	0.92932886	0.77970535	0.9022356	0.8023446	0.8752291	0.8248745	2035-05-22	tropics	9	-0.041698456	-0.018982854	-0.0639335	-0.026591923	-0.056829166	-0.034471467	-0.04966549	2035-05-22	tropics	9	-0.041698456	-0.018982854	-0.0639335	-0.026591923	-0.056829166	-0.034471467	-0.04966549	GARW	2036-04-01
2035-05-23	tropics	9	0.85061216	0.92940956	0.77953273	0.9020964	0.802463	0.87528133	0.8248646	2035-05-23	tropics	9	0.85061216	0.92940956	0.77953273	0.9020964	0.802463	0.87528133	0.8248646	2035-05-23	tropics	9	-0.041740775	-0.019001704	-0.0640022	-0.026632527	-0.056760166	-0.034470636	-0.049651917	2035-05-23	tropics	9	-0.041740775	-0.019001704	-0.0640022	-0.026632527	-0.056760166	-0.034470636	-0.049651917	GARW	2036-04-01
2035-05-24	tropics	9	0.8504844	0.92948157	0.7794238	0.90195966	0.8024507	0.8754202	0.8248744	2035-05-24	tropics	9	0.8504844	0.92948157	0.7794238	0.90195966	0.8024507	0.8754202	0.8248744	2035-05-24	tropics	9	-0.041781396	-0.018993678	-0.0640591	-0.026672497	-0.056696083	-0.034467064	-0.049673975	2035-05-24	tropics	9	-0.041781396	-0.018993678	-0.0640591	-0.026672497	-0.056696083	-0.034467064	-0.049673975	GARW	2036-04-01
2035-05-25	tropics	9	0.85032296	0.92954326	0.7794488	0.9018252	0.80238396	0.87556684	0.8248893	2035-05-25	tropics	9	0.85032296	0.92954326	0.7794488	0.9018252	0.80238396	0.87556684	0.8248893	2035-05-25	tropics	9	-0.041820288	-0.018972652	-0.06411764	-0.026711883	-0.05669613	-0.034430563	-0.049656373	2035-05-25	tropics	9	-0.041820288	-0.018972652	-0.06411764	-0.026711883	-0.05669613	-0.034430563	-0.049656373	GARW	2036-04-01
2035-05-26	tropics	9	0.85005975	0.92959476	0.77947515	0.9016931	0.8023615	0.8757073	0.82477117	2035-05-26	tropics	9	0.85005975	0.92959476	0.77947515	0.9016931	0.8023615	0.8757073	0.82477117	2035-05-26	tropics	9	-0.041862607	-0.018954478	-0.064111106	-0.02675058	-0.05671289	-0.03438746	-0.049661323	2035-05-26	tropics	9	-0.041862607	-0.018954478	-0.064111106	-0.02675058	-0.05671289	-0.03438746	-0.049661323	GARW	2036-04-01
2035-05-27	tropics	9	0.8499353	0.92963624	0.77950287	0.9015634	0.8023374	0.8758292	0.8247099	2035-05-27	tropics	9	0.8499353	0.92963624	0.77950287	0.9015634	0.8023374	0.8758292	0.8247099	2035-05-27	tropics	9	-0.04192221	-0.018939056	-0.06410279	-0.02678842	-0.05672559	-0.034344427	-0.049667217	2035-05-27	tropics	9	-0.04192221	-0.018939056	-0.06410279	-0.02678842	-0.05672559	-0.034344427	-0.049667217	GARW	2036-04-01
2035-05-28	tropics	9	0.8498963	0.9296677	0.779532	0.90158176	0.80231094	0.8758585	0.82458943	2035-05-28	tropics	9	0.8498963	0.9296677	0.779532	0.90158176	0.80231094	0.8758585	0.82458943	2035-05-28	tropics	9	-0.041989595	-0.018926583	-0.06409398	-0.02682601	-0.05673303	-0.03430727	-0.04971367	2035-05-28	tropics	9	-0.041989595	-0.018926583	-0.06409398	-0.02682601	-0.05673303	-0.03430727	-0.04971367	GARW	2036-04-01
2035-05-29	tropics	9	0.84983057	0.9296893	0.7795629	0.901794	0.8022597	0.87593293	0.82458323	2035-05-29	tropics	9	0.84983057	0.9296893	0.7795629	0.901794	0.8022597	0.87593293	0.82458323	2035-05-29	tropics	9	-0.042004615	-0.01891683	-0.0640845	-0.026848935	-0.05674123	-0.034285396	-0.049715642	2035-05-29	tropics	9	-0.042004615	-0.01891683	-0.0640845	-0.026848935	-0.05674123	-0.034285396	-0.049715642	GARW	2036-04-01
2035-05-30	tropics	9	0.8497416	0.92970115	0.7795956	0.9020063	0.8022244	0.8760451	0.8246881	2035-05-30	tropics	9	0.8497416	0.92970115	0.7795956	0.9020063	0.8022244	0.8760451	0.8246881	2035-05-30	tropics	9	-0.042022973	-0.018909803	-0.064074755	-0.026780998	-0.056750923	-0.034276307	-0.049762636	2035-05-30	tropics	9	-0.042022973	-0.018909803	-0.064074755	-0.026780998	-0.056750923	-0.034276307	-0.049762636	GARW	2036-04-01
2035-05-31	tropics	9	0.84965473	0.9297033	0.7796303	0.90219826	0.80216855	0.87615824	0.8246591	2035-05-31	tropics	9	0.84965473	0.9297033	0.7796303	0.90219826	0.80216855	0.87615824	0.8246591	2035-05-31	tropics	9	-0.042048305	-0.01890552	-0.06406434	-0.02675055	-0.056765437	-0.034243494	-0.049734488	2035-05-31	tropics	9	-0.042048305	-0.01890552	-0.06406434	-0.02675055	-0.056765437	-0.034243494	-0.049734488	GARW	2036-04-01
2035-06-01	tropics	9	0.8495699	0.9296958	0.7796672	0.90218	0.80211145	0.8762589	0.8246	2035-06-01	tropics	9	0.8495699	0.9296958	0.7796672	0.90218	0.80211145	0.8762589	0.8246	2035-06-01	tropics	9	-0.042074665	-0.018904073	-0.064053275	-0.026655901	-0.056783188	-0.034210388	-0.04972259	2035-06-01	tropics	9	-0.042074665	-0.018904073	-0.064053275	-0.026655901	-0.056783188	-0.034210388	-0.04972259	GARW	2036-04-01
2035-06-02	tropics	9	0.8494871	0.929551	0.77970636	0.90216285	0.8020533	0.87622255	0.824623	2035-06-02	tropics	9	0.8494871	0.929551	0.77970636	0.90216285	0.8020533	0.87622255	0.824623	2035-06-02	tropics	9	-0.04210049	-0.018905012	-0.064041615	-0.02666128	-0.05680101	-0.034177	-0.04974167	2035-06-02	tropics	9	-0.04210049	-0.018905012	-0.064041615	-0.02666128	-0.05680101	-0.034177	-0.04974167	GARW	2036-04-01
2035-06-03	tropics	9	0.84912926	0.9293958	0.77974796	0.90220374	0.8019325	0.8761548	0.8247142	2035-06-03	tropics	9	0.84912926	0.9293958	0.77974796	0.90220374	0.8019325	0.8761548	0.8247142	2035-06-03	tropics	9	-0.04212573	-0.018931067	-0.06402913	-0.026666362	-0.05681954	-0.03417255	-0.04975377	2035-06-03	tropics	9	-0.04212573	-0.018931067	-0.06402913	-0.026666362	-0.05681954	-0.03417255	-0.04975377	GARW	2036-04-01
2035-06-04	tropics	9	0.84902954	0.9292305	0.77979225	0.90223455	0.8017817	0.87607116	0.8247584	2035-06-04	tropics	9	0.84902954	0.9292305	0.77979225	0.90223455	0.8017817	0.87607116	0.8247584	2035-06-04	tropics	9	-0.042206906	-0.018973313	-0.06401576	-0.026658947	-0.05684691	-0.03418964	-0.049707443	2035-06-04	tropics	9	-0.042206906	-0.018973313	-0.06401576	-0.026658947	-0.05684691	-0.03418964	-0.049707443	GARW	2036-04-01
2035-06-05	tropics	9	0.84906656	0.92905545	0.7798392	0.90223813	0.80164236	0.87598485	0.82450217	2035-06-05	tropics	9	0.84906656	0.92905545	0.7798392	0.90223813	0.80164236	0.87598485	0.82450217	2035-06-05	tropics	9	-0.04227703	-0.019018246	-0.06400185	-0.026649322	-0.056894798	-0.03421381	-0.04970397	2035-06-05	tropics	9	-0.04227703	-0.019018246	-0.06400185	-0.026649322	-0.056894798	-0.03421381	-0.04970397	GARW	2036-04-01
2035-06-06	tropics	9	0.84888464	0.92887086	0.7798891	0.90220463	0.801701	0.87613803	0.8244491	2035-06-06	tropics	9	0.84888464	0.92887086	0.7798891	0.90220463	0.801701	0.87613803	0.8244491	2035-06-06	tropics	9	-0.04226558	-0.019065961	-0.06398693	-0.026642323	-0.056942992	-0.034238845	-0.04976797	2035-06-06	tropics	9	-0.04226558	-0.019065961	-0.06398693	-0.026642323	-0.056942992	-0.034238845	-0.04976797	GARW	2036-04-01
2035-06-07	tropics	9	0.84868145	0.92867714	0.7799421	0.9018062	0.80174786	0.8763779	0.82443404	2035-06-07	tropics	9	0.84868145	0.92867714	0.7799421	0.9018062	0.80174786	0.8763779	0.82443404	2035-06-07	tropics	9	-0.04229238	-0.019116528	-0.063970946	-0.026651343	-0.056943167	-0.034234278	-0.04978788	2035-06-07	tropics	9	-0.04229238	-0.019116528	-0.063970946	-0.026651343	-0.056943167	-0.034234278	-0.04978788	GARW	2036-04-01
2035-06-08	tropics	9	0.8485111	0.92851907	0.77993876	0.9020771	0.8016193	0.8765578	0.8244441	2035-06-08	tropics	9	0.8485111	0.92851907	0.77993876	0.9020771	0.8016193	0.8765578	0.8244441	2035-06-08	tropics	9	-0.042358756	-0.019169413	-0.06395412	-0.026730191	-0.056930214	-0.03415335	-0.04979992	2035-06-08	tropics	9	-0.042358756	-0.019169413	-0.06395412	-0.026730191	-0.056930214	-0.03415335	-0.04979992	GARW	2036-04-01
2035-06-09	tropics	9	0.8483602	0.9284566	0.77989566	0.90226275	0.80135167	0.87658054	0.8244529	2035-06-09	tropics	9	0.8483602	0.9284566	0.77989566	0.90226275	0.80135167	0.87658054	0.8244529	2035-06-09	tropics	9	-0.042410366	-0.019224975	-0.06394269	-0.026733393	-0.05693264	-0.034099113	-0.049796864	2035-06-09	tropics	9	-0.042410366	-0.019224975	-0.06394269	-0.026733393	-0.05693264	-0.034099113	-0.049796864	GARW	2036-04-01
2035-06-10	tropics	9	0.84826195	0.92839193	0.7798434	0.9022794	0.8012412	0.8765493	0.8244604	2035-06-10	tropics	9	0.84826195	0.92839193	0.7798434	0.9022794	0.8012412	0.8765493	0.8244604	2035-06-10	tropics	9	-0.042461626	-0.019245394	-0.063956976	-0.02664369	-0.05701848	-0.034070827	-0.049793884	2035-06-10	tropics	9	-0.042461626	-0.019245394	-0.063956976	-0.02664369	-0.05701848	-0.034070827	-0.049793884	GARW	2036-04-01
2035-06-11	tropics	9	0.84825814	0.92832494	0.7797376	0.9022943	0.8012392	0.87664443	0.8245043	2035-06-11	tropics	9	0.84825814	0.92832494	0.7797376	0.9022943	0.8012392	0.87664443	0.8245043	2035-06-11	tropics	9	-0.042496637	-0.01926318	-0.06397073	-0.026633065	-0.057084866	-0.0340899	-0.049791485	2035-06-11	tropics	9	-0.042496637	-0.01926318	-0.06397073	-0.026633065	-0.057084866	-0.0340899	-0.049791485	GARW	2036-04-01
2035-06-12	tropics	9	0.8482515	0.9282557	0.779623	0.90247834	0.8012394	0.87679535	0.8245678	2035-06-12	tropics	9	0.8482515	0.9282557	0.779623	0.90247834	0.8012394	0.87679535	0.8245678	2035-06-12	tropics	9	-0.042504996	-0.019281559	-0.06400149	-0.026635857	-0.05708593	-0.034065515	-0.049784467	2035-06-12	tropics	9	-0.042504996	-0.019281559	-0.06400149	-0.026635857	-0.05708593	-0.034065515	-0.049784467	GARW	2036-04-01
2035-06-13	tropics	9	0.8482424	0.92818433	0.77939177	0.9023403	0.80124176	0.8769018	0.82463074	2035-06-13	tropics	9	0.8482424	0.92818433	0.77939177	0.9023403	0.80124176	0.8769018	0.82463074	2035-06-13	tropics	9	-0.042506665	-0.019300567	-0.06403704	-0.026567115	-0.057086073	-0.034033842	-0.049764678	2035-06-13	tropics	9	-0.042506665	-0.019300567	-0.06403704	-0.026567115	-0.057086073	-0.034033842	-0.049764678	GARW	2036-04-01
2035-06-14	tropics	9	0.84823066	0.92811084	0.7791517	0.9022139	0.80115914	0.87698287	0.82464397	2035-06-14	tropics	9	0.84823066	0.92811084	0.7791517	0.9022139	0.80115914	0.87698287	0.82464397	2035-06-14	tropics	9	-0.04250911	-0.019320283	-0.064096734	-0.026597971	-0.057085514	-0.03398855	-0.049745217	2035-06-14	tropics	9	-0.04250911	-0.019320283	-0.064096734	-0.026597971	-0.057085514	-0.03398855	-0.049745217	GARW	2036-04-01
2035-06-15	tropics	9	0.8482165	0.92803925	0.7789107	0.90219045	0.80101764	0.87698483	0.8247005	2035-06-15	tropics	9	0.8482165	0.92803925	0.7789107	0.90219045	0.80101764	0.87698483	0.8247005	2035-06-15	tropics	9	-0.042512357	-0.019340487	-0.0641747	-0.026650174	-0.057087492	-0.033965	-0.04973145	2035-06-15	tropics	9	-0.042512357	-0.019340487	-0.0641747	-0.026650174	-0.057087492	-0.033965	-0.04973145	GARW	2036-04-01
2035-06-16	tropics	9	0.8482254	0.92797184	0.77866924	0.9021097	0.8009647	0.8768585	0.82469654	2035-06-16	tropics	9	0.8482254	0.92797184	0.77866924	0.9021097	0.8009647	0.8768585	0.82469654	2035-06-16	tropics	9	-0.04251647	-0.019361222	-0.06425367	-0.026657194	-0.057148397	-0.03395146	-0.049727708	2035-06-16	tropics	9	-0.04251647	-0.019361222	-0.06425367	-0.026657194	-0.057148397	-0.03395146	-0.049727708	GARW	2036-04-01
2035-06-17	tropics	9	0.84841144	0.92790204	0.7784278	0.9020204	0.80091184	0.87687457	0.8246049	2035-06-17	tropics	9	0.84841144	0.92790204	0.7784278	0.9020204	0.80091184	0.87687457	0.8246049	2035-06-17	tropics	9	-0.04252124	-0.019379796	-0.06433228	-0.026673496	-0.057166647	-0.03398086	-0.049710542	2035-06-17	tropics	9	-0.04252124	-0.019379796	-0.06433228	-0.026673496	-0.057166647	-0.03398086	-0.049710542	GARW	2036-04-01
2035-06-18	tropics	9	0.8485291	0.92782974	0.7781868	0.9019292	0.80085915	0.8768891	0.8245096	2035-06-18	tropics	9	0.8485291	0.92782974	0.7781868	0.9019292	0.80085915	0.8768891	0.8245096	2035-06-18	tropics	9	-0.042477712	-0.019398952	-0.06441138	-0.0266989	-0.057183612	-0.03398928	-0.049734503	2035-06-18	tropics	9	-0.042477712	-0.019398952	-0.06441138	-0.0266989	-0.057183612	-0.03398928	-0.049734503	GARW	2036-04-01
2035-06-19	tropics	9	0.8484956	0.927755	0.77794677	0.90183634	0.80080694	0.8769021	0.8244105	2035-06-19	tropics	9	0.8484956	0.927755	0.77794677	0.90183634	0.80080694	0.8769021	0.8244105	2035-06-19	tropics	9	-0.04243803	-0.0194189	-0.0644903	-0.026724787	-0.05720035	-0.03398475	-0.04976368	2035-06-19	tropics	9	-0.04243803	-0.0194189	-0.0644903	-0.026724787	-0.05720035	-0.03398475	-0.04976368	GARW	2036-04-01
2035-06-20	tropics	9	0.848437	0.92767787	0.7777442	0.9017416	0.8007553	0.8769132	0.8243103	2035-06-20	tropics	9	0.848437	0.92767787	0.7777442	0.9017416	0.8007553	0.8769132	0.8243103	2035-06-20	tropics	9	-0.04242742	-0.019439338	-0.06456888	-0.026751084	-0.057217143	-0.033980727	-0.049794078	2035-06-20	tropics	9	-0.04242742	-0.019439338	-0.06456888	-0.026751084	-0.057217143	-0.033980727	-0.049794078	GARW	2036-04-01
2035-06-21	tropics	9	0.84821546	0.9275982	0.7776617	0.9016453	0.8007044	0.87692237	0.82431364	2035-06-21	tropics	9	0.84821546	0.9275982	0.7776617	0.9016453	0.8007044	0.87692237	0.82431364	2035-06-21	tropics	9	-0.042445093	-0.019460756	-0.06464727	-0.026777927	-0.0572335	-0.0339773	-0.0498254	2035-06-21	tropics	9	-0.042445093	-0.019460756	-0.06464727	-0.026777927	-0.0572335	-0.0339773	-0.0498254	GARW	2036-04-01
2035-06-22	tropics	9	0.8479831	0.92751616	0.77757823	0.90154725	0.80068856	0.8769293	0.82429516	2035-06-22	tropics	9	0.8479831	0.92751616	0.77757823	0.90154725	0.80068856	0.8769293	0.82429516	2035-06-22	tropics	9	-0.042492747	-0.019482592	-0.06468121	-0.026805272	-0.057249926	-0.03397444	-0.04984039	2035-06-22	tropics	9	-0.042492747	-0.019482592	-0.06468121	-0.026805272	-0.057249926	-0.03397444	-0.04984039	GARW	2036-04-01
2035-06-23	tropics	9	0.84775704	0.9274316	0.7774939	0.90152514	0.8006758	0.8769339	0.8243672	2035-06-23	tropics	9	0.84775704	0.9274316	0.7774939	0.90152514	0.8006758	0.8769339	0.8243672	2035-06-23	tropics	9	-0.042563796	-0.01950537	-0.06470841	-0.026833229	-0.05725969	-0.033972085	-0.04984927	2035-06-23	tropics	9	-0.042563796	-0.01950537	-0.06470841	-0.026833229	-0.05725969	-0.033972085	-0.04984927	GARW	2036-04-01
2035-06-24	tropics	9	0.84768295	0.9273446	0.77740884	0.9017904	0.800595	0.87693244	0.82429945	2035-06-24	tropics	9	0.84768295	0.9273446	0.77740884	0.9017904	0.800595	0.87693244	0.82429945	2035-06-24	tropics	9	-0.04263282	-0.019528557	-0.06473585	-0.02684943	-0.057263732	-0.033970475	-0.0498302	2035-06-24	tropics	9	-0.04263282	-0.019528557	-0.06473585	-0.02684943	-0.057263732	-0.033970475	-0.0498302	GARW	2036-04-01
2035-06-25	tropics	9	0.8474211	0.9272552	0.7773197	0.9020325	0.80043733	0.8768722	0.8241188	2035-06-25	tropics	9	0.8474211	0.9272552	0.7773197	0.9020325	0.80043733	0.8768722	0.8241188	2035-06-25	tropics	9	-0.042677164	-0.019552564	-0.06476365	-0.026801642	-0.05727179	-0.03396952	-0.04981914	2035-06-25	tropics	9	-0.042677164	-0.019552564	-0.06476365	-0.026801642	-0.05727179	-0.03396952	-0.04981914	GARW	2036-04-01
2035-06-26	tropics	9	0.8472836	0.9271633	0.7771322	0.90205646	0.8002793	0.87680715	0.8238188	2035-06-26	tropics	9	0.8472836	0.9271633	0.7771322	0.90205646	0.8002793	0.87680715	0.8238188	2035-06-26	tropics	9	-0.04273054	-0.01957728	-0.064791575	-0.026726695	-0.057321884	-0.03398134	-0.049852997	2035-06-26	tropics	9	-0.04273054	-0.01957728	-0.064791575	-0.026726695	-0.057321884	-0.03398134	-0.049852997	GARW	2036-04-01
2035-06-27	tropics	9	0.8472243	0.92706895	0.77675027	0.90208244	0.80012125	0.87687325	0.8240764	2035-06-27	tropics	9	0.8472243	0.92706895	0.77675027	0.90208244	0.80012125	0.87687325	0.8240764	2035-06-27	tropics	9	-0.04279387	-0.019602675	-0.06482317	-0.026701195	-0.057372235	-0.034000203	-0.049970478	2035-06-27	tropics	9	-0.04279387	-0.019602675	-0.06482317	-0.026701195	-0.057372235	-0.034000203	-0.049970478	GARW	2036-04-01
2035-06-28	tropics	9	0.8470533	0.9270089	0.77635515	0.9021102	0.8000461	0.8767192	0.82383657	2035-06-28	tropics	9	0.8470533	0.9270089	0.77635515	0.9021102	0.8000461	0.8767192	0.82383657	2035-06-28	tropics	9	-0.04281199	-0.019628633	-0.064940184	-0.026693996	-0.057422675	-0.034003407	-0.049940974	2035-06-28	tropics	9	-0.04281199	-0.019628633	-0.064940184	-0.026693996	-0.057422675	-0.034003407	-0.049940974	GARW	2036-04-01
2035-06-29	tropics	9	0.8470065	0.92706084	0.7759527	0.9021398	0.8000779	0.87660575	0.8238863	2035-06-29	tropics	9	0.8470065	0.92706084	0.7759527	0.9021398	0.8000779	0.87660575	0.8238863	2035-06-29	tropics	9	-0.04284227	-0.01965549	-0.06506854	-0.02668624	-0.05746914	-0.03401351	-0.049964845	2035-06-29	tropics	9	-0.04284227	-0.01965549	-0.06506854	-0.02668624	-0.05746914	-0.03401351	-0.049964845	GARW	2036-04-01
2035-06-30	tropics	9	0.8469226	0.9270881	0.7755434	0.902171	0.800019	0.87653697	0.82364684	2035-06-30	tropics	9	0.8469226	0.9270881	0.7755434	0.902171	0.800019	0.87653697	0.82364684	2035-06-30	tropics	9	-0.04287696	-0.019643433	-0.06519959	-0.026678002	-0.05745864	-0.034059048	-0.049975038	2035-06-30	tropics	9	-0.04287696	-0.019643433	-0.06519959	-0.026678002	-0.05745864	-0.034059048	-0.049975038	GARW	2036-04-01
2035-07-01	tropics	9	0.84684026	0.9271087	0.7752879	0.9021912	0.7998591	0.87646776	0.82336205	2035-07-01	tropics	9	0.84684026	0.9271087	0.7752879	0.9021912	0.7998591	0.87646776	0.82336205	2035-07-01	tropics	9	-0.042900562	-0.019635215	-0.06533313	-0.026669124	-0.057452034	-0.034079045	-0.050010324	2035-07-01	tropics	9	-0.042900562	-0.019635215	-0.06533313	-0.026669124	-0.057452034	-0.034079045	-0.050010324	GARW	2036-04-01
2035-07-02	tropics	9	0.84675944	0.92712337	0.77515537	0.9021811	0.799737	0.87648726	0.8231081	2035-07-02	tropics	9	0.84675944	0.92712337	0.77515537	0.9021811	0.799737	0.87648726	0.8231081	2035-07-02	tropics	9	-0.042925537	-0.019628704	-0.06545225	-0.026659833	-0.057506047	-0.03409946	-0.050099015	2035-07-02	tropics	9	-0.042925537	-0.019628704	-0.06545225	-0.026659833	-0.057506047	-0.03409946	-0.050099015	GARW	2036-04-01
2035-07-03	tropics	9	0.84671634	0.92713237	0.77501947	0.9021727	0.79980683	0.876545	0.82307345	2035-07-03	tropics	9	0.84671634	0.92713237	0.77501947	0.9021727	0.79980683	0.876545	0.82307345	2035-07-03	tropics	9	-0.042950273	-0.019624086	-0.06549531	-0.026662013	-0.05755619	-0.034107625	-0.050186813	2035-07-03	tropics	9	-0.042950273	-0.019624086	-0.06549531	-0.026662013	-0.05755619	-0.034107625	-0.050186813	GARW	2036-04-01
2035-07-04	tropics	9	0.84663653	0.9271364	0.77488047	0.90216607	0.79960597	0.8765997	0.8231089	2035-07-04	tropics	9	0.84663653	0.9271364	0.77488047	0.90216607	0.79960597	0.8765997	0.8231089	2035-07-04	tropics	9	-0.04297453	-0.019621074	-0.06553958	-0.026664576	-0.05755056	-0.03409058	-0.050224304	2035-07-04	tropics	9	-0.04297453	-0.019621074	-0.06553958	-0.026664576	-0.05755056	-0.03409058	-0.050224304	GARW	2036-04-01
2035-07-05	tropics	9	0.8465254	0.9264708	0.77473855	0.90225977	0.79929876	0.876571	0.8231441	2035-07-05	tropics	9	0.8465254	0.9264708	0.77473855	0.90225977	0.79929876	0.876571	0.8231441	2035-07-05	tropics	9	-0.042987227	-0.019619536	-0.06558475	-0.02666654	-0.057569228	-0.03407368	-0.05021432	2035-07-05	tropics	9	-0.042987227	-0.019619536	-0.06558475	-0.02666654	-0.057569228	-0.03407368	-0.05021432	GARW	2036-04-01
2035-07-06	tropics	9	0.84644973	0.92646796	0.7745939	0.90239954	0.7989935	0.87646455	0.8231263	2035-07-06	tropics	9	0.84644973	0.92646796	0.7745939	0.90239954	0.7989935	0.87646455	0.8231263	2035-07-06	tropics	9	-0.04302144	-0.01971835	-0.06563105	-0.02665519	-0.057667147	-0.034066826	-0.050203323	2035-07-06	tropics	9	-0.04302144	-0.01971835	-0.06563105	-0.02665519	-0.057667147	-0.034066826	-0.050203323	GARW	2036-04-01
2035-07-07	tropics	9	0.84637517	0.9265159	0.7743849	0.9024021	0.7987406	0.8764719	0.8229913	2035-07-07	tropics	9	0.84637517	0.9265159	0.7743849	0.9024021	0.7987406	0.8764719	0.8229913	2035-07-07	tropics	9	-0.043044508	-0.01980867	-0.06567802	-0.026614824	-0.057764877	-0.034095943	-0.050192416	2035-07-07	tropics	9	-0.043044508	-0.01980867	-0.06567802	-0.026614824	-0.057764877	-0.034095943	-0.050192416	GARW	2036-04-01
2035-07-08	tropics	9	0.8462746	0.92649853	0.7740664	0.90223515	0.79855233	0.8765137	0.8229669	2035-07-08	tropics	9	0.8462746	0.92649853	0.7740664	0.90223515	0.79855233	0.8765137	0.8229669	2035-07-08	tropics	9	-0.043067157	-0.019793244	-0.06572614	-0.026582623	-0.057857584	-0.034106225	-0.050233006	2035-07-08	tropics	9	-0.043067157	-0.019793244	-0.06572614	-0.026582623	-0.057857584	-0.034106225	-0.050233006	GARW	2036-04-01
2035-07-09	tropics	9	0.8461737	0.9264769	0.7737368	0.90220964	0.7985066	0.8765047	0.822628	2035-07-09	tropics	9	0.8461737	0.9264769	0.7737368	0.90220964	0.7985066	0.8765047	0.822628	2035-07-09	tropics	9	-0.043094635	-0.019795276	-0.06582961	-0.026628377	-0.05792149	-0.034094512	-0.050251007	2035-07-09	tropics	9	-0.043094635	-0.019795276	-0.06582961	-0.026628377	-0.05792149	-0.034094512	-0.050251007	GARW	2036-04-01
2035-07-10	tropics	9	0.846182	0.926451	0.7736473	0.9022173	0.7985049	0.87643564	0.8224672	2035-07-10	tropics	9	0.846182	0.926451	0.7736473	0.9022173	0.7985049	0.87643564	0.8224672	2035-07-10	tropics	9	-0.04312527	-0.019800832	-0.06593502	-0.026655456	-0.057955254	-0.03409481	-0.05030629	2035-07-10	tropics	9	-0.04312527	-0.019800832	-0.06593502	-0.026655456	-0.057955254	-0.03409481	-0.05030629	GARW	2036-04-01
2035-07-11	tropics	9	0.8462764	0.9264446	0.77375555	0.9021924	0.7986414	0.87636346	0.8226577	2035-07-11	tropics	9	0.8462764	0.9264446	0.77375555	0.9021924	0.7986414	0.87636346	0.8226577	2035-07-11	tropics	9	-0.04313636	-0.01980773	-0.06602367	-0.026653506	-0.057960033	-0.03410852	-0.050420165	2035-07-11	tropics	9	-0.04313636	-0.01980773	-0.06602367	-0.026653506	-0.057960033	-0.03410852	-0.050420165	GARW	2036-04-01
2035-07-12	tropics	9	0.84636116	0.9265883	0.77367634	0.902063	0.798974	0.8762918	0.8226588	2035-07-12	tropics	9	0.84636116	0.9265883	0.77367634	0.902063	0.798974	0.8762918	0.8226588	2035-07-12	tropics	9	-0.04312247	-0.019815568	-0.06598548	-0.026651109	-0.057948757	-0.034130037	-0.050371766	2035-07-12	tropics	9	-0.04312247	-0.019815568	-0.06598548	-0.026651109	-0.057948757	-0.034130037	-0.050371766	GARW	2036-04-01
2035-07-13	tropics	9	0.8464062	0.9265324	0.77351665	0.9019379	0.7986848	0.8761421	0.8223642	2035-07-13	tropics	9	0.8464062	0.9265324	0.77351665	0.9019379	0.7986848	0.8761421	0.8223642	2035-07-13	tropics	9	-0.04308468	-0.019789154	-0.06597779	-0.026683321	-0.057848144	-0.0341509	-0.050313473	2035-07-13	tropics	9	-0.04308468	-0.019789154	-0.06597779	-0.026683321	-0.057848144	-0.0341509	-0.050313473	GARW	2036-04-01
2035-07-14	tropics	9	0.8464489	0.9266936	0.7733554	0.9018309	0.7985678	0.8761039	0.8223276	2035-07-14	tropics	9	0.8464489	0.9266936	0.7733554	0.9018309	0.7985678	0.8761039	0.8223276	2035-07-14	tropics	9	-0.043070793	-0.019787246	-0.066030115	-0.026719745	-0.057860255	-0.034187376	-0.050422907	2035-07-14	tropics	9	-0.043070793	-0.019787246	-0.066030115	-0.026719745	-0.057860255	-0.034187376	-0.050422907	GARW	2036-04-01
2035-07-15	tropics	9	0.84644747	0.9266115	0.7731929	0.9018585	0.7985747	0.8760512	0.8222446	2035-07-15	tropics	9	0.84644747	0.9266115	0.7731929	0.9018585	0.7985747	0.8760512	0.8222446	2035-07-15	tropics	9	-0.04305756	-0.019788025	-0.066082984	-0.026757069	-0.057935596	-0.034211636	-0.05045396	2035-07-15	tropics	9	-0.04305756	-0.019788025	-0.066082984	-0.026757069	-0.057935596	-0.034211636	-0.05045396	GARW	2036-04-01
2035-07-16	tropics	9	0.84639037	0.92653966	0.7730292	0.9017216	0.7986221	0.8759656	0.8220797	2035-07-16	tropics	9	0.84639037	0.92653966	0.7730292	0.9017216	0.7986221	0.8759656	0.8220797	2035-07-16	tropics	9	-0.04304701	-0.019724293	-0.06613615	-0.026758064	-0.057940435	-0.03420958	-0.050450444	2035-07-16	tropics	9	-0.04304701	-0.019724293	-0.06613615	-0.026758064	-0.057940435	-0.03420958	-0.050450444	GARW	2036-04-01
2035-07-17	tropics	9	0.84633136	0.92654514	0.77286446	0.90153486	0.79867214	0.8759599	0.82200956	2035-07-17	tropics	9	0.84633136	0.92654514	0.77286446	0.90153486	0.79867214	0.8759599	0.82200956	2035-07-17	tropics	9	-0.043064117	-0.019786784	-0.066190116	-0.02675538	-0.05792613	-0.03424871	-0.050524533	2035-07-17	tropics	9	-0.043064117	-0.019786784	-0.066190116	-0.02675538	-0.05792613	-0.03424871	-0.050524533	GARW	2036-04-01
2035-07-18	tropics	9	0.84627056	0.92654973	0.7726988	0.9015328	0.7986644	0.8759844	0.8217553	2035-07-18	tropics	9	0.84627056	0.92654973	0.7726988	0.9015328	0.7986644	0.8759844	0.8217553	2035-07-18	tropics	9	-0.04308182	-0.019785123	-0.06624402	-0.026846392	-0.05791042	-0.034258544	-0.0505386	2035-07-18	tropics	9	-0.04308182	-0.019785123	-0.06624402	-0.026846392	-0.05791042	-0.034258544	-0.0505386	GARW	2036-04-01
2035-07-19	tropics	9	0.8462079	0.9265536	0.77253246	0.9012698	0.79825234	0.876019	0.82156026	2035-07-19	tropics	9	0.8462079	0.9265536	0.77253246	0.9012698	0.79825234	0.876019	0.82156026	2035-07-19	tropics	9	-0.04309982	-0.019783774	-0.06629846	-0.026852751	-0.057911135	-0.034251243	-0.050600767	2035-07-19	tropics	9	-0.04309982	-0.019783774	-0.06629846	-0.026852751	-0.057911135	-0.034251243	-0.050600767	GARW	2036-04-01
2035-07-20	tropics	9	0.8459619	0.9265566	0.77236557	0.9015267	0.79832363	0.87603223	0.8213882	2035-07-20	tropics	9	0.8459619	0.9265566	0.77236557	0.9015267	0.79832363	0.87603223	0.8213882	2035-07-20	tropics	9	-0.043118715	-0.019782685	-0.066352874	-0.026906146	-0.05804286	-0.03424439	-0.05067134	2035-07-20	tropics	9	-0.043118715	-0.019782685	-0.066352874	-0.026906146	-0.05804286	-0.03424439	-0.05067134	GARW	2036-04-01
2035-07-21	tropics	9	0.8457644	0.9265586	0.77219826	0.9012762	0.79844755	0.8759203	0.821214	2035-07-21	tropics	9	0.8457644	0.9265586	0.77219826	0.9012762	0.79844755	0.8759203	0.821214	2035-07-21	tropics	9	-0.043166876	-0.019781826	-0.06640794	-0.02689743	-0.058028888	-0.03422731	-0.050724626	2035-07-21	tropics	9	-0.043166876	-0.019781826	-0.06640794	-0.02689743	-0.058028888	-0.03422731	-0.050724626	GARW	2036-04-01
2035-07-22	tropics	9	0.84573334	0.92655987	0.7720308	0.9009976	0.7985762	0.8759318	0.8210448	2035-07-22	tropics	9	0.84573334	0.92655987	0.7720308	0.9009976	0.7985762	0.8759318	0.8210448	2035-07-22	tropics	9	-0.043239832	-0.019781046	-0.06646308	-0.02687663	-0.057991482	-0.034256548	-0.050778627	2035-07-22	tropics	9	-0.043239832	-0.019781046	-0.06646308	-0.02687663	-0.057991482	-0.034256548	-0.050778627	GARW	2036-04-01
2035-07-23	tropics	9	0.84573495	0.9265602	0.77186316	0.90112877	0.7987091	0.87593913	0.8209797	2035-07-23	tropics	9	0.84573495	0.9265602	0.77186316	0.90112877	0.7987091	0.87593913	0.8209797	2035-07-23	tropics	9	-0.043269992	-0.019780703	-0.066518046	-0.02699884	-0.057950877	-0.034264922	-0.050833166	2035-07-23	tropics	9	-0.043269992	-0.019780703	-0.066518046	-0.02699884	-0.057950877	-0.034264922	-0.050833166	GARW	2036-04-01
2035-07-24	tropics	9	0.8457619	0.92655975	0.7716956	0.9012608	0.7988461	0.8759422	0.82091534	2035-07-24	tropics	9	0.8457619	0.92655975	0.7716956	0.9012608	0.7988461	0.8759422	0.82091534	2035-07-24	tropics	9	-0.043269396	-0.019780433	-0.066573195	-0.026977519	-0.057908796	-0.03426221	-0.050864697	2035-07-24	tropics	9	-0.043269396	-0.019780433	-0.066573195	-0.026977519	-0.057908796	-0.03426221	-0.050864697	GARW	2036-04-01
2035-07-25	tropics	9	0.84567124	0.92655826	0.7715283	0.9013935	0.79898196	0.8759408	0.8206917	2035-07-25	tropics	9	0.84567124	0.92655826	0.7715283	0.9013935	0.79898196	0.8759408	0.8206917	2035-07-25	tropics	9	-0.043263197	-0.019780397	-0.06662868	-0.02693999	-0.057865717	-0.03426099	-0.050884843	2035-07-25	tropics	9	-0.043263197	-0.019780397	-0.06662868	-0.02693999	-0.057865717	-0.03426099	-0.050884843	GARW	2036-04-01
2035-07-26	tropics	9	0.8457291	0.9265559	0.7713614	0.9014867	0.7990365	0.87591803	0.8204104	2035-07-26	tropics	9	0.8457291	0.9265559	0.7713614	0.9014867	0.7990365	0.87591803	0.8204104	2035-07-26	tropics	9	-0.043294787	-0.019780857	-0.06668349	-0.026902093	-0.057820916	-0.03426075	-0.050922632	2035-07-26	tropics	9	-0.043294787	-0.019780857	-0.06668349	-0.026902093	-0.057820916	-0.03426075	-0.050922632	GARW	2036-04-01
2035-07-27	tropics	9	0.8457791	0.9265526	0.77119505	0.9012806	0.799093	0.87588304	0.82025486	2035-07-27	tropics	9	0.8457791	0.9265526	0.77119505	0.9012806	0.799093	0.87588304	0.82025486	2035-07-27	tropics	9	-0.04327643	-0.019781338	-0.06673874	-0.026864637	-0.05779464	-0.034264237	-0.051018	2035-07-27	tropics	9	-0.04327643	-0.019781338	-0.06673874	-0.026864637	-0.05779464	-0.034264237	-0.051018	GARW	2036-04-01
2035-07-28	tropics	9	0.84582114	0.9265483	0.7710294	0.90105844	0.79915136	0.87592214	0.82023776	2035-07-28	tropics	9	0.84582114	0.9265483	0.7710294	0.90105844	0.79915136	0.87592214	0.82023776	2035-07-28	tropics	9	-0.043260217	-0.01978222	-0.06679347	-0.026897086	-0.05777657	-0.034273982	-0.051092684	2035-07-28	tropics	9	-0.043260217	-0.01978222	-0.06679347	-0.026897086	-0.05777657	-0.034273982	-0.051092684	GARW	2036-04-01
2035-07-29	tropics	9	0.8458433	0.9265431	0.77086455	0.9008468	0.79921156	0.87598616	0.820217	2035-07-29	tropics	9	0.8458433	0.9265431	0.77086455	0.9008468	0.79921156	0.87598616	0.820217	2035-07-29	tropics	9	-0.043246627	-0.019783303	-0.066848636	-0.026961828	-0.057758547	-0.0342851	-0.051100373	2035-07-29	tropics	9	-0.043246627	-0.019783303	-0.066848636	-0.026961828	-0.057758547	-0.0342851	-0.051100373	GARW	2036-04-01
2035-07-30	tropics	9	0.84562516	0.926537	0.7707008	0.9006461	0.7992735	0.8760332	0.82019234	2035-07-30	tropics	9	0.84562516	0.926537	0.7707008	0.9006461	0.7992735	0.8760332	0.82019234	2035-07-30	tropics	9	-0.04323566	-0.019784637	-0.06690267	-0.027023602	-0.057739068	-0.0342474	-0.05110681	2035-07-30	tropics	9	-0.04323566	-0.019784637	-0.06690267	-0.027023602	-0.057739068	-0.0342474	-0.05110681	GARW	2036-04-01
2035-07-31	tropics	9	0.84530264	0.92652977	0.7705382	0.90045106	0.7993371	0.87586826	0.8201702	2035-07-31	tropics	9	0.84530264	0.92652977	0.7705382	0.90045106	0.7993371	0.87586826	0.8201702	2035-07-31	tropics	9	-0.04327202	-0.019786319	-0.066956885	-0.027082255	-0.05771985	-0.034267694	-0.051113963	2035-07-31	tropics	9	-0.04327202	-0.019786319	-0.066956885	-0.027082255	-0.05771985	-0.034267694	-0.051113963	GARW	2036-04-01
2035-08-01	tropics	9	0.8451725	0.9265216	0.770377	0.9002195	0.7994022	0.87570715	0.8201535	2035-08-01	tropics	9	0.8451725	0.9265216	0.770377	0.9002195	0.7994022	0.87570715	0.8201535	2035-08-01	tropics	9	-0.043351293	-0.019788204	-0.067010716	-0.02713759	-0.05769992	-0.034264624	-0.05112219	2035-08-01	tropics	9	-0.043351293	-0.019788204	-0.067010716	-0.02713759	-0.05769992	-0.034264624	-0.05112219	GARW	2036-04-01
2035-08-02	tropics	9	0.8451363	0.9265124	0.77021724	0.9001968	0.79946876	0.8756331	0.82014966	2035-08-02	tropics	9	0.8451363	0.9265124	0.77021724	0.9001968	0.79946876	0.8756331	0.82014966	2035-08-02	tropics	9	-0.043435693	-0.019790366	-0.06706426	-0.027209818	-0.057678867	-0.034314185	-0.05112672	2035-08-02	tropics	9	-0.043435693	-0.019790366	-0.06706426	-0.027209818	-0.057678867	-0.034314185	-0.05112672	GARW	2036-04-01
2035-08-03	tropics	9	0.8450998	0.9265023	0.7700591	0.90018076	0.79953676	0.87555575	0.82045305	2035-08-03	tropics	9	0.8450998	0.9265023	0.7700591	0.90018076	0.79953676	0.87555575	0.82045305	2035-08-03	tropics	9	-0.04344678	-0.019792674	-0.06711715	-0.027245212	-0.057658125	-0.034343302	-0.051133037	2035-08-03	tropics	9	-0.04344678	-0.019792674	-0.06711715	-0.027245212	-0.057658125	-0.034343302	-0.051133037	GARW	2036-04-01
2035-08-04	tropics	9	0.84498185	0.9264911	0.76990277	0.9001409	0.79957867	0.8754739	0.8207814	2035-08-04	tropics	9	0.84498185	0.9264911	0.76990277	0.9001409	0.79957867	0.8754739	0.8207814	2035-08-04	tropics	9	-0.043457627	-0.019795531	-0.067169406	-0.027232839	-0.05763645	-0.034365356	-0.051076174	2035-08-04	tropics	9	-0.043457627	-0.019795531	-0.067169406	-0.027232839	-0.05763645	-0.034365356	-0.051076174	GARW	2036-04-01
2035-08-05	tropics	9	0.8448529	0.92647904	0.7697482	0.9000363	0.79956925	0.87539554	0.8208804	2035-08-05	tropics	9	0.8448529	0.92647904	0.7697482	0.9000363	0.79956925	0.87539554	0.8208804	2035-08-05	tropics	9	-0.0434829	-0.019798614	-0.06722114	-0.027240193	-0.057614613	-0.034389228	-0.05097592	2035-08-05	tropics	9	-0.0434829	-0.019798614	-0.06722114	-0.027240193	-0.057614613	-0.034389228	-0.05097592	GARW	2036-04-01
2035-08-06	tropics	9	0.8448757	0.9264661	0.7695954	0.89993834	0.79956025	0.8753576	0.8207364	2035-08-06	tropics	9	0.8448757	0.9264661	0.7695954	0.89993834	0.79956025	0.8753576	0.8207364	2035-08-06	tropics	9	-0.04352188	-0.019801775	-0.06727247	-0.027266253	-0.057616424	-0.034413755	-0.05090207	2035-08-06	tropics	9	-0.04352188	-0.019801775	-0.06727247	-0.027266253	-0.057616424	-0.034413755	-0.05090207	GARW	2036-04-01
2035-08-07	tropics	9	0.84487134	0.9264525	0.76944435	0.8998467	0.79955155	0.8753196	0.82058764	2035-08-07	tropics	9	0.84487134	0.9264525	0.76944435	0.8998467	0.79955155	0.8753196	0.82058764	2035-08-07	tropics	9	-0.04354	-0.019805448	-0.067323394	-0.027294982	-0.05761957	-0.034428477	-0.050930142	2035-08-07	tropics	9	-0.04354	-0.019805448	-0.067323394	-0.027294982	-0.05761957	-0.034428477	-0.050930142	GARW	2036-04-01
2035-08-08	tropics	9	0.84478176	0.9264383	0.7694885	0.89976114	0.7994817	0.8752799	0.8204343	2035-08-08	tropics	9	0.84478176	0.9264383	0.7694885	0.89976114	0.7994817	0.8752799	0.8204343	2035-08-08	tropics	9	-0.04352081	-0.019809024	-0.06737342	-0.02732183	-0.05762248	-0.034439623	-0.050976157	2035-08-08	tropics	9	-0.04352081	-0.019809024	-0.06737342	-0.02732183	-0.05762248	-0.034439623	-0.050976157	GARW	2036-04-01
2035-08-09	tropics	9	0.84468836	0.9264556	0.7695752	0.8996813	0.79925185	0.8752389	0.8202764	2035-08-09	tropics	9	0.84468836	0.9264556	0.7695752	0.8996813	0.79925185	0.8752389	0.8202764	2035-08-09	tropics	9	-0.043547392	-0.019813014	-0.06738899	-0.027347043	-0.057624865	-0.034451246	-0.051023364	2035-08-09	tropics	9	-0.043547392	-0.019813014	-0.06738899	-0.027347043	-0.057624865	-0.034451246	-0.051023364	GARW	2036-04-01
2035-08-10	tropics	9	0.84459156	0.9265068	0.76966894	0.899607	0.79901516	0.8751603	0.82011425	2035-08-10	tropics	9	0.84459156	0.9265068	0.76966894	0.899607	0.79901516	0.8751603	0.82011425	2035-08-10	tropics	9	-0.043575525	-0.01981493	-0.06736112	-0.027370386	-0.057689883	-0.034463108	-0.051072	2035-08-10	tropics	9	-0.043575525	-0.01981493	-0.06736112	-0.027370386	-0.057689883	-0.034463108	-0.051072	GARW	2036-04-01
2035-08-11	tropics	9	0.8447458	0.92655534	0.7696361	0.89965934	0.79870045	0.875019	0.819948	2035-08-11	tropics	9	0.8447458	0.92655534	0.7696361	0.89965934	0.79870045	0.875019	0.819948	2035-08-11	tropics	9	-0.043604493	-0.0198002	-0.067330584	-0.027392225	-0.057764553	-0.034475386	-0.05112195	2035-08-11	tropics	9	-0.043604493	-0.0198002	-0.067330584	-0.027392225	-0.057764553	-0.034475386	-0.05112195	GARW	2036-04-01
2035-08-12	tropics	9	0.8447768	0.92660147	0.76917255	0.8997632	0.7984728	0.8748813	0.81981134	2035-08-12	tropics	9	0.8447768	0.92660147	0.76917255	0.8997632	0.7984728	0.8748813	0.81981134	2035-08-12	tropics	9	-0.04359436	-0.01978644	-0.0672986	-0.027395636	-0.057841636	-0.034520566	-0.05117333	2035-08-12	tropics	9	-0.04359436	-0.01978644	-0.0672986	-0.027395636	-0.057841636	-0.034520566	-0.05117333	GARW	2036-04-01
2035-08-13	tropics	9	0.8447436	0.92664844	0.76866883	0.89987457	0.7981675	0.8749899	0.8197202	2035-08-13	tropics	9	0.8447436	0.92664844	0.76866883	0.89987457	0.7981675	0.8749899	0.8197202	2035-08-13	tropics	9	-0.043556213	-0.01977348	-0.06741911	-0.027367026	-0.05793021	-0.03454119	-0.051225424	2035-08-13	tropics	9	-0.043556213	-0.01977348	-0.06741911	-0.027367026	-0.05793021	-0.03454119	-0.051225424	GARW	2036-04-01
2035-08-14	tropics	9	0.8447856	0.9266998	0.76825774	0.89999276	0.7978773	0.8751707	0.8196263	2035-08-14	tropics	9	0.8447856	0.9266998	0.76825774	0.89999276	0.7978773	0.8751707	0.8196263	2035-08-14	tropics	9	-0.043566346	-0.01976085	-0.06758547	-0.027335647	-0.05802696	-0.03456098	-0.05125332	2035-08-14	tropics	9	-0.043566346	-0.01976085	-0.06758547	-0.027335647	-0.05802696	-0.03456098	-0.05125332	GARW	2036-04-01
2035-08-15	tropics	9	0.84487855	0.9267495	0.76815206	0.900117	0.7976097	0.8752811	0.81952953	2035-08-15	tropics	9	0.84487855	0.9267495	0.76815206	0.900117	0.7976097	0.8752811	0.81952953	2035-08-15	tropics	9	-0.043567777	-0.019746663	-0.06775124	-0.027302375	-0.05812495	-0.034507215	-0.051282287	2035-08-15	tropics	9	-0.043567777	-0.019746663	-0.06775124	-0.027302375	-0.05812495	-0.034507215	-0.051282287	GARW	2036-04-01
2035-08-16	tropics	9	0.84484184	0.9267976	0.7677199	0.9002466	0.7975043	0.8753909	0.8194592	2035-08-16	tropics	9	0.84484184	0.9267976	0.7677199	0.9002466	0.7975043	0.8753909	0.8194592	2035-08-16	tropics	9	-0.043539762	-0.019732475	-0.06778623	-0.027267195	-0.058209706	-0.0344674	-0.05131209	2035-08-16	tropics	9	-0.043539762	-0.019732475	-0.06778623	-0.027267195	-0.058209706	-0.0344674	-0.05131209	GARW	2036-04-01
2035-08-17	tropics	9	0.8447466	0.92684454	0.7672978	0.90038097	0.79756564	0.87545604	0.8190756	2035-08-17	tropics	9	0.8447466	0.92684454	0.7672978	0.90038097	0.79756564	0.87545604	0.8190756	2035-08-17	tropics	9	-0.043533444	-0.019719198	-0.0679096	-0.027230587	-0.058283947	-0.034435093	-0.0513376	2035-08-17	tropics	9	-0.043533444	-0.019719198	-0.0679096	-0.027230587	-0.058283947	-0.034435093	-0.0513376	GARW	2036-04-01
2035-08-18	tropics	9	0.8446319	0.92689043	0.7669558	0.90037274	0.7976804	0.87548596	0.818774	2035-08-18	tropics	9	0.8446319	0.92689043	0.7669558	0.90037274	0.7976804	0.87548596	0.818774	2035-08-18	tropics	9	-0.043556094	-0.019705875	-0.06805068	-0.027192522	-0.058265973	-0.03440708	-0.05141902	2035-08-18	tropics	9	-0.043556094	-0.019705875	-0.06805068	-0.027192522	-0.058265973	-0.03440708	-0.05141902	GARW	2036-04-01
2035-08-19	tropics	9	0.84456855	0.9269356	0.7666386	0.90007347	0.7978498	0.87546366	0.8187512	2035-08-19	tropics	9	0.84456855	0.9269356	0.7666386	0.90007347	0.7978498	0.87546366	0.8187512	2035-08-19	tropics	9	-0.04359114	-0.019693006	-0.06817585	-0.027158404	-0.058240652	-0.03439808	-0.051543355	2035-08-19	tropics	9	-0.04359114	-0.019693006	-0.06817585	-0.027158404	-0.058240652	-0.03439808	-0.051543355	GARW	2036-04-01
2035-08-20	tropics	9	0.8445445	0.92698014	0.76633126	0.90000665	0.7980202	0.87539434	0.81878686	2035-08-20	tropics	9	0.8445445	0.92698014	0.76633126	0.90000665	0.7980202	0.87539434	0.81878686	2035-08-20	tropics	9	-0.043620467	-0.019680578	-0.0682816	-0.027233794	-0.058187343	-0.034393847	-0.05156672	2035-08-20	tropics	9	-0.043620467	-0.019680578	-0.0682816	-0.027233794	-0.058187343	-0.034393847	-0.05156672	GARW	2036-04-01
2035-08-21	tropics	9	0.8445222	0.9270458	0.76603365	0.9008898	0.7981913	0.875293	0.8185942	2035-08-21	tropics	9	0.8445222	0.9270458	0.76603365	0.9008898	0.7981913	0.875293	0.8185942	2035-08-21	tropics	9	-0.04362774	-0.01966779	-0.06838516	-0.027319437	-0.058132935	-0.034413338	-0.051561832	2035-08-21	tropics	9	-0.04362774	-0.01966779	-0.06838516	-0.027319437	-0.058132935	-0.034413338	-0.051561832	GARW	2036-04-01
2035-08-22	tropics	9	0.84449494	0.92712754	0.7657455	0.90081054	0.7982973	0.8753005	0.81835246	2035-08-22	tropics	9	0.84449494	0.92712754	0.7657455	0.90081054	0.7982973	0.8753005	0.81835246	2035-08-22	tropics	9	-0.04363501	-0.019653758	-0.06848457	-0.027083732	-0.05807791	-0.034440696	-0.051582098	2035-08-22	tropics	9	-0.04363501	-0.019653758	-0.06848457	-0.027083732	-0.05807791	-0.034440696	-0.051582098	GARW	2036-04-01
2035-08-23	tropics	9	0.8444396	0.9272096	0.76546365	0.9003487	0.79844195	0.8751222	0.8181915	2035-08-23	tropics	9	0.8444396	0.9272096	0.76546365	0.9003487	0.79844195	0.8751222	0.8181915	2035-08-23	tropics	9	-0.04364133	-0.019630868	-0.06858104	-0.027038146	-0.05803051	-0.03444475	-0.051666737	2035-08-23	tropics	9	-0.04364133	-0.019630868	-0.06858104	-0.027038146	-0.05803051	-0.03444475	-0.051666737	GARW	2036-04-01
2035-08-24	tropics	9	0.8443853	0.927292	0.76517415	0.8998968	0.7985114	0.8749119	0.8180437	2035-08-24	tropics	9	0.8443853	0.927292	0.76517415	0.8998968	0.7985114	0.8749119	0.8180437	2035-08-24	tropics	9	-0.04365599	-0.019608105	-0.06867503	-0.027139511	-0.05799551	-0.034478962	-0.051724374	2035-08-24	tropics	9	-0.04365599	-0.019608105	-0.06867503	-0.027139511	-0.05799551	-0.034478962	-0.051724374	GARW	2036-04-01
2035-08-25	tropics	9	0.8443319	0.92737484	0.76489455	0.8997751	0.79850644	0.8748279	0.81793284	2035-08-25	tropics	9	0.8443319	0.92737484	0.76489455	0.8997751	0.79850644	0.8748279	0.81793284	2035-08-25	tropics	9	-0.04367268	-0.019585116	-0.068770416	-0.027269859	-0.057954837	-0.034540534	-0.051770568	2035-08-25	tropics	9	-0.04367268	-0.019585116	-0.068770416	-0.027269859	-0.057954837	-0.034540534	-0.051770568	GARW	2036-04-01
2035-08-26	tropics	9	0.8442795	0.92745817	0.76462454	0.89972913	0.79850155	0.8747989	0.8178275	2035-08-26	tropics	9	0.8442795	0.92745817	0.76462454	0.89972913	0.79850155	0.8747989	0.8178275	2035-08-26	tropics	9	-0.043689013	-0.019562125	-0.06886472	-0.027347546	-0.057955932	-0.03459084	-0.051810265	2035-08-26	tropics	9	-0.043689013	-0.019562125	-0.06886472	-0.027347546	-0.057955932	-0.03459084	-0.051810265	GARW	2036-04-01
2035-08-27	tropics	9	0.8441795	0.92754215	0.7645531	0.8998352	0.79849684	0.8748708	0.8176496	2035-08-27	tropics	9	0.8441795	0.92754215	0.7645531	0.8998352	0.79849684	0.8748708	0.8176496	2035-08-27	tropics	9	-0.043704867	-0.019538952	-0.068955526	-0.027371217	-0.05795784	-0.034603596	-0.05184245	2035-08-27	tropics	9	-0.043704867	-0.019538952	-0.068955526	-0.027371217	-0.05795784	-0.034603596	-0.05184245	GARW	2036-04-01
2035-08-28	tropics	9	0.84414077	0.9276267	0.76451784	0.8998878	0.7984923	0.87479776	0.8175534	2035-08-28	tropics	9	0.84414077	0.9276267	0.76451784	0.8998878	0.7984923	0.87479776	0.8175534	2035-08-28	tropics	9	-0.04372084	-0.019515611	-0.06900676	-0.02735269	-0.057959367	-0.034579754	-0.051894903	2035-08-28	tropics	9	-0.04372084	-0.019515611	-0.06900676	-0.02735269	-0.057959367	-0.034579754	-0.051894903	GARW	2036-04-01
2035-08-29	tropics	9	0.84412885	0.92771214	0.7644789	0.8999543	0.7985418	0.87473065	0.8175054	2035-08-29	tropics	9	0.84412885	0.92771214	0.7644789	0.8999543	0.7985418	0.87473065	0.8175054	2035-08-29	tropics	9	-0.04375708	-0.019492269	-0.0690182	-0.027321195	-0.0579607	-0.034590423	-0.051933646	2035-08-29	tropics	9	-0.04375708	-0.019492269	-0.0690182	-0.027321195	-0.0579607	-0.034590423	-0.051933646	GARW	2036-04-01
2035-08-30	tropics	9	0.844081	0.9277983	0.76443607	0.9000005	0.7985798	0.87463546	0.81752324	2035-08-30	tropics	9	0.844081	0.9277983	0.76443607	0.9000005	0.7985798	0.87463546	0.81752324	2035-08-30	tropics	9	-0.04375112	-0.019468496	-0.06903018	-0.027306082	-0.0579556	-0.034610808	-0.051953197	2035-08-30	tropics	9	-0.04375112	-0.019468496	-0.06903018	-0.027306082	-0.0579556	-0.034610808	-0.051953197	GARW	2036-04-01
2035-08-31	tropics	9	0.8440725	0.92788535	0.7643894	0.90005934	0.798654	0.8745275	0.8175147	2035-08-31	tropics	9	0.8440725	0.92788535	0.7643894	0.90005934	0.798654	0.8745275	0.8175147	2035-08-31	tropics	9	-0.043765783	-0.019444652	-0.06904439	-0.027294088	-0.05792904	-0.034633577	-0.051948547	2035-08-31	tropics	9	-0.043765783	-0.019444652	-0.06904439	-0.027294088	-0.05792904	-0.034633577	-0.051948547	GARW	2036-04-01
2035-09-01	tropics	9	0.84410894	0.9279735	0.7643385	0.9001148	0.79879254	0.8744275	0.81754893	2035-09-01	tropics	9	0.84410894	0.9279735	0.7643385	0.9001148	0.79879254	0.8744275	0.81754893	2035-09-01	tropics	9	-0.043777585	-0.019420458	-0.0690591	-0.027275587	-0.057930898	-0.03466642	-0.051952243	2035-09-01	tropics	9	-0.043777585	-0.019420458	-0.0690591	-0.027275587	-0.057930898	-0.03466642	-0.051952243	GARW	2036-04-01
2035-09-02	tropics	9	0.8441442	0.92806256	0.76428336	0.90016955	0.7988774	0.87480795	0.81759566	2035-09-02	tropics	9	0.8441442	0.92806256	0.76428336	0.90016955	0.7988774	0.87480795	0.81759566	2035-09-02	tropics	9	-0.04376638	-0.019396126	-0.06907556	-0.027259493	-0.057875443	-0.03469658	-0.05194807	2035-09-02	tropics	9	-0.04376638	-0.019396126	-0.06907556	-0.027259493	-0.057875443	-0.03469658	-0.05194807	GARW	2036-04-01
2035-09-03	tropics	9	0.8441782	0.92815286	0.76422375	0.9001215	0.7989627	0.87471896	0.81760824	2035-09-03	tropics	9	0.8441782	0.92815286	0.76422375	0.9001215	0.7989627	0.87471896	0.81760824	2035-09-03	tropics	9	-0.04375577	-0.019371476	-0.06909285	-0.027243782	-0.057848834	-0.03464341	-0.05193293	2035-09-03	tropics	9	-0.04375577	-0.019371476	-0.06909285	-0.027243782	-0.057848834	-0.03464341	-0.05193293	GARW	2036-04-01
2035-09-04	tropics	9	0.84407735	0.92824435	0.7641596	0.9001803	0.7990482	0.8745562	0.81739134	2035-09-04	tropics	9	0.84407735	0.92824435	0.7641596	0.9001803	0.7990482	0.8745562	0.81739134	2035-09-04	tropics	9	-0.04374504	-0.019346224	-0.069112785	-0.027258825	-0.057821322	-0.03460598	-0.051918507	2035-09-04	tropics	9	-0.04374504	-0.019346224	-0.069112785	-0.027258825	-0.057821322	-0.03460598	-0.051918507	GARW	2036-04-01
2035-09-05	tropics	9	0.8439193	0.9282192	0.7640907	0.9001494	0.79898846	0.8743923	0.81729865	2035-09-05	tropics	9	0.8439193	0.9282192	0.7640907	0.9001494	0.79898846	0.8743923	0.81729865	2035-09-05	tropics	9	-0.043750763	-0.019321255	-0.06913283	-0.027240897	-0.057794284	-0.034650445	-0.051977873	2035-09-05	tropics	9	-0.043750763	-0.019321255	-0.06913283	-0.027240897	-0.057794284	-0.034650445	-0.051977873	GARW	2036-04-01
2035-09-06	tropics	9	0.8438525	0.9281283	0.764017	0.90011084	0.79883325	0.8743309	0.8172735	2035-09-06	tropics	9	0.8438525	0.9281283	0.764017	0.90011084	0.79883325	0.8743309	0.8172735	2035-09-06	tropics	9	-0.043812513	-0.019308817	-0.06915553	-0.027239634	-0.057784747	-0.03469926	-0.05201137	2035-09-06	tropics	9	-0.043812513	-0.019308817	-0.06915553	-0.027239634	-0.057784747	-0.03469926	-0.05201137	GARW	2036-04-01
2035-09-07	tropics	9	0.84378743	0.9280326	0.7639381	0.90007246	0.7986859	0.87420475	0.8173315	2035-09-07	tropics	9	0.84378743	0.9280326	0.7639381	0.90007246	0.7986859	0.87420475	0.8173315	2035-09-07	tropics	9	-0.043833733	-0.019333666	-0.06917932	-0.02725084	-0.057835292	-0.034732044	-0.05203533	2035-09-07	tropics	9	-0.043833733	-0.019333666	-0.06917932	-0.02725084	-0.057835292	-0.034732044	-0.05203533	GARW	2036-04-01
2035-09-08	tropics	9	0.84363884	0.9279318	0.7638541	0.9000341	0.79856145	0.87407655	0.8174147	2035-09-08	tropics	9	0.84363884	0.9279318	0.7638541	0.9000341	0.79856145	0.87407655	0.8174147	2035-09-08	tropics	9	-0.043852806	-0.01935977	-0.06920461	-0.027261902	-0.057883214	-0.034758568	-0.052017212	2035-09-08	tropics	9	-0.043852806	-0.01935977	-0.06920461	-0.027261902	-0.057883214	-0.034758568	-0.052017212	GARW	2036-04-01
2035-09-09	tropics	9	0.8435513	0.9278258	0.76376474	0.899996	0.798757	0.87396336	0.81759036	2035-09-09	tropics	9	0.8435513	0.9278258	0.76376474	0.899996	0.798757	0.87396336	0.81759036	2035-09-09	tropics	9	-0.043889046	-0.019387236	-0.06923187	-0.02727287	-0.05792723	-0.03479761	-0.051998973	2035-09-09	tropics	9	-0.043889046	-0.019387236	-0.06923187	-0.02727287	-0.05792723	-0.03479761	-0.051998973	GARW	2036-04-01
2035-09-10	tropics	9	0.84354794	0.9277145	0.7636699	0.899958	0.7989695	0.87389874	0.8177403	2035-09-10	tropics	9	0.84354794	0.9277145	0.7636699	0.899958	0.7989695	0.87389874	0.8177403	2035-09-10	tropics	9	-0.043929815	-0.019416144	-0.06926112	-0.027283648	-0.057904623	-0.034833193	-0.051948786	2035-09-10	tropics	9	-0.043929815	-0.019416144	-0.06926112	-0.027283648	-0.057904623	-0.034833193	-0.051948786	GARW	2036-04-01
2035-09-11	tropics	9	0.843537	0.9276496	0.76356936	0.9005796	0.7992517	0.87388766	0.81769335	2035-09-11	tropics	9	0.843537	0.9276496	0.76356936	0.9005796	0.7992517	0.87388766	0.81769335	2035-09-11	tropics	9	-0.043931007	-0.01944653	-0.06929197	-0.027294759	-0.057822417	-0.034861326	-0.051895022	2035-09-11	tropics	9	-0.043931007	-0.01944653	-0.06929197	-0.027294759	-0.057822417	-0.034861326	-0.051895022	GARW	2036-04-01
2035-09-12	tropics	9	0.8435224	0.9276171	0.7634631	0.90061826	0.7993528	0.87387633	0.81764895	2035-09-12	tropics	9	0.8435224	0.9276171	0.7634631	0.90061826	0.7993528	0.87387633	0.81764895	2035-09-12	tropics	9	-0.04393363	-0.019472765	-0.06932423	-0.027158463	-0.057778932	-0.034866095	-0.0518924	2035-09-12	tropics	9	-0.04393363	-0.019472765	-0.06932423	-0.027158463	-0.057778932	-0.034866095	-0.0518924	GARW	2036-04-01
2035-09-13	tropics	9	0.84337693	0.92771435	0.7633509	0.90065473	0.7992772	0.87377447	0.81760716	2035-09-13	tropics	9	0.84337693	0.92771435	0.7633509	0.90065473	0.7992772	0.87377447	0.81760716	2035-09-13	tropics	9	-0.0439384	-0.019480048	-0.06935904	-0.027113413	-0.05768051	-0.03486657	-0.05190587	2035-09-13	tropics	9	-0.0439384	-0.019480048	-0.06935904	-0.027113413	-0.05768051	-0.03486657	-0.05190587	GARW	2036-04-01
2035-09-14	tropics	9	0.8431806	0.92819524	0.76323295	0.9006889	0.79918355	0.87358177	0.8175679	2035-09-14	tropics	9	0.8431806	0.92819524	0.76323295	0.9006889	0.79918355	0.87358177	0.8175679	2035-09-14	tropics	9	-0.043963194	-0.019491773	-0.069395855	-0.027102733	-0.057698917	-0.034883022	-0.051919818	2035-09-14	tropics	9	-0.043963194	-0.019491773	-0.069395855	-0.027102733	-0.057698917	-0.034883022	-0.051919818	GARW	2036-04-01
2035-09-15	tropics	9	0.8431579	0.92877823	0.7631096	0.9007207	0.7990855	0.87353116	0.81753093	2035-09-15	tropics	9	0.8431579	0.92877823	0.7631096	0.9007207	0.7990855	0.87353116	0.81753093	2035-09-15	tropics	9	-0.04402411	-0.019383574	-0.069434166	-0.027092576	-0.057728577	-0.034948766	-0.051932216	2035-09-15	tropics	9	-0.04402411	-0.019383574	-0.069434166	-0.027092576	-0.057728577	-0.034948766	-0.051932216	GARW	2036-04-01
2035-09-16	tropics	9	0.8432777	0.92934126	0.76298136	0.9007501	0.798983	0.87343985	0.8175405	2035-09-16	tropics	9	0.8432777	0.92934126	0.76298136	0.9007501	0.798983	0.87343985	0.8175405	2035-09-16	tropics	9	-0.044065356	-0.019219197	-0.069474526	-0.027083207	-0.057759523	-0.034966707	-0.051944137	2035-09-16	tropics	9	-0.044065356	-0.019219197	-0.069474526	-0.027083207	-0.057759523	-0.034966707	-0.051944137	GARW	2036-04-01
2035-09-17	tropics	9	0.8430246	0.92958087	0.7628484	0.90077704	0.7989063	0.8732916	0.81756145	2035-09-17	tropics	9	0.8430246	0.92958087	0.7628484	0.90077704	0.7989063	0.8732916	0.81756145	2035-09-17	tropics	9	-0.044029236	-0.019060576	-0.06951685	-0.027074791	-0.057791375	-0.034980536	-0.051947474	2035-09-17	tropics	9	-0.044029236	-0.019060576	-0.06951685	-0.027074791	-0.057791375	-0.034980536	-0.051947474	GARW	2036-04-01
2035-09-18	tropics	9	0.84298325	0.92952466	0.7627111	0.90080076	0.79884	0.87314355	0.8175864	2035-09-18	tropics	9	0.84298325	0.92952466	0.7627111	0.90080076	0.79884	0.87314355	0.8175864	2035-09-18	tropics	9	-0.044058084	-0.018933352	-0.06956027	-0.027066708	-0.057824947	-0.035024285	-0.051941514	2035-09-18	tropics	9	-0.044058084	-0.018933352	-0.06956027	-0.027066708	-0.057824947	-0.035024285	-0.051941514	GARW	2036-04-01
2035-09-19	tropics	9	0.8429234	0.9294606	0.7625698	0.9007564	0.7986506	0.8729721	0.81757087	2035-09-19	tropics	9	0.8429234	0.9294606	0.7625698	0.9007564	0.7986506	0.8729721	0.81757087	2035-09-19	tropics	9	-0.044102788	-0.018947937	-0.06960563	-0.027059268	-0.05782199	-0.03506756	-0.05193436	2035-09-19	tropics	9	-0.044102788	-0.018947937	-0.06960563	-0.027059268	-0.05782199	-0.03506756	-0.05193436	GARW	2036-04-01
2035-09-20	tropics	9	0.84301186	0.9293893	0.76242495	0.9006911	0.7985405	0.87293005	0.8174753	2035-09-20	tropics	9	0.84301186	0.9293893	0.76242495	0.9006911	0.7985405	0.87293005	0.8174753	2035-09-20	tropics	9	-0.044115305	-0.01896515	-0.06965256	-0.027063036	-0.05789447	-0.03511119	-0.05192578	2035-09-20	tropics	9	-0.044115305	-0.01896515	-0.06965256	-0.027063036	-0.05789447	-0.03511119	-0.05192578	GARW	2036-04-01
2035-09-21	tropics	9	0.84307444	0.92931134	0.76227677	0.9004293	0.79858774	0.87286067	0.8173791	2035-09-21	tropics	9	0.84307444	0.92931134	0.76227677	0.9004293	0.79858774	0.87286067	0.8173791	2035-09-21	tropics	9	-0.044115067	-0.018984413	-0.069700025	-0.027081776	-0.057933427	-0.035146177	-0.05195391	2035-09-21	tropics	9	-0.044115067	-0.018984413	-0.069700025	-0.027081776	-0.057933427	-0.035146177	-0.05195391	GARW	2036-04-01
2035-09-22	tropics	9	0.84296685	0.92922735	0.7621257	0.9000131	0.7986461	0.872267	0.8172821	2035-09-22	tropics	9	0.84296685	0.92922735	0.7621257	0.9000131	0.7986461	0.872267	0.8172821	2035-09-22	tropics	9	-0.044074416	-0.019005274	-0.0697495	-0.027119257	-0.05793629	-0.03514856	-0.051983953	2035-09-22	tropics	9	-0.044074416	-0.019005274	-0.0697495	-0.027119257	-0.05793629	-0.03514856	-0.051983953	GARW	2036-04-01
2035-09-23	tropics	9	0.8429612	0.92913795	0.76197195	0.8995904	0.7987049	0.8720794	0.81718445	2035-09-23	tropics	9	0.8429612	0.92913795	0.76197195	0.8995904	0.7987049	0.8720794	0.81718445	2035-09-23	tropics	9	-0.044105887	-0.019028196	-0.069799066	-0.027237229	-0.057919122	-0.035298944	-0.052013993	2035-09-23	tropics	9	-0.044105887	-0.019028196	-0.069799066	-0.027237229	-0.057919122	-0.035298944	-0.052013993	GARW	2036-04-01
2035-09-24	tropics	9	0.84295183	0.9290437	0.7618161	0.8994221	0.7987629	0.87192243	0.8170861	2035-09-24	tropics	9	0.84295183	0.9290437	0.7618161	0.8994221	0.7987629	0.87192243	0.8170861	2035-09-24	tropics	9	-0.044109583	-0.019052478	-0.06985014	-0.027358085	-0.05790038	-0.035372734	-0.05204475	2035-09-24	tropics	9	-0.044109583	-0.019052478	-0.06985014	-0.027358085	-0.05790038	-0.035372734	-0.05204475	GARW	2036-04-01
2035-09-25	tropics	9	0.842939	0.92900157	0.76165825	0.89938414	0.7987312	0.8722191	0.81695473	2035-09-25	tropics	9	0.842939	0.92900157	0.76165825	0.89938414	0.7987312	0.8722191	0.81695473	2035-09-25	tropics	9	-0.044112444	-0.019078307	-0.0699018	-0.027448231	-0.057881594	-0.035434425	-0.052075386	2035-09-25	tropics	9	-0.044112444	-0.019078307	-0.0699018	-0.027448231	-0.057881594	-0.035434425	-0.052075386	GARW	2036-04-01
2035-09-26	tropics	9	0.84291196	0.92897713	0.76149887	0.89934725	0.7986724	0.8723612	0.81688726	2035-09-26	tropics	9	0.84291196	0.92897713	0.76149887	0.89934725	0.7986724	0.8723612	0.81688726	2035-09-26	tropics	9	-0.04411578	-0.019097919	-0.06995446	-0.02745896	-0.057878256	-0.035388708	-0.052106142	2035-09-26	tropics	9	-0.04411578	-0.019097919	-0.06995446	-0.02745896	-0.057878256	-0.035388708	-0.052106142	GARW	2036-04-01
2035-09-27	tropics	9	0.8428618	0.9289537	0.76133835	0.8993113	0.798619	0.87233007	0.8167975	2035-09-27	tropics	9	0.8428618	0.9289537	0.76133835	0.8993113	0.798619	0.87233007	0.8167975	2035-09-27	tropics	9	-0.04412031	-0.019105084	-0.07000723	-0.027470144	-0.05789814	-0.035310745	-0.052137017	2035-09-27	tropics	9	-0.04412031	-0.019105084	-0.07000723	-0.027470144	-0.05789814	-0.035310745	-0.052137017	GARW	2036-04-01
2035-09-28	tropics	9	0.84280896	0.9289491	0.761177	0.8992763	0.79857105	0.8721896	0.81671876	2035-09-28	tropics	9	0.84280896	0.9289491	0.761177	0.8992763	0.79857105	0.8721896	0.81671876	2035-09-28	tropics	9	-0.044135094	-0.01911146	-0.07006149	-0.02748006	-0.057915352	-0.035319686	-0.052167773	2035-09-28	tropics	9	-0.044135094	-0.01911146	-0.07006149	-0.02748006	-0.057915352	-0.035319686	-0.052167773	GARW	2036-04-01
2035-09-29	tropics	9	0.8427537	0.9289476	0.76101506	0.8993301	0.7985282	0.8724036	0.81663835	2035-09-29	tropics	9	0.8427537	0.9289476	0.76101506	0.8993301	0.7985282	0.8724036	0.81663835	2035-09-29	tropics	9	-0.044151068	-0.019114945	-0.070114896	-0.027490621	-0.057931375	-0.0353446	-0.05219233	2035-09-29	tropics	9	-0.044151068	-0.019114945	-0.070114896	-0.027490621	-0.057931375	-0.0353446	-0.05219233	GARW	2036-04-01
2035-09-30	tropics	9	0.84269655	0.92901003	0.76085305	0.8995497	0.7984901	0.87278295	0.8164612	2035-09-30	tropics	9	0.84269655	0.92901003	0.76085305	0.8995497	0.7984901	0.87278295	0.8164612	2035-09-30	tropics	9	-0.04416752	-0.019115575	-0.07016885	-0.027500302	-0.0579453	-0.035348654	-0.052217245	2035-09-30	tropics	9	-0.04416752	-0.019115575	-0.07016885	-0.027500302	-0.0579453	-0.035348654	-0.052217245	GARW	2036-04-01
2035-10-01	tropics	9	0.84267336	0.9291083	0.76069117	0.89969206	0.79848856	0.8728234	0.8164719	2035-10-01	tropics	9	0.84267336	0.9291083	0.76069117	0.89969206	0.79848856	0.8728234	0.8164719	2035-10-01	tropics	9	-0.044184685	-0.019108104	-0.0702224	-0.02743855	-0.057958316	-0.03522241	-0.052277207	2035-10-01	tropics	9	-0.044184685	-0.019108104	-0.0702224	-0.02743855	-0.057958316	-0.03522241	-0.052277207	GARW	2036-04-01
2035-10-02	tropics	9	0.8426727	0.92920834	0.7605299	0.89946425	0.7984906	0.8727324	0.8163856	2035-10-02	tropics	9	0.8426727	0.92920834	0.7605299	0.89946425	0.7984906	0.8727324	0.8163856	2035-10-02	tropics	9	-0.04419875	-0.01908112	-0.07027745	-0.027378654	-0.05796237	-0.035182595	-0.052268386	2035-10-02	tropics	9	-0.04419875	-0.01908112	-0.07027745	-0.027378654	-0.05796237	-0.035182595	-0.052268386	GARW	2036-04-01
2035-10-03	tropics	9	0.8426746	0.92931086	0.7603694	0.8992193	0.798492	0.87263954	0.81629694	2035-10-03	tropics	9	0.8426746	0.92931086	0.7603694	0.8992193	0.798492	0.87263954	0.81629694	2035-10-03	tropics	9	-0.04419899	-0.019053534	-0.07033114	-0.027413538	-0.05796218	-0.035194993	-0.052295566	2035-10-03	tropics	9	-0.04419899	-0.019053534	-0.07033114	-0.027413538	-0.05796218	-0.035194993	-0.052295566	GARW	2036-04-01
2035-10-04	tropics	9	0.84268105	0.9294163	0.7604021	0.8991219	0.7984944	0.8726674	0.81620586	2035-10-04	tropics	9	0.84268105	0.9294163	0.7604021	0.8991219	0.7984944	0.8726674	0.81620586	2035-10-04	tropics	9	-0.04419899	-0.019025447	-0.07038538	-0.027482655	-0.057961367	-0.03522253	-0.052322984	2035-10-04	tropics	9	-0.04419899	-0.019025447	-0.07038538	-0.027482655	-0.057961367	-0.03522253	-0.052322984	GARW	2036-04-01
2035-10-05	tropics	9	0.84274685	0.9295254	0.76046103	0.8994481	0.79849994	0.8728162	0.8162865	2035-10-05	tropics	9	0.84274685	0.9295254	0.76046103	0.8994481	0.79849994	0.8728162	0.8162865	2035-10-05	tropics	9	-0.044198036	-0.018996518	-0.070401765	-0.027544955	-0.05796089	-0.035241365	-0.052351356	2035-10-05	tropics	9	-0.044198036	-0.018996518	-0.070401765	-0.027544955	-0.05796089	-0.035241365	-0.052351356	GARW	2036-04-01
2035-10-06	tropics	9	0.84281397	0.9296387	0.7605237	0.89928395	0.79850394	0.8729483	0.8167214	2035-10-06	tropics	9	0.84281397	0.9296387	0.7605237	0.89928395	0.79850394	0.8729483	0.8167214	2035-10-06	tropics	9	-0.044192553	-0.018966524	-0.07038305	-0.027478697	-0.057959843	-0.03519571	-0.052374244	2035-10-06	tropics	9	-0.044192553	-0.018966524	-0.07038305	-0.027478697	-0.057959843	-0.03519571	-0.052374244	GARW	2036-04-01
2035-10-07	tropics	9	0.8428628	0.92975676	0.76058996	0.8992216	0.7985063	0.87308234	0.8166916	2035-10-07	tropics	9	0.8428628	0.92975676	0.76058996	0.8992216	0.7985063	0.87308234	0.8166916	2035-10-07	tropics	9	-0.044163465	-0.0189357	-0.070362516	-0.027466273	-0.05795765	-0.03515637	-0.05220461	2035-10-07	tropics	9	-0.044163465	-0.0189357	-0.070362516	-0.027466273	-0.05795765	-0.03515637	-0.05220461	GARW	2036-04-01
2035-10-08	tropics	9	0.842811	0.9298803	0.76065993	0.89930993	0.7985376	0.87295514	0.8167305	2035-10-08	tropics	9	0.842811	0.9298803	0.76065993	0.89930993	0.7985376	0.87295514	0.8167305	2035-10-08	tropics	9	-0.044143915	-0.018903585	-0.07034058	-0.027523639	-0.05795641	-0.03511679	-0.052216172	2035-10-08	tropics	9	-0.044143915	-0.018903585	-0.07034058	-0.027523639	-0.05795641	-0.03511679	-0.052216172	GARW	2036-04-01
2035-10-09	tropics	9	0.84275043	0.93000984	0.76073366	0.8992565	0.7984819	0.8727666	0.8166343	2035-10-09	tropics	9	0.84275043	0.93000984	0.76073366	0.8992565	0.7984819	0.8727666	0.8166343	2035-10-09	tropics	9	-0.044151783	-0.018869825	-0.070318244	-0.027485037	-0.057951547	-0.03511834	-0.052186728	2035-10-09	tropics	9	-0.044151783	-0.018869825	-0.070318244	-0.027485037	-0.057951547	-0.03511834	-0.052186728	GARW	2036-04-01
2035-10-10	tropics	9	0.8427925	0.93014604	0.7608111	0.8992028	0.79847205	0.87272215	0.8166388	2035-10-10	tropics	9	0.8427925	0.93014604	0.7608111	0.8992028	0.79847205	0.87272215	0.8166388	2035-10-10	tropics	9	-0.044167995	-0.018834556	-0.07029305	-0.027493836	-0.057946585	-0.035173535	-0.052217603	2035-10-10	tropics	9	-0.044167995	-0.018834556	-0.07029305	-0.027493836	-0.057946585	-0.035173535	-0.052217603	GARW	2036-04-01
2035-10-11	tropics	9	0.8426807	0.93028945	0.7608922	0.89922714	0.79846305	0.8726376	0.8166468	2035-10-11	tropics	9	0.8426807	0.93028945	0.7608922	0.89922714	0.79846305	0.8726376	0.8166468	2035-10-11	tropics	9	-0.04416728	-0.018797528	-0.07026839	-0.027509287	-0.057966232	-0.03522253	-0.052227736	2035-10-11	tropics	9	-0.04416728	-0.018797528	-0.07026839	-0.027509287	-0.057966232	-0.03522253	-0.052227736	GARW	2036-04-01
2035-10-12	tropics	9	0.8426019	0.93044066	0.76097715	0.8992979	0.79845196	0.8724147	0.81673694	2035-10-12	tropics	9	0.8426019	0.93044066	0.76097715	0.8992979	0.79845196	0.8724147	0.81673694	2035-10-12	tropics	9	-0.044175625	-0.018758526	-0.070241876	-0.027517585	-0.057969667	-0.035216987	-0.05222535	2035-10-12	tropics	9	-0.044175625	-0.018758526	-0.070241876	-0.027517585	-0.057969667	-0.035216987	-0.05222535	GARW	2036-04-01
2035-10-13	tropics	9	0.84265137	0.9306004	0.7610659	0.89935565	0.7984388	0.87218475	0.8168418	2035-10-13	tropics	9	0.84265137	0.9306004	0.7610659	0.89935565	0.7984388	0.87218475	0.8168418	2035-10-13	tropics	9	-0.04422617	-0.01871744	-0.07021356	-0.02749348	-0.05797205	-0.035272896	-0.05221033	2035-10-13	tropics	9	-0.04422617	-0.01871744	-0.07021356	-0.02749348	-0.05797205	-0.035272896	-0.05221033	GARW	2036-04-01
2035-10-14	tropics	9	0.84270215	0.93076915	0.7611583	0.89940804	0.79842323	0.87194765	0.81670654	2035-10-14	tropics	9	0.84270215	0.93076915	0.7611583	0.89940804	0.79842323	0.87194765	0.81670654	2035-10-14	tropics	9	-0.04421091	-0.018674029	-0.07018478	-0.027476408	-0.05797701	-0.035339773	-0.052171826	2035-10-14	tropics	9	-0.04421091	-0.018674029	-0.07018478	-0.027476408	-0.05797701	-0.035339773	-0.052171826	GARW	2036-04-01
2035-10-15	tropics	9	0.8427545	0.93094754	0.7612546	0.89940184	0.7984051	0.87170315	0.81657606	2035-10-15	tropics	9	0.8427545	0.93094754	0.7612546	0.89940184	0.7984051	0.87170315	0.81657606	2035-10-15	tropics	9	-0.04419613	-0.018628316	-0.07015419	-0.027461005	-0.057980917	-0.035408854	-0.05219078	2035-10-15	tropics	9	-0.04419613	-0.018628316	-0.07015419	-0.027461005	-0.057980917	-0.035408854	-0.05219078	GARW	2036-04-01
2035-10-16	tropics	9	0.8428085	0.9311362	0.76135474	0.8993027	0.7983844	0.8716272	0.8164629	2035-10-16	tropics	9	0.8428085	0.9311362	0.76135474	0.8993027	0.7983844	0.8716272	0.8164629	2035-10-16	tropics	9	-0.044180155	-0.018579692	-0.0701227	-0.02744739	-0.057986546	-0.035480082	-0.05223155	2035-10-16	tropics	9	-0.044180155	-0.018579692	-0.0701227	-0.02744739	-0.057986546	-0.035480082	-0.05223155	GARW	2036-04-01
2035-10-17	tropics	9	0.84278065	0.93133575	0.76145875	0.89920455	0.7983875	0.8715228	0.8164724	2035-10-17	tropics	9	0.84278065	0.93133575	0.76145875	0.89920455	0.7983875	0.8715228	0.8164724	2035-10-17	tropics	9	-0.044163942	-0.018528663	-0.070089385	-0.027476097	-0.05799208	-0.03553593	-0.052271843	2035-10-17	tropics	9	-0.044163942	-0.018528663	-0.070089385	-0.027476097	-0.05799208	-0.03553593	-0.052271843	GARW	2036-04-01
2035-10-18	tropics	9	0.84257746	0.9315468	0.7615665	0.89910734	0.79840136	0.871508	0.8165431	2035-10-18	tropics	9	0.84257746	0.9315468	0.7615665	0.89910734	0.79840136	0.871508	0.8165431	2035-10-18	tropics	9	-0.044155598	-0.01847438	-0.07005517	-0.027504183	-0.057996273	-0.035542965	-0.052286506	2035-10-18	tropics	9	-0.044155598	-0.01847438	-0.07005517	-0.027504183	-0.057996273	-0.035542965	-0.052286506	GARW	2036-04-01
2035-10-19	tropics	9	0.84250265	0.9317699	0.7616782	0.899011	0.79841596	0.87152463	0.816564	2035-10-19	tropics	9	0.84250265	0.9317699	0.7616782	0.899011	0.79841596	0.87152463	0.816564	2035-10-19	tropics	9	-0.044201136	-0.018417118	-0.0700206	-0.0275322	-0.05799208	-0.0355711	-0.052265167	2035-10-19	tropics	9	-0.044201136	-0.018417118	-0.0700206	-0.0275322	-0.05799208	-0.0355711	-0.052265167	GARW	2036-04-01
2035-10-20	tropics	9	0.8424659	0.93200576	0.76179385	0.8989187	0.7984313	0.87145585	0.816448	2035-10-20	tropics	9	0.8424659	0.93200576	0.76179385	0.8989187	0.7984313	0.87145585	0.816448	2035-10-20	tropics	9	-0.04424429	-0.018356636	-0.06998277	-0.02755981	-0.057987977	-0.035556555	-0.052244782	2035-10-20	tropics	9	-0.04424429	-0.018356636	-0.06998277	-0.02755981	-0.057987977	-0.035556555	-0.052244782	GARW	2036-04-01
2035-10-21	tropics	9	0.8424964	0.9322549	0.7619133	0.8989205	0.798447	0.87130964	0.8164778	2035-10-21	tropics	9	0.8424964	0.9322549	0.7619133	0.8989205	0.798447	0.87130964	0.8164778	2035-10-21	tropics	9	-0.0442636	-0.018292548	-0.06994598	-0.027587611	-0.057982255	-0.0355736	-0.05226302	2035-10-21	tropics	9	-0.0442636	-0.018292548	-0.06994598	-0.027587611	-0.057982255	-0.0355736	-0.05226302	GARW	2036-04-01
2035-10-22	tropics	9	0.8424994	0.93227464	0.76203674	0.8989157	0.7983404	0.8710637	0.81644297	2035-10-22	tropics	9	0.8424994	0.93227464	0.76203674	0.8989157	0.7983404	0.8710637	0.81644297	2035-10-22	tropics	9	-0.04425311	-0.018224802	-0.06990592	-0.027596336	-0.05797758	-0.035597086	-0.052280426	2035-10-22	tropics	9	-0.04425311	-0.018224802	-0.06990592	-0.027596336	-0.05797758	-0.035597086	-0.052280426	GARW	2036-04-01
2035-10-23	tropics	9	0.8425083	0.932249	0.7621642	0.89890724	0.7981825	0.8708375	0.816458	2035-10-23	tropics	9	0.8425083	0.932249	0.7621642	0.89890724	0.7981825	0.8708375	0.816458	2035-10-23	tropics	9	-0.044252872	-0.018189523	-0.06986506	-0.027596718	-0.057991125	-0.035669565	-0.052285314	2035-10-23	tropics	9	-0.044252872	-0.018189523	-0.06986506	-0.027596718	-0.057991125	-0.035669565	-0.052285314	GARW	2036-04-01
2035-10-24	tropics	9	0.84252334	0.9322283	0.7622954	0.8988995	0.7980526	0.8711092	0.8165957	2035-10-24	tropics	9	0.84252334	0.9322283	0.7622954	0.8988995	0.7980526	0.8711092	0.8165957	2035-10-24	tropics	9	-0.044250965	-0.01819681	-0.06982329	-0.027598888	-0.058040716	-0.035742164	-0.052288055	2035-10-24	tropics	9	-0.044250965	-0.01819681	-0.06982329	-0.027598888	-0.058040716	-0.035742164	-0.052288055	GARW	2036-04-01
2035-10-25	tropics	9	0.8425443	0.93221235	0.7624303	0.89889246	0.79798216	0.8715211	0.8166361	2035-10-25	tropics	9	0.8425443	0.93221235	0.7624303	0.89889246	0.79798216	0.8715211	0.8166361	2035-10-25	tropics	9	-0.04424715	-0.018202953	-0.06978071	-0.0276012	-0.058091354	-0.035728216	-0.0522449	2035-10-25	tropics	9	-0.04424715	-0.018202953	-0.06978071	-0.0276012	-0.058091354	-0.035728216	-0.0522449	GARW	2036-04-01
2035-10-26	tropics	9	0.8426391	0.93220097	0.76256853	0.8988857	0.79790807	0.8716655	0.81669694	2035-10-26	tropics	9	0.8426391	0.93220097	0.76256853	0.8988857	0.79790807	0.8716655	0.81669694	2035-10-26	tropics	9	-0.04424119	-0.018207703	-0.06973536	-0.02760325	-0.058114626	-0.035605907	-0.05223322	2035-10-26	tropics	9	-0.04424119	-0.018207703	-0.06973536	-0.02760325	-0.058114626	-0.035605907	-0.05223322	GARW	2036-04-01
2035-10-27	tropics	9	0.8427657	0.9321938	0.7627098	0.89887923	0.79783046	0.8716451	0.8167913	2035-10-27	tropics	9	0.8427657	0.9321938	0.7627098	0.89887923	0.79783046	0.8716451	0.8167913	2035-10-27	tropics	9	-0.044224024	-0.018211285	-0.06969011	-0.02760544	-0.058138084	-0.03554082	-0.052215457	2035-10-27	tropics	9	-0.044224024	-0.018211285	-0.06969011	-0.02760544	-0.058138084	-0.03554082	-0.052215457	GARW	2036-04-01
2035-10-28	tropics	9	0.8427187	0.93220854	0.7628538	0.89887255	0.79775983	0.87162644	0.8169026	2035-10-28	tropics	9	0.8427187	0.93220854	0.7628538	0.89887255	0.79775983	0.87162644	0.8169026	2035-10-28	tropics	9	-0.04418373	-0.018213548	-0.0696435	-0.02760687	-0.058163263	-0.035523415	-0.05219233	2035-10-28	tropics	9	-0.04418373	-0.018213548	-0.0696435	-0.02760687	-0.058163263	-0.035523415	-0.05219233	GARW	2036-04-01
2035-10-29	tropics	9	0.84262574	0.9320884	0.7630842	0.8987999	0.7977162	0.8715838	0.81685513	2035-10-29	tropics	9	0.84262574	0.9320884	0.7630842	0.8987999	0.7977162	0.8715838	0.81685513	2035-10-29	tropics	9	-0.04418254	-0.018213958	-0.069595985	-0.027608898	-0.058187675	-0.035529137	-0.05215788	2035-10-29	tropics	9	-0.04418254	-0.018213958	-0.069595985	-0.027608898	-0.058187675	-0.035529137	-0.05215788	GARW	2036-04-01
2035-10-30	tropics	9	0.8424582	0.93121487	0.7633906	0.8986743	0.7978948	0.87169236	0.81692684	2035-10-30	tropics	9	0.8424582	0.93121487	0.7633906	0.8986743	0.7978948	0.87169236	0.81692684	2035-10-30	tropics	9	-0.044195652	-0.01820327	-0.069539644	-0.027616953	-0.05820322	-0.035551906	-0.05215037	2035-10-30	tropics	9	-0.044195652	-0.01820327	-0.069539644	-0.027616953	-0.05820322	-0.035551906	-0.05215037	GARW	2036-04-01
2035-10-31	tropics	9	0.8423214	0.93033725	0.76370335	0.898545	0.79811287	0.8717491	0.81709546	2035-10-31	tropics	9	0.8423214	0.93033725	0.76370335	0.898545	0.79811287	0.8717491	0.81709546	2035-10-31	tropics	9	-0.04424858	-0.018391607	-0.069438286	-0.02765255	-0.058179	-0.03552246	-0.052157164	2035-10-31	tropics	9	-0.04424858	-0.018391607	-0.069438286	-0.02765255	-0.058179	-0.03552246	-0.052157164	GARW	2036-04-01
2035-11-01	tropics	9	0.84231377	0.93012595	0.7640216	0.89841217	0.7982647	0.87189555	0.8172678	2035-11-01	tropics	9	0.84231377	0.93012595	0.7640216	0.89841217	0.7982647	0.87189555	0.8172678	2035-11-01	tropics	9	-0.044295788	-0.018639319	-0.06933503	-0.02768922	-0.058110334	-0.035500646	-0.052104235	2035-11-01	tropics	9	-0.044295788	-0.018639319	-0.06933503	-0.02768922	-0.058110334	-0.035500646	-0.052104235	GARW	2036-04-01
2035-11-02	tropics	9	0.8426008	0.92994833	0.7643445	0.8982758	0.7982588	0.87205327	0.8174432	2035-11-02	tropics	9	0.8426008	0.92994833	0.7643445	0.8982758	0.7982588	0.87205327	0.8174432	2035-11-02	tropics	9	-0.044317722	-0.018767964	-0.06922986	-0.027726844	-0.05803919	-0.035471797	-0.052051306	2035-11-02	tropics	9	-0.044317722	-0.018767964	-0.06922986	-0.027726844	-0.05803919	-0.035471797	-0.052051306	GARW	2036-04-01
2035-11-03	tropics	9	0.84261143	0.9298999	0.7646714	0.898136	0.7982589	0.8721801	0.8174076	2035-11-03	tropics	9	0.84261143	0.9298999	0.7646714	0.898136	0.7982589	0.8721801	0.8174076	2035-11-03	tropics	9	-0.044279814	-0.018819688	-0.069122694	-0.027765874	-0.05803585	-0.03541875	-0.05199647	2035-11-03	tropics	9	-0.044279814	-0.018819688	-0.069122694	-0.027765874	-0.05803585	-0.03541875	-0.05199647	GARW	2036-04-01
2035-11-04	tropics	9	0.84262514	0.9299107	0.7650013	0.89799297	0.7982672	0.8722199	0.8176758	2035-11-04	tropics	9	0.84262514	0.9299107	0.7650013	0.89799297	0.7982672	0.8722199	0.8176758	2035-11-04	tropics	9	-0.044220448	-0.01885892	-0.06901462	-0.027805429	-0.05803709	-0.035380125	-0.051986456	2035-11-04	tropics	9	-0.044220448	-0.01885892	-0.06901462	-0.027805429	-0.05803709	-0.035380125	-0.051986456	GARW	2036-04-01
2035-11-05	tropics	9	0.8426218	0.92974323	0.7653336	0.89784676	0.7982783	0.87218064	0.81801075	2035-11-05	tropics	9	0.8426218	0.92974323	0.7653336	0.89784676	0.7982783	0.87218064	0.81801075	2035-11-05	tropics	9	-0.044215202	-0.018835448	-0.06890504	-0.02784632	-0.05803499	-0.03536403	-0.051942587	2035-11-05	tropics	9	-0.044215202	-0.018835448	-0.06890504	-0.02784632	-0.05803499	-0.03536403	-0.051942587	GARW	2036-04-01
2035-11-06	tropics	9	0.8426175	0.9294222	0.76566744	0.89769745	0.798301	0.8721281	0.81827885	2035-11-06	tropics	9	0.8426175	0.9294222	0.76566744	0.89769745	0.798301	0.8721281	0.81827885	2035-11-06	tropics	9	-0.04421401	-0.018877672	-0.06879502	-0.027887687	-0.058031082	-0.03536272	-0.051838398	2035-11-06	tropics	9	-0.04421401	-0.018877672	-0.06879502	-0.027887687	-0.058031082	-0.03536272	-0.051838398	GARW	2036-04-01
2035-11-07	tropics	9	0.84259236	0.92920035	0.766002	0.89760214	0.79833424	0.872127	0.8182845	2035-11-07	tropics	9	0.84259236	0.92920035	0.766002	0.89760214	0.79833424	0.872127	0.8182845	2035-11-07	tropics	9	-0.04422021	-0.018945256	-0.06868444	-0.027930506	-0.05802593	-0.035375	-0.051748753	2035-11-07	tropics	9	-0.04422021	-0.018945256	-0.06868444	-0.027930506	-0.05802593	-0.035375	-0.051748753	GARW	2036-04-01
2035-11-08	tropics	9	0.842427	0.9290262	0.76633644	0.8976301	0.79835284	0.8721592	0.8182859	2035-11-08	tropics	9	0.842427	0.9290262	0.76633644	0.8976301	0.79835284	0.8721592	0.8182859	2035-11-08	tropics	9	-0.044216633	-0.019024955	-0.06857245	-0.027973948	-0.058017444	-0.0353899	-0.05172062	2035-11-08	tropics	9	-0.044216633	-0.019024955	-0.06857245	-0.027973948	-0.058017444	-0.0353899	-0.05172062	GARW	2036-04-01
2035-11-09	tropics	9	0.84242606	0.92885274	0.7666554	0.8976417	0.798353	0.8721087	0.8182081	2035-11-09	tropics	9	0.84242606	0.92885274	0.7666554	0.8976417	0.798353	0.8721087	0.8182081	2035-11-09	tropics	9	-0.044254303	-0.019075671	-0.06846233	-0.02796837	-0.058005236	-0.035371542	-0.05170226	2035-11-09	tropics	9	-0.044254303	-0.019075671	-0.06846233	-0.02796837	-0.058005236	-0.035371542	-0.05170226	GARW	2036-04-01
2035-11-10	tropics	9	0.842452	0.9286774	0.7668613	0.89764637	0.7984741	0.8720698	0.81815624	2035-11-10	tropics	9	0.842452	0.9286774	0.7668613	0.89764637	0.7984741	0.8720698	0.81815624	2035-11-10	tropics	9	-0.04427743	-0.019123638	-0.06835125	-0.02796317	-0.058006667	-0.0353837	-0.051761866	2035-11-10	tropics	9	-0.04427743	-0.019123638	-0.06835125	-0.02796317	-0.058006667	-0.0353837	-0.051761866	GARW	2036-04-01
2035-11-11	tropics	9	0.84237003	0.928501	0.7670717	0.8976281	0.798493	0.8720027	0.8181441	2035-11-11	tropics	9	0.84237003	0.928501	0.7670717	0.8976281	0.798493	0.8720027	0.8181441	2035-11-11	tropics	9	-0.0442698	-0.019172344	-0.06827228	-0.027961498	-0.057969473	-0.035400152	-0.051745176	2035-11-11	tropics	9	-0.0442698	-0.019172344	-0.06827228	-0.027961498	-0.057969473	-0.035400152	-0.051745176	GARW	2036-04-01
2035-11-12	tropics	9	0.8422372	0.92836195	0.7672817	0.89743775	0.7985261	0.8718753	0.81817394	2035-11-12	tropics	9	0.8422372	0.92836195	0.7672817	0.89743775	0.7985261	0.8718753	0.81817394	2035-11-12	tropics	9	-0.04427576	-0.019221552	-0.06820383	-0.02796083	-0.057963848	-0.035405755	-0.051754475	2035-11-12	tropics	9	-0.04427576	-0.019221552	-0.06820383	-0.02796083	-0.057963848	-0.035405755	-0.051754475	GARW	2036-04-01
2035-11-13	tropics	9	0.8421469	0.9283484	0.7674764	0.897387	0.7985313	0.87186277	0.81822455	2035-11-13	tropics	9	0.8421469	0.9283484	0.7674764	0.897387	0.7985313	0.87186277	0.81822455	2035-11-13	tropics	9	-0.044316053	-0.01926707	-0.06813266	-0.028020479	-0.05795584	-0.035443783	-0.05175233	2035-11-13	tropics	9	-0.044316053	-0.01926707	-0.06813266	-0.028020479	-0.05795584	-0.035443783	-0.05175233	GARW	2036-04-01
2035-11-14	tropics	9	0.8421202	0.92848384	0.76767474	0.89710927	0.79840124	0.8719188	0.81812274	2035-11-14	tropics	9	0.8421202	0.92848384	0.76767474	0.89710927	0.79840124	0.8719188	0.81812274	2035-11-14	tropics	9	-0.04434848	-0.019296328	-0.068067834	-0.028025985	-0.057965565	-0.03547144	-0.051736355	2035-11-14	tropics	9	-0.04434848	-0.019296328	-0.068067834	-0.028025985	-0.057965565	-0.03547144	-0.051736355	GARW	2036-04-01
2035-11-15	tropics	9	0.8421317	0.9286199	0.7678595	0.8969409	0.7984245	0.87199825	0.81794477	2035-11-15	tropics	9	0.8421317	0.9286199	0.7678595	0.8969409	0.7984245	0.87199825	0.81794477	2035-11-15	tropics	9	-0.04436755	-0.019258695	-0.06800194	-0.028085304	-0.057967663	-0.03544998	-0.051742196	2035-11-15	tropics	9	-0.04436755	-0.019258695	-0.06800194	-0.028085304	-0.057967663	-0.03544998	-0.051742196	GARW	2036-04-01
2035-11-16	tropics	9	0.8421432	0.9287566	0.76794505	0.89692163	0.79848933	0.8721361	0.81776935	2035-11-16	tropics	9	0.8421432	0.9287566	0.76794505	0.89692163	0.79848933	0.8721361	0.81776935	2035-11-16	tropics	9	-0.04436469	-0.019220883	-0.06793644	-0.028162006	-0.057994366	-0.035440207	-0.051798463	2035-11-16	tropics	9	-0.04436469	-0.019220883	-0.06793644	-0.028162006	-0.057994366	-0.035440207	-0.051798463	GARW	2036-04-01
2035-11-17	tropics	9	0.84211254	0.9288937	0.7680314	0.89690685	0.7984492	0.8721987	0.8175962	2035-11-17	tropics	9	0.84211254	0.9288937	0.7680314	0.89690685	0.7984492	0.8721987	0.8175962	2035-11-17	tropics	9	-0.044361353	-0.019182768	-0.067898795	-0.028168395	-0.05796232	-0.035393476	-0.05185318	2035-11-17	tropics	9	-0.044361353	-0.019182768	-0.067898795	-0.028168395	-0.05796232	-0.035393476	-0.05185318	GARW	2036-04-01
2035-11-18	tropics	9	0.8421056	0.92896944	0.7681184	0.8968968	0.79842156	0.8721817	0.81746125	2035-11-18	tropics	9	0.8421056	0.92896944	0.7681184	0.8968968	0.79842156	0.8721817	0.81746125	2035-11-18	tropics	9	-0.044362545	-0.019144574	-0.06786957	-0.028173117	-0.057971	-0.035365343	-0.05190742	2035-11-18	tropics	9	-0.044362545	-0.019144574	-0.06786957	-0.028173117	-0.057971	-0.035365343	-0.05190742	GARW	2036-04-01
2035-11-19	tropics	9	0.8421749	0.9290328	0.7682052	0.8969711	0.7987071	0.8720944	0.8173303	2035-11-19	tropics	9	0.8421749	0.9290328	0.7682052	0.8969711	0.7987071	0.8720944	0.8173303	2035-11-19	tropics	9	-0.044379473	-0.019115694	-0.067840695	-0.028176406	-0.05797968	-0.035359025	-0.05195403	2035-11-19	tropics	9	-0.044379473	-0.019115694	-0.067840695	-0.028176406	-0.05797968	-0.035359025	-0.05195403	GARW	2036-04-01
2035-11-20	tropics	9	0.8421841	0.9290999	0.76828486	0.8971225	0.79872155	0.87220556	0.8172276	2035-11-20	tropics	9	0.8421841	0.9290999	0.76828486	0.8971225	0.79872155	0.87220556	0.8172276	2035-11-20	tropics	9	-0.044358492	-0.019097248	-0.067812085	-0.028171733	-0.05793314	-0.035394073	-0.051995277	2035-11-20	tropics	9	-0.044358492	-0.019097248	-0.067812085	-0.028171733	-0.05793314	-0.035394073	-0.051995277	GARW	2036-04-01
2035-11-21	tropics	9	0.8420541	0.9291298	0.76835304	0.89697886	0.79870313	0.8722223	0.81744164	2035-11-21	tropics	9	0.8420541	0.9291298	0.76835304	0.89697886	0.79870313	0.8722223	0.81744164	2035-11-21	tropics	9	-0.044348	-0.019080061	-0.067784235	-0.028127767	-0.0578743	-0.035369635	-0.05203557	2035-11-21	tropics	9	-0.044348	-0.019080061	-0.067784235	-0.028127767	-0.0578743	-0.035369635	-0.05203557	GARW	2036-04-01
2035-11-22	tropics	9	0.8419455	0.9290412	0.76842785	0.8969064	0.79869163	0.8722074	0.8172472	2035-11-22	tropics	9	0.8419455	0.9290412	0.76842785	0.8969064	0.79869163	0.8722074	0.8172472	2035-11-22	tropics	9	-0.044371128	-0.019059405	-0.06776259	-0.028135968	-0.057890415	-0.03535366	-0.05200672	2035-11-22	tropics	9	-0.044371128	-0.019059405	-0.06776259	-0.028135968	-0.057890415	-0.03535366	-0.05200672	GARW	2036-04-01
2035-11-23	tropics	9	0.8419384	0.928944	0.7685089	0.8969219	0.7986891	0.87218827	0.8170485	2035-11-23	tropics	9	0.8419384	0.928944	0.7685089	0.8969219	0.7986891	0.87218827	0.8170485	2035-11-23	tropics	9	-0.04441166	-0.019078977	-0.06773849	-0.028176118	-0.05789747	-0.035357	-0.05201006	2035-11-23	tropics	9	-0.04441166	-0.019078977	-0.06773849	-0.028176118	-0.05789747	-0.035357	-0.05201006	GARW	2036-04-01
2035-11-24	tropics	9	0.842063	0.928838	0.7685962	0.89686394	0.79846704	0.8721647	0.8169783	2035-11-24	tropics	9	0.842063	0.928838	0.7685962	0.89686394	0.79846704	0.8721647	0.8169783	2035-11-24	tropics	9	-0.044434547	-0.019104969	-0.06771247	-0.028171921	-0.057896994	-0.0353626	-0.05208063	2035-11-24	tropics	9	-0.044434547	-0.019104969	-0.06771247	-0.028171921	-0.057896994	-0.0353626	-0.05208063	GARW	2036-04-01
2035-11-25	tropics	9	0.84204763	0.9287232	0.7686894	0.89682263	0.7981288	0.87213665	0.8169346	2035-11-25	tropics	9	0.84204763	0.9287232	0.7686894	0.89682263	0.7981288	0.87213665	0.8169346	2035-11-25	tropics	9	-0.044398785	-0.019133715	-0.06768441	-0.028176928	-0.057926845	-0.03536868	-0.052114487	2035-11-25	tropics	9	-0.044398785	-0.019133715	-0.06768441	-0.028176928	-0.057926845	-0.03536868	-0.052114487	GARW	2036-04-01
2035-11-26	tropics	9	0.8419213	0.9285994	0.7687763	0.89681005	0.79784864	0.8719639	0.8169769	2035-11-26	tropics	9	0.8419213	0.9285994	0.7687763	0.89681005	0.79784864	0.8719639	0.8169769	2035-11-26	tropics	9	-0.04438138	-0.019164762	-0.067654036	-0.02819643	-0.058035564	-0.03537655	-0.05212927	2035-11-26	tropics	9	-0.04438138	-0.019164762	-0.067654036	-0.02819643	-0.058035564	-0.03537655	-0.05212927	GARW	2036-04-01
2035-11-27	tropics	9	0.84171987	0.9284665	0.7688471	0.89672095	0.7978027	0.87173957	0.8171269	2035-11-27	tropics	9	0.84171987	0.9284665	0.7688471	0.89672095	0.7978027	0.87173957	0.8171269	2035-11-27	tropics	9	-0.044400692	-0.019198198	-0.067622066	-0.028199054	-0.058144473	-0.035387993	-0.052127838	2035-11-27	tropics	9	-0.044400692	-0.019198198	-0.067622066	-0.028199054	-0.058144473	-0.035387993	-0.052127838	GARW	2036-04-01
2035-11-28	tropics	9	0.8417231	0.9283244	0.768914	0.896742	0.7977726	0.8714952	0.81734633	2035-11-28	tropics	9	0.8417231	0.9283244	0.768914	0.896742	0.7977726	0.8714952	0.81734633	2035-11-28	tropics	9	-0.044472456	-0.019234389	-0.06759775	-0.02824806	-0.058176614	-0.03547108	-0.052099228	2035-11-28	tropics	9	-0.044472456	-0.019234389	-0.06759775	-0.02824806	-0.058176614	-0.03547108	-0.052099228	GARW	2036-04-01
2035-11-29	tropics	9	0.8416189	0.92817295	0.76897633	0.89672536	0.7977497	0.87123024	0.8174143	2035-11-29	tropics	9	0.8416189	0.92817295	0.76897633	0.89672536	0.7977497	0.87123024	0.8174143	2035-11-29	tropics	9	-0.044487953	-0.01927297	-0.067574546	-0.028219033	-0.05818796	-0.035541773	-0.052031994	2035-11-29	tropics	9	-0.044487953	-0.01927297	-0.067574546	-0.028219033	-0.05818796	-0.035541773	-0.052031994	GARW	2036-04-01
2035-11-30	tropics	9	0.8414842	0.9280121	0.76903385	0.8966901	0.7977245	0.8709655	0.81733304	2035-11-30	tropics	9	0.8414842	0.9280121	0.76903385	0.8966901	0.7977245	0.8709655	0.81733304	2035-11-30	tropics	9	-0.04450369	-0.019314177	-0.067553565	-0.028223135	-0.058195114	-0.035618663	-0.051977158	2035-11-30	tropics	9	-0.04450369	-0.019314177	-0.067553565	-0.028223135	-0.058195114	-0.035618663	-0.051977158	GARW	2036-04-01
2035-12-01	tropics	9	0.84141034	0.92809373	0.769086	0.89663625	0.797637	0.8707864	0.81716526	2035-12-01	tropics	9	0.84141034	0.92809373	0.769086	0.89663625	0.797637	0.8707864	0.81716526	2035-12-01	tropics	9	-0.04454422	-0.019358128	-0.067533754	-0.02823067	-0.058203124	-0.035696745	-0.05200672	2035-12-01	tropics	9	-0.04454422	-0.019358128	-0.067533754	-0.02823067	-0.058203124	-0.035696745	-0.05200672	GARW	2036-04-01
2035-12-02	tropics	9	0.841387	0.9283773	0.7691323	0.89656305	0.7976195	0.8707398	0.81703866	2035-12-02	tropics	9	0.841387	0.9283773	0.7691323	0.89656305	0.7976195	0.8707398	0.81703866	2035-12-02	tropics	9	-0.044579983	-0.019381821	-0.06751516	-0.028243309	-0.058211423	-0.035773277	-0.052040458	2035-12-02	tropics	9	-0.044579983	-0.019381821	-0.06751516	-0.028243309	-0.058211423	-0.035773277	-0.052040458	GARW	2036-04-01
2035-12-03	tropics	9	0.8413292	0.92864716	0.76917243	0.89663905	0.7975508	0.87069374	0.81691194	2035-12-03	tropics	9	0.8413292	0.92864716	0.76917243	0.89663905	0.7975508	0.87069374	0.81691194	2035-12-03	tropics	9	-0.044587135	-0.019301353	-0.06749964	-0.028263528	-0.05823555	-0.0357877	-0.052086353	2035-12-03	tropics	9	-0.044587135	-0.019301353	-0.06749964	-0.028263528	-0.05823555	-0.0357877	-0.052086353	GARW	2036-04-01
2035-12-04	tropics	9	0.8411839	0.9289029	0.76920617	0.8969303	0.7975119	0.87064785	0.81677926	2035-12-04	tropics	9	0.8411839	0.9289029	0.76920617	0.8969303	0.7975119	0.87064785	0.81677926	2035-12-04	tropics	9	-0.044590473	-0.019224634	-0.06748579	-0.028282218	-0.058254622	-0.035800815	-0.0521245	2035-12-04	tropics	9	-0.044590473	-0.019224634	-0.06748579	-0.028282218	-0.058254622	-0.035800815	-0.0521245	GARW	2036-04-01
2035-12-05	tropics	9	0.8411128	0.9291445	0.7692335	0.8969005	0.7974698	0.870602	0.8167039	2035-12-05	tropics	9	0.8411128	0.9291445	0.7692335	0.8969005	0.7974698	0.870602	0.8167039	2035-12-05	tropics	9	-0.044635773	-0.019151902	-0.06747315	-0.028199388	-0.058269598	-0.035814524	-0.052165985	2035-12-05	tropics	9	-0.044635773	-0.019151902	-0.06747315	-0.028199388	-0.058269598	-0.035814524	-0.052165985	GARW	2036-04-01
2035-12-06	tropics	9	0.8409998	0.92939234	0.7692544	0.89669293	0.7974244	0.870537	0.816636	2035-12-06	tropics	9	0.8409998	0.92939234	0.7692544	0.89669293	0.7974244	0.870537	0.816636	2035-12-06	tropics	9	-0.044671535	-0.01908301	-0.06746309	-0.028154993	-0.058281515	-0.035828233	-0.052196503	2035-12-06	tropics	9	-0.044671535	-0.01908301	-0.06746309	-0.028154993	-0.058281515	-0.035828233	-0.052196503	GARW	2036-04-01
2035-12-07	tropics	9	0.84088343	0.92963034	0.7692549	0.8964309	0.79737544	0.8704659	0.81657076	2035-12-07	tropics	9	0.84088343	0.92963034	0.7692549	0.8964309	0.79737544	0.8704659	0.81657076	2035-12-07	tropics	9	-0.04468012	-0.019015245	-0.06745615	-0.02821355	-0.05829706	-0.035844445	-0.052221537	2035-12-07	tropics	9	-0.04468012	-0.019015245	-0.06745615	-0.02821355	-0.05829706	-0.035844445	-0.052221537	GARW	2036-04-01
2035-12-08	tropics	9	0.84078985	0.9296212	0.76897615	0.8961415	0.79732263	0.87039465	0.8164879	2035-12-08	tropics	9	0.84078985	0.9296212	0.76897615	0.8961415	0.79732263	0.87039465	0.8164879	2035-12-08	tropics	9	-0.044733047	-0.018947417	-0.06745253	-0.028279448	-0.058311652	-0.035865188	-0.052238464	2035-12-08	tropics	9	-0.044733047	-0.018947417	-0.06745253	-0.028279448	-0.058311652	-0.035865188	-0.052238464	GARW	2036-04-01
2035-12-09	tropics	9	0.84085035	0.9292686	0.7686491	0.895846	0.79726595	0.8703023	0.8163471	2035-12-09	tropics	9	0.84085035	0.9292686	0.7686491	0.895846	0.79726595	0.8703023	0.8163471	2035-12-09	tropics	9	-0.044757366	-0.01889182	-0.06750586	-0.028361512	-0.058327295	-0.035886526	-0.052264214	2035-12-09	tropics	9	-0.044757366	-0.01889182	-0.06750586	-0.028361512	-0.058327295	-0.035886526	-0.052264214	GARW	2036-04-01
2035-12-10	tropics	9	0.8409117	0.9289248	0.7683075	0.89577085	0.79720515	0.8701693	0.8163359	2035-12-10	tropics	9	0.8409117	0.9289248	0.7683075	0.89577085	0.79720515	0.8701693	0.8163359	2035-12-10	tropics	9	-0.044766426	-0.018989278	-0.067610264	-0.028446151	-0.058345508	-0.03590727	-0.052303314	2035-12-10	tropics	9	-0.044766426	-0.018989278	-0.067610264	-0.028446151	-0.058345508	-0.03590727	-0.052303314	GARW	2036-04-01
2035-12-11	tropics	9	0.8407929	0.92859316	0.76795614	0.8957103	0.79702294	0.86983514	0.8163578	2035-12-11	tropics	9	0.8407929	0.92859316	0.76795614	0.8957103	0.79702294	0.86983514	0.8163578	2035-12-11	tropics	9	-0.044732094	-0.01908738	-0.0677227	-0.028495075	-0.05836477	-0.035945535	-0.052324533	2035-12-11	tropics	9	-0.044732094	-0.01908738	-0.0677227	-0.028495075	-0.05836477	-0.035945535	-0.052324533	GARW	2036-04-01
2035-12-12	tropics	9	0.8406168	0.92825615	0.767595	0.8955279	0.7968151	0.8694655	0.8162384	2035-12-12	tropics	9	0.8406168	0.92825615	0.767595	0.8955279	0.7968151	0.8694655	0.8162384	2035-12-12	tropics	9	-0.044756413	-0.019179257	-0.06783736	-0.028508807	-0.058396816	-0.036016583	-0.052317142	2035-12-12	tropics	9	-0.044756413	-0.019179257	-0.06783736	-0.028508807	-0.058396816	-0.036016583	-0.052317142	GARW	2036-04-01
2035-12-13	tropics	9	0.84054196	0.92791337	0.7675635	0.89533013	0.7967906	0.86935425	0.8160451	2035-12-13	tropics	9	0.84054196	0.92791337	0.7675635	0.89533013	0.7967906	0.86935425	0.8160451	2035-12-13	tropics	9	-0.044799805	-0.019272437	-0.06795578	-0.028550055	-0.05848398	-0.03612721	-0.0523293	2035-12-13	tropics	9	-0.044799805	-0.019272437	-0.06795578	-0.028550055	-0.05848398	-0.03612721	-0.0523293	GARW	2036-04-01
2035-12-14	tropics	9	0.840671	0.92756444	0.7675185	0.89513093	0.7967745	0.8692408	0.8158479	2035-12-14	tropics	9	0.840671	0.92756444	0.7675185	0.89513093	0.7967745	0.8692408	0.8158479	2035-12-14	tropics	9	-0.044838905	-0.01936723	-0.068009235	-0.028605795	-0.058502577	-0.03618884	-0.052389383	2035-12-14	tropics	9	-0.044838905	-0.01936723	-0.068009235	-0.028605795	-0.058502577	-0.03618884	-0.052389383	GARW	2036-04-01
2035-12-15	tropics	9	0.8404578	0.9274588	0.7674527	0.8947192	0.7967396	0.8691249	0.81564635	2035-12-15	tropics	9	0.8404578	0.9274588	0.7674527	0.8947192	0.7967396	0.8691249	0.81564635	2035-12-15	tropics	9	-0.04482317	-0.01946388	-0.068018936	-0.028663063	-0.05850811	-0.0362221	-0.05245018	2035-12-15	tropics	9	-0.04482317	-0.01946388	-0.068018936	-0.028663063	-0.05850811	-0.0362221	-0.05245018	GARW	2036-04-01
2035-12-16	tropics	9	0.84044755	0.9274988	0.76737857	0.89463884	0.7967018	0.86900634	0.81544036	2035-12-16	tropics	9	0.84044755	0.9274988	0.76737857	0.89463884	0.7967018	0.86900634	0.81544036	2035-12-16	tropics	9	-0.044838905	-0.019534431	-0.06804039	-0.028761292	-0.05851364	-0.036256075	-0.052513123	2035-12-16	tropics	9	-0.044838905	-0.019534431	-0.06804039	-0.028761292	-0.05851364	-0.036256075	-0.052513123	GARW	2036-04-01
2035-12-17	tropics	9	0.84029555	0.92753786	0.76729614	0.894452	0.7965198	0.868934	0.81526625	2035-12-17	tropics	9	0.84029555	0.92753786	0.76729614	0.894452	0.7965198	0.868934	0.81526625	2035-12-17	tropics	9	-0.044876575	-0.019523155	-0.06806391	-0.028831102	-0.05852766	-0.036290884	-0.052576303	2035-12-17	tropics	9	-0.044876575	-0.019523155	-0.06806391	-0.028831102	-0.05852766	-0.036290884	-0.052576303	GARW	2036-04-01
2035-12-18	tropics	9	0.8402557	0.9275754	0.76713955	0.8941937	0.7964671	0.8689421	0.8150914	2035-12-18	tropics	9	0.8402557	0.9275754	0.76713955	0.8941937	0.7964671	0.8689421	0.8150914	2035-12-18	tropics	9	-0.044900417	-0.019512052	-0.068090364	-0.028851653	-0.05856962	-0.036324024	-0.05263567	2035-12-18	tropics	9	-0.044900417	-0.019512052	-0.068090364	-0.028851653	-0.05856962	-0.036324024	-0.05263567	GARW	2036-04-01
2035-12-19	tropics	9	0.8403119	0.9276109	0.76685643	0.89392835	0.7963864	0.8688042	0.8149377	2035-12-19	tropics	9	0.8403119	0.9276109	0.76685643	0.89392835	0.7963864	0.8688042	0.8149377	2035-12-19	tropics	9	-0.04494047	-0.01950146	-0.068118885	-0.02892561	-0.05860262	-0.036325693	-0.05268979	2035-12-19	tropics	9	-0.04494047	-0.01950146	-0.068118885	-0.02892561	-0.05860262	-0.036325693	-0.05268979	GARW	2036-04-01
2035-12-20	tropics	9	0.8402201	0.9276438	0.7665638	0.8936561	0.79625654	0.8686548	0.8148024	2035-12-20	tropics	9	0.8402201	0.9276438	0.7665638	0.8936561	0.79625654	0.8686548	0.8148024	2035-12-20	tropics	9	-0.04492235	-0.019491043	-0.06820969	-0.029001381	-0.05861778	-0.03634751	-0.052743435	2035-12-20	tropics	9	-0.04492235	-0.019491043	-0.06820969	-0.029001381	-0.05861778	-0.03634751	-0.052743435	GARW	2036-04-01
2035-12-21	tropics	9	0.84006524	0.92767346	0.76626176	0.8934129	0.7961205	0.86842394	0.81472176	2035-12-21	tropics	9	0.84006524	0.92767346	0.76626176	0.8934129	0.7961205	0.86842394	0.81472176	2035-12-21	tropics	9	-0.04492712	-0.019481478	-0.068306185	-0.02907858	-0.058659554	-0.03639114	-0.05278516	2035-12-21	tropics	9	-0.04492712	-0.019481478	-0.068306185	-0.02907858	-0.058659554	-0.03639114	-0.05278516	GARW	2036-04-01
2035-12-22	tropics	9	0.8399223	0.92769945	0.76595074	0.8931692	0.79598445	0.8683977	0.814796	2035-12-22	tropics	9	0.8399223	0.92769945	0.76595074	0.8931692	0.79598445	0.8683977	0.814796	2035-12-22	tropics	9	-0.04497385	-0.019472903	-0.068405226	-0.029152777	-0.058701515	-0.03644669	-0.052817106	2035-12-22	tropics	9	-0.04497385	-0.019472903	-0.068405226	-0.029152777	-0.058701515	-0.03644669	-0.052817106	GARW	2036-04-01
2035-12-23	tropics	9	0.8399762	0.9277211	0.76563096	0.8930313	0.79581845	0.86836684	0.81463414	2035-12-23	tropics	9	0.8399762	0.9277211	0.76563096	0.8930313	0.79581845	0.86836684	0.81463414	2035-12-23	tropics	9	-0.045022488	-0.019465066	-0.068506576	-0.029222347	-0.05874691	-0.03648293	-0.05281973	2035-12-23	tropics	9	-0.045022488	-0.019465066	-0.068506576	-0.029222347	-0.05874691	-0.03648293	-0.05281973	GARW	2036-04-01
2035-12-24	tropics	9	0.8400201	0.92773795	0.76530266	0.89307714	0.7957163	0.8681939	0.8145312	2035-12-24	tropics	9	0.8400201	0.92773795	0.76530266	0.89307714	0.7957163	0.8681939	0.8145312	2035-12-24	tropics	9	-0.045024395	-0.019458558	-0.06861284	-0.029293826	-0.058787823	-0.036485553	-0.05284071	2035-12-24	tropics	9	-0.045024395	-0.019458558	-0.06861284	-0.029293826	-0.058787823	-0.036485553	-0.05284071	GARW	2036-04-01
2035-12-25	tropics	9	0.8401407	0.9277494	0.76496613	0.8933135	0.79555815	0.8680687	0.814425	2035-12-25	tropics	9	0.8401407	0.9277494	0.76496613	0.8933135	0.79555815	0.8680687	0.814425	2035-12-25	tropics	9	-0.04501009	-0.019453142	-0.0687196	-0.029256774	-0.058856487	-0.036507487	-0.052874565	2035-12-25	tropics	9	-0.04501009	-0.019453142	-0.0687196	-0.029256774	-0.058856487	-0.036507487	-0.052874565	GARW	2036-04-01
2035-12-26	tropics	9	0.84010327	0.9277548	0.7646216	0.89309555	0.7953582	0.86802346	0.81414473	2035-12-26	tropics	9	0.84010327	0.9277548	0.7646216	0.89309555	0.7953582	0.86802346	0.81414473	2035-12-26	tropics	9	-0.044982433	-0.019449396	-0.06883118	-0.029242707	-0.05887804	-0.03657511	-0.05290675	2035-12-26	tropics	9	-0.044982433	-0.019449396	-0.06883118	-0.029242707	-0.05887804	-0.03657511	-0.05290675	GARW	2036-04-01
2035-12-27	tropics	9	0.8401295	0.92775375	0.76426935	0.8924655	0.7951247	0.86785734	0.8138336	2035-12-27	tropics	9	0.8401295	0.92775375	0.76426935	0.8924655	0.7951247	0.86785734	0.8138336	2035-12-27	tropics	9	-0.044974804	-0.01944709	-0.068944216	-0.029236795	-0.058935165	-0.03658867	-0.052971363	2035-12-27	tropics	9	-0.044974804	-0.01944709	-0.068944216	-0.029236795	-0.058935165	-0.03658867	-0.052971363	GARW	2036-04-01
2035-12-28	tropics	9	0.8402474	0.9277455	0.76390964	0.89217186	0.7948836	0.86759824	0.8135182	2035-12-28	tropics	9	0.8402474	0.9277455	0.76390964	0.89217186	0.7948836	0.86759824	0.8135182	2035-12-28	tropics	9	-0.044985294	-0.019446569	-0.06906066	-0.029376032	-0.059008885	-0.036617517	-0.05306816	2035-12-28	tropics	9	-0.044985294	-0.019446569	-0.06906066	-0.029376032	-0.059008885	-0.036617517	-0.05306816	GARW	2036-04-01
2035-12-29	tropics	9	0.8403999	0.9277406	0.76354265	0.89192146	0.79463476	0.8673959	0.8131987	2035-12-29	tropics	9	0.8403999	0.9277406	0.76354265	0.89192146	0.79463476	0.8673959	0.8131987	2035-12-29	tropics	9	-0.044948578	-0.01944819	-0.06917901	-0.029510166	-0.059084605	-0.03669107	-0.053166628	2035-12-29	tropics	9	-0.044948578	-0.01944819	-0.06917901	-0.029510166	-0.059084605	-0.03669107	-0.053166628	GARW	2036-04-01
2035-12-30	tropics	9	0.84042096	0.92772794	0.7631688	0.89166474	0.79437935	0.8673664	0.8128238	2035-12-30	tropics	9	0.84042096	0.92772794	0.7631688	0.89166474	0.79437935	0.8673664	0.8128238	2035-12-30	tropics	9	-0.04490137	-0.01944986	-0.069300726	-0.029581407	-0.059164334	-0.0367589	-0.053266525	2035-12-30	tropics	9	-0.04490137	-0.01944986	-0.069300726	-0.029581407	-0.059164334	-0.0367589	-0.053266525	GARW	2036-04-01
2035-12-31	tropics	9	0.8404358	0.92770636	0.7627883	0.8914013	0.7941281	0.8673379	0.81256557	2035-12-31	tropics	9	0.8404358	0.92770636	0.7627883	0.8914013	0.7941281	0.8673379	0.81256557	2035-12-31	tropics	9	-0.04488516	-0.019452438	-0.06942344	-0.029655458	-0.05924511	-0.036788464	-0.05337763	2035-12-31	tropics	9	-0.04488516	-0.019452438	-0.06942344	-0.029655458	-0.05924511	-0.036788464	-0.05337763	GARW	2036-04-01
2036-01-01	tropics	9	0.8403536	0.9277012	0.76240134	0.8911308	0.7938705	0.8672981	0.8124075	2036-01-01	tropics	9	0.8403536	0.9277012	0.76240134	0.8911308	0.7938705	0.8672981	0.8124075	2036-01-01	tropics	9	-0.044879913	-0.019457301	-0.06954997	-0.029730132	-0.059326172	-0.03679347	-0.053469896	2036-01-01	tropics	9	-0.044879913	-0.019457301	-0.06954997	-0.029730132	-0.059326172	-0.03679347	-0.053469896	GARW	2036-04-01
2036-01-02	tropics	9	0.84002817	0.9277998	0.76200825	0.8910427	0.7936066	0.86720335	0.812298	2036-01-02	tropics	9	0.84002817	0.9277998	0.76200825	0.8910427	0.7936066	0.86720335	0.812298	2036-01-02	tropics	9	-0.044891357	-0.019464934	-0.06967795	-0.029807998	-0.059408475	-0.036804557	-0.05354047	2036-01-02	tropics	9	-0.044891357	-0.019464934	-0.06967795	-0.029807998	-0.059408475	-0.036804557	-0.05354047	GARW	2036-04-01
2036-01-03	tropics	9	0.83966684	0.92761725	0.76160926	0.89081156	0.79333633	0.86708903	0.81218326	2036-01-03	tropics	9	0.83966684	0.92761725	0.76160926	0.89081156	0.79333633	0.86708903	0.81218326	2036-01-03	tropics	9	-0.044962406	-0.019442488	-0.06980884	-0.029887058	-0.059492208	-0.036824703	-0.053574324	2036-01-03	tropics	9	-0.044962406	-0.019442488	-0.06980884	-0.029887058	-0.059492208	-0.036824703	-0.053574324	GARW	2036-04-01
2036-01-04	tropics	9	0.8394761	0.9272527	0.76117873	0.8905729	0.7930598	0.86694777	0.8120631	2036-01-04	tropics	9	0.8394761	0.9272527	0.76117873	0.8905729	0.7930598	0.86694777	0.8120631	2036-01-04	tropics	9	-0.045071125	-0.019443275	-0.06994109	-0.029904038	-0.059577845	-0.0368582	-0.053609133	2036-01-04	tropics	9	-0.045071125	-0.019443275	-0.06994109	-0.029904038	-0.059577845	-0.0368582	-0.053609133	GARW	2036-04-01
2036-01-05	tropics	9	0.8391306	0.92714673	0.76071155	0.89026237	0.7926761	0.86678565	0.8119375	2036-01-05	tropics	9	0.8391306	0.92714673	0.76071155	0.89026237	0.7926761	0.86678565	0.8119375	2036-01-05	tropics	9	-0.045148373	-0.019548068	-0.07007615	-0.029972613	-0.059666634	-0.036895275	-0.053646564	2036-01-05	tropics	9	-0.045148373	-0.019548068	-0.07007615	-0.029972613	-0.059666634	-0.036895275	-0.053646564	GARW	2036-04-01
2036-01-06	tropics	9	0.8386602	0.92708254	0.76023346	0.88997525	0.79233205	0.8666143	0.81180656	2036-01-06	tropics	9	0.8386602	0.92708254	0.76023346	0.88997525	0.79233205	0.8666143	0.81180656	2036-01-06	tropics	9	-0.045223713	-0.01960927	-0.07022989	-0.030051675	-0.05975895	-0.036942005	-0.05368519	2036-01-06	tropics	9	-0.045223713	-0.01960927	-0.07022989	-0.030051675	-0.05975895	-0.036942005	-0.05368519	GARW	2036-04-01
2036-01-07	tropics	9	0.83811134	0.9269998	0.7597445	0.8897637	0.79210514	0.8664336	0.8116702	2036-01-07	tropics	9	0.83811134	0.9269998	0.7597445	0.8897637	0.79210514	0.8664336	0.8116702	2036-01-07	tropics	9	-0.045363426	-0.019625606	-0.070388794	-0.030148283	-0.059907056	-0.036991954	-0.053726435	2036-01-07	tropics	9	-0.045363426	-0.019625606	-0.070388794	-0.030148283	-0.059907056	-0.036991954	-0.053726435	GARW	2036-04-01
2036-01-08	tropics	9	0.8375809	0.92689747	0.7592448	0.8895318	0.7917899	0.86624336	0.8114054	2036-01-08	tropics	9	0.8375809	0.92689747	0.7592448	0.8895318	0.7917899	0.86624336	0.8114054	2036-01-08	tropics	9	-0.045523882	-0.019646557	-0.070550874	-0.030207219	-0.059981346	-0.037044287	-0.05376768	2036-01-08	tropics	9	-0.045523882	-0.019646557	-0.070550874	-0.030207219	-0.059981346	-0.037044287	-0.05376768	GARW	2036-04-01
2036-01-09	tropics	9	0.83710116	0.92677456	0.75873417	0.88931686	0.79144245	0.86604315	0.81107736	2036-01-09	tropics	9	0.83710116	0.92677456	0.75873417	0.88931686	0.79144245	0.86604315	0.81107736	2036-01-09	tropics	9	-0.045693874	-0.019672781	-0.070715666	-0.030271878	-0.06006689	-0.03709972	-0.05382943	2036-01-09	tropics	9	-0.045693874	-0.019672781	-0.070715666	-0.030271878	-0.06006689	-0.03709972	-0.05382943	GARW	2036-04-01
2036-01-10	tropics	9	0.83673865	0.92663014	0.75821275	0.8891641	0.7910883	0.8658328	0.8107445	2036-01-10	tropics	9	0.83673865	0.92663014	0.75821275	0.8891641	0.7910883	0.8658328	0.8107445	2036-01-10	tropics	9	-0.04584217	-0.019704757	-0.07088609	-0.030343115	-0.06017742	-0.03715813	-0.05393243	2036-01-10	tropics	9	-0.04584217	-0.019704757	-0.07088609	-0.030343115	-0.06017742	-0.03715813	-0.05393243	GARW	2036-04-01
2036-01-11	tropics	9	0.8364595	0.92646307	0.75768054	0.8890032	0.7907274	0.8655743	0.81037325	2036-01-11	tropics	9	0.8364595	0.92646307	0.75768054	0.8890032	0.7907274	0.8655743	0.81037325	2036-01-11	tropics	9	-0.045976162	-0.019742988	-0.07105877	-0.030389225	-0.060290717	-0.037219048	-0.05403638	2036-01-11	tropics	9	-0.045976162	-0.019742988	-0.07105877	-0.030389225	-0.060290717	-0.037219048	-0.05403638	GARW	2036-04-01
2036-01-12	tropics	9	0.83617955	0.9262725	0.75713766	0.8888339	0.79035974	0.8652846	0.8101805	2036-01-12	tropics	9	0.83617955	0.9262725	0.75713766	0.8888339	0.79035974	0.8652846	0.8101805	2036-01-12	tropics	9	-0.046061993	-0.01978672	-0.071234986	-0.030434664	-0.06040573	-0.037288785	-0.054156303	2036-01-12	tropics	9	-0.046061993	-0.01978672	-0.071234986	-0.030434664	-0.06040573	-0.037288785	-0.054156303	GARW	2036-04-01
2036-01-13	tropics	9	0.8359293	0.9260578	0.75658405	0.8886559	0.78998554	0.8646203	0.80990016	2036-01-13	tropics	9	0.8359293	0.9260578	0.75658405	0.8886559	0.78998554	0.8646203	0.80990016	2036-01-13	tropics	9	-0.046147823	-0.019837566	-0.071416475	-0.030482918	-0.06052332	-0.037369728	-0.05423212	2036-01-13	tropics	9	-0.046147823	-0.019837566	-0.071416475	-0.030482918	-0.06052332	-0.037369728	-0.05423212	GARW	2036-04-01
2036-01-14	tropics	9	0.83565044	0.9258118	0.7560198	0.8884695	0.78960496	0.8639035	0.80960697	2036-01-14	tropics	9	0.83565044	0.9258118	0.7560198	0.8884695	0.78960496	0.8639035	0.80960697	2036-01-14	tropics	9	-0.046224117	-0.019894892	-0.07159903	-0.030533507	-0.060643673	-0.03752494	-0.05430746	2036-01-14	tropics	9	-0.046224117	-0.019894892	-0.07159903	-0.030533507	-0.060643673	-0.03752494	-0.05430746	GARW	2036-04-01
2036-01-15	tropics	9	0.83536196	0.9255016	0.7554451	0.8881065	0.78921837	0.86319685	0.8093065	2036-01-15	tropics	9	0.83536196	0.9255016	0.7554451	0.8881065	0.78921837	0.86319685	0.8093065	2036-01-15	tropics	9	-0.04630804	-0.019958997	-0.071788214	-0.030586483	-0.060765836	-0.037739277	-0.054398775	2036-01-15	tropics	9	-0.04630804	-0.019958997	-0.071788214	-0.030586483	-0.060765836	-0.037739277	-0.054398775	GARW	2036-04-01
2036-01-16	tropics	9	0.83506393	0.92518264	0.7548602	0.8876146	0.7888559	0.86285996	0.8089615	2036-01-16	tropics	9	0.83506393	0.92518264	0.7548602	0.8876146	0.7888559	0.86285996	0.8089615	2036-01-16	tropics	9	-0.0463953	-0.0200426	-0.07197912	-0.03065896	-0.06088867	-0.037950516	-0.05449295	2036-01-16	tropics	9	-0.0463953	-0.0200426	-0.07197912	-0.03065896	-0.06088867	-0.037950516	-0.05449295	GARW	2036-04-01
2036-01-17	tropics	9	0.8347566	0.9248553	0.7542785	0.8875151	0.7884988	0.86260295	0.8086162	2036-01-17	tropics	9	0.8347566	0.9248553	0.7542785	0.8875151	0.7884988	0.86260295	0.8086162	2036-01-17	tropics	9	-0.0464859	-0.020130953	-0.072174646	-0.030799821	-0.061011314	-0.03809762	-0.05459714	2036-01-17	tropics	9	-0.0464859	-0.020130953	-0.072174646	-0.030799821	-0.061011314	-0.03809762	-0.05459714	GARW	2036-04-01
2036-01-18	tropics	9	0.83444	0.9244196	0.7539533	0.88745946	0.7881358	0.8623301	0.808266	2036-01-18	tropics	9	0.83444	0.9244196	0.7539533	0.88745946	0.7881358	0.8623301	0.808266	2036-01-18	tropics	9	-0.046578884	-0.020221462	-0.07237288	-0.030878168	-0.06112537	-0.038172245	-0.05470538	2036-01-18	tropics	9	-0.046578884	-0.020221462	-0.07237288	-0.030878168	-0.06112537	-0.038172245	-0.05470538	GARW	2036-04-01
2036-01-19	tropics	9	0.8341143	0.924063	0.75365996	0.8875976	0.7877673	0.8620416	0.80791676	2036-01-19	tropics	9	0.8341143	0.924063	0.75365996	0.8875976	0.7877673	0.8620416	0.80791676	2036-01-19	tropics	9	-0.04667425	-0.020326236	-0.072517775	-0.030894091	-0.061241243	-0.038252354	-0.05481553	2036-01-19	tropics	9	-0.04667425	-0.020326236	-0.072517775	-0.030894091	-0.061241243	-0.038252354	-0.05481553	GARW	2036-04-01
2036-01-20	tropics	9	0.8337798	0.923754	0.7533588	0.8874476	0.787144	0.8617382	0.8075767	2036-01-20	tropics	9	0.8337798	0.923754	0.7533588	0.8874476	0.787144	0.8617382	0.8075767	2036-01-20	tropics	9	-0.046773434	-0.02044533	-0.07261477	-0.030869009	-0.061360836	-0.0383358	-0.054926395	2036-01-20	tropics	9	-0.046773434	-0.02044533	-0.07261477	-0.030869009	-0.061360836	-0.0383358	-0.054926395	GARW	2036-04-01
2036-01-21	tropics	9	0.8332322	0.92344433	0.75304985	0.8872786	0.7863803	0.86142015	0.807374	2036-01-21	tropics	9	0.8332322	0.92344433	0.75304985	0.8872786	0.7863803	0.86142015	0.807374	2036-01-21	tropics	9	-0.046875954	-0.020529842	-0.07271457	-0.03088384	-0.061513327	-0.038425684	-0.055036783	2036-01-21	tropics	9	-0.046875954	-0.020529842	-0.07271457	-0.03088384	-0.061513327	-0.038425684	-0.055036783	GARW	2036-04-01
2036-01-22	tropics	9	0.8327062	0.9231451	0.7527335	0.88678753	0.78560835	0.8610337	0.8070378	2036-01-22	tropics	9	0.8327062	0.9231451	0.7527335	0.88678753	0.78560835	0.8610337	0.8070378	2036-01-22	tropics	9	-0.047018528	-0.020618891	-0.07281799	-0.030940201	-0.06176014	-0.038517952	-0.05512166	2036-01-22	tropics	9	-0.047018528	-0.020618891	-0.07281799	-0.030940201	-0.06176014	-0.038517952	-0.05512166	GARW	2036-04-01
2036-01-23	tropics	9	0.8322335	0.9227138	0.75241005	0.8861996	0.78512126	0.8607422	0.8068012	2036-01-23	tropics	9	0.8322335	0.9227138	0.75241005	0.8861996	0.78512126	0.8607422	0.8068012	2036-01-23	tropics	9	-0.047185898	-0.020701379	-0.07292278	-0.031012727	-0.06200819	-0.038624883	-0.05519986	2036-01-23	tropics	9	-0.047185898	-0.020701379	-0.07292278	-0.031012727	-0.06200819	-0.038624883	-0.05519986	GARW	2036-04-01
2036-01-24	tropics	9	0.83184934	0.9222741	0.75207955	0.88560027	0.78484195	0.8603114	0.80661786	2036-01-24	tropics	9	0.83184934	0.9222741	0.75207955	0.88560027	0.78484195	0.8603114	0.80661786	2036-01-24	tropics	9	-0.047334194	-0.020787513	-0.073031284	-0.031200843	-0.062227536	-0.038717747	-0.055299282	2036-01-24	tropics	9	-0.047334194	-0.020787513	-0.073031284	-0.031200843	-0.062227536	-0.038717747	-0.055299282	GARW	2036-04-01
2036-01-25	tropics	9	0.83139986	0.92181784	0.75174236	0.8849906	0.78455967	0.85984814	0.8063524	2036-01-25	tropics	9	0.83139986	0.92181784	0.75174236	0.8849906	0.78455967	0.85984814	0.8063524	2036-01-25	tropics	9	-0.047459126	-0.020930076	-0.073140144	-0.03137379	-0.062318515	-0.03883457	-0.055356503	2036-01-25	tropics	9	-0.047459126	-0.020930076	-0.073140144	-0.03137379	-0.062318515	-0.03883457	-0.055356503	GARW	2036-04-01
2036-01-26	tropics	9	0.8312613	0.9213457	0.75138986	0.8845159	0.7843024	0.85931957	0.80606854	2036-01-26	tropics	9	0.8312613	0.9213457	0.75138986	0.8845159	0.7843024	0.85931957	0.80606854	2036-01-26	tropics	9	-0.047602177	-0.021056535	-0.07325473	-0.031550463	-0.062409688	-0.03897071	-0.055428267	2036-01-26	tropics	9	-0.047602177	-0.021056535	-0.07325473	-0.031550463	-0.062409688	-0.03897071	-0.055428267	GARW	2036-04-01
2036-01-27	tropics	9	0.83093876	0.9208584	0.7510001	0.88419116	0.78381747	0.85877216	0.8056929	2036-01-27	tropics	9	0.83093876	0.9208584	0.7510001	0.88419116	0.78381747	0.85877216	0.8056929	2036-01-27	tropics	9	-0.047668457	-0.021187203	-0.07336867	-0.031720363	-0.06250038	-0.039120793	-0.055520058	2036-01-27	tropics	9	-0.047668457	-0.021187203	-0.07336867	-0.031720363	-0.06250038	-0.039120793	-0.055520058	GARW	2036-04-01
2036-01-28	tropics	9	0.8306271	0.92035645	0.7506041	0.8838462	0.7831684	0.8583597	0.8053205	2036-01-28	tropics	9	0.8306271	0.92035645	0.7506041	0.8838462	0.7831684	0.8583597	0.8053205	2036-01-28	tropics	9	-0.047750473	-0.021322329	-0.07349677	-0.031814158	-0.06260538	-0.039286613	-0.05562997	2036-01-28	tropics	9	-0.047750473	-0.021322329	-0.07349677	-0.031814158	-0.06260538	-0.039286613	-0.05562997	GARW	2036-04-01
2036-01-29	tropics	9	0.8303004	0.9198406	0.7502021	0.88346785	0.78251374	0.8577455	0.8048742	2036-01-29	tropics	9	0.8303004	0.9198406	0.7502021	0.88346785	0.78251374	0.8577455	0.8048742	2036-01-29	tropics	9	-0.047843933	-0.021461638	-0.07363033	-0.03190986	-0.06281576	-0.039408207	-0.055737495	2036-01-29	tropics	9	-0.047843933	-0.021461638	-0.07363033	-0.03190986	-0.06281576	-0.039408207	-0.055737495	GARW	2036-04-01
2036-01-30	tropics	9	0.83020467	0.91931903	0.7497746	0.8830821	0.7818542	0.8571277	0.80443007	2036-01-30	tropics	9	0.83020467	0.91931903	0.7497746	0.8830821	0.7818542	0.8571277	0.80443007	2036-01-30	tropics	9	-0.04797411	-0.021605317	-0.073765896	-0.032018863	-0.06302776	-0.039583802	-0.055877924	2036-01-30	tropics	9	-0.04797411	-0.021605317	-0.073765896	-0.032018863	-0.06302776	-0.039583802	-0.055877924	GARW	2036-04-01
2036-01-31	tropics	9	0.83004606	0.9187952	0.7491116	0.88268906	0.7815654	0.85651946	0.8040076	2036-01-31	tropics	9	0.83004606	0.9187952	0.7491116	0.88268906	0.7815654	0.85651946	0.8040076	2036-01-31	tropics	9	-0.04800272	-0.021752136	-0.07390337	-0.032130204	-0.0632411	-0.03976834	-0.056019545	2036-01-31	tropics	9	-0.04800272	-0.021752136	-0.07390337	-0.032130204	-0.0632411	-0.03976834	-0.056019545	GARW	2036-04-01
2036-02-01	tropics	9	0.8298253	0.91826046	0.748698	0.8822891	0.7813485	0.8560091	0.80390376	2036-02-01	tropics	9	0.8298253	0.91826046	0.748698	0.8822891	0.7813485	0.8560091	0.80390376	2036-02-01	tropics	9	-0.04804039	-0.021898225	-0.07410934	-0.032243785	-0.06339226	-0.039953947	-0.056159258	2036-02-01	tropics	9	-0.04804039	-0.021898225	-0.07410934	-0.032243785	-0.06339226	-0.039953947	-0.056159258	GARW	2036-04-01
2036-02-02	tropics	9	0.8293432	0.9177154	0.74828887	0.88188225	0.78078365	0.85540414	0.8034307	2036-02-02	tropics	9	0.8293432	0.9177154	0.74828887	0.88188225	0.78078365	0.85540414	0.8034307	2036-02-02	tropics	9	-0.048101425	-0.022047712	-0.07427502	-0.032360367	-0.06346293	-0.040122986	-0.05623889	2036-02-02	tropics	9	-0.048101425	-0.022047712	-0.07427502	-0.032360367	-0.06346293	-0.040122986	-0.05623889	GARW	2036-04-01
2036-02-03	tropics	9	0.82877004	0.9171607	0.7478847	0.8814687	0.78008896	0.85484844	0.8030029	2036-02-03	tropics	9	0.82877004	0.9171607	0.7478847	0.8814687	0.78008896	0.85484844	0.8030029	2036-02-03	tropics	9	-0.04821396	-0.022199586	-0.074413754	-0.032477956	-0.063586906	-0.040287733	-0.056322575	2036-02-03	tropics	9	-0.04821396	-0.022199586	-0.074413754	-0.032477956	-0.063586906	-0.040287733	-0.056322575	GARW	2036-04-01
2036-02-04	tropics	9	0.8281962	0.91659695	0.747486	0.88094014	0.7793944	0.85442275	0.80263877	2036-02-04	tropics	9	0.8281962	0.91659695	0.747486	0.88094014	0.7793944	0.85442275	0.80263877	2036-02-04	tropics	9	-0.048390865	-0.022354987	-0.07373812	-0.03259726	-0.06356029	-0.04047084	-0.056382656	2036-02-04	tropics	9	-0.048390865	-0.022354987	-0.07373812	-0.03259726	-0.06356029	-0.04047084	-0.056382656	GARW	2036-04-01
2036-02-05	tropics	9	0.8276223	0.91602486	0.74709326	0.8803184	0.7787136	0.8538713	0.80227745	2036-02-05	tropics	9	0.8276223	0.91602486	0.74709326	0.8803184	0.7787136	0.8538713	0.80227745	2036-02-05	tropics	9	-0.04852724	-0.022115987	-0.073864415	-0.03264648	-0.06362486	-0.040448427	-0.05650091	2036-02-05	tropics	9	-0.04852724	-0.022115987	-0.073864415	-0.03264648	-0.06362486	-0.040448427	-0.05650091	GARW	2036-04-01
2036-02-06	tropics	9	0.8270491	0.9154449	0.746707	0.8797116	0.7780519	0.8535349	0.8016796	2036-02-06	tropics	9	0.8270491	0.9154449	0.746707	0.8797116	0.7780519	0.8535349	0.8016796	2036-02-06	tropics	9	-0.048713207	-0.022227889	-0.07408714	-0.032760303	-0.063727185	-0.04053092	-0.056652546	2036-02-06	tropics	9	-0.048713207	-0.022227889	-0.07408714	-0.032760303	-0.063727185	-0.04053092	-0.056652546	GARW	2036-04-01
2036-02-07	tropics	9	0.82647717	0.9148579	0.7463277	0.8795389	0.77739245	0.85294	0.80105484	2036-02-07	tropics	9	0.82647717	0.9148579	0.7463277	0.8795389	0.77739245	0.85294	0.80105484	2036-02-07	tropics	9	-0.048900127	-0.022339065	-0.07430706	-0.032880656	-0.06388702	-0.0407362	-0.056821346	2036-02-07	tropics	9	-0.048900127	-0.022339065	-0.07430706	-0.032880656	-0.06388702	-0.0407362	-0.056821346	GARW	2036-04-01
2036-02-08	tropics	9	0.8258624	0.9142644	0.7459558	0.8793709	0.77673584	0.85242677	0.8006979	2036-02-08	tropics	9	0.8258624	0.9142644	0.7459558	0.8793709	0.77673584	0.85242677	0.8006979	2036-02-08	tropics	9	-0.04908371	-0.022450265	-0.07452738	-0.033009116	-0.06404772	-0.040964603	-0.057056427	2036-02-08	tropics	9	-0.04908371	-0.022450265	-0.07452738	-0.033009116	-0.06404772	-0.040964603	-0.057056427	GARW	2036-04-01
2036-02-09	tropics	9	0.8253181	0.9136649	0.7455918	0.8790078	0.7760827	0.8520379	0.8003075	2036-02-09	tropics	9	0.8253181	0.9136649	0.7455918	0.8790078	0.7760827	0.8520379	0.8003075	2036-02-09	tropics	9	-0.04926586	-0.022561438	-0.074742176	-0.033137575	-0.06420574	-0.041096926	-0.05717373	2036-02-09	tropics	9	-0.04926586	-0.022561438	-0.074742176	-0.033137575	-0.06420574	-0.041096926	-0.05717373	GARW	2036-04-01
2036-02-10	tropics	9	0.82502115	0.9130602	0.7452319	0.8787302	0.7757574	0.85171056	0.79973435	2036-02-10	tropics	9	0.82502115	0.9130602	0.7452319	0.8787302	0.7757574	0.85171056	0.79973435	2036-02-10	tropics	9	-0.0494442	-0.022671683	-0.07495787	-0.0332338	-0.06436453	-0.04126954	-0.057310104	2036-02-10	tropics	9	-0.0494442	-0.022671683	-0.07495787	-0.0332338	-0.06436453	-0.04126954	-0.057310104	GARW	2036-04-01
2036-02-11	tropics	9	0.8247325	0.9125546	0.74488586	0.87857664	0.77557296	0.85133374	0.7991654	2036-02-11	tropics	9	0.8247325	0.9125546	0.74488586	0.87857664	0.77557296	0.85133374	0.7991654	2036-02-11	tropics	9	-0.049547672	-0.022780726	-0.07516704	-0.03328615	-0.06451502	-0.041356683	-0.05748415	2036-02-11	tropics	9	-0.049547672	-0.022780726	-0.07516704	-0.03328615	-0.06451502	-0.041356683	-0.05748415	GARW	2036-04-01
2036-02-12	tropics	9	0.82453156	0.9121522	0.7446892	0.87841254	0.77540773	0.85086775	0.79860973	2036-02-12	tropics	9	0.82453156	0.9121522	0.7446892	0.87841254	0.77540773	0.85086775	0.79860973	2036-02-12	tropics	9	-0.049613953	-0.022889791	-0.07531772	-0.033337075	-0.06465378	-0.04147792	-0.05763483	2036-02-12	tropics	9	-0.049613953	-0.022889791	-0.07531772	-0.033337075	-0.06465378	-0.04147792	-0.05763483	GARW	2036-04-01
2036-02-13	tropics	9	0.8243352	0.91175354	0.7444993	0.8781874	0.7752434	0.8504825	0.7981615	2036-02-13	tropics	9	0.8243352	0.91175354	0.7444993	0.8781874	0.7752434	0.8504825	0.7981615	2036-02-13	tropics	9	-0.049693108	-0.022997651	-0.07545366	-0.033384945	-0.064791486	-0.04160261	-0.057815313	2036-02-13	tropics	9	-0.049693108	-0.022997651	-0.07545366	-0.033384945	-0.064791486	-0.04160261	-0.057815313	GARW	2036-04-01
2036-02-14	tropics	9	0.82414365	0.91135937	0.74412316	0.87768966	0.7750801	0.85011774	0.7977997	2036-02-14	tropics	9	0.82414365	0.91135937	0.74412316	0.87768966	0.7750801	0.85011774	0.7977997	2036-02-14	tropics	9	-0.049772263	-0.02310456	-0.075582884	-0.033505775	-0.064926624	-0.041690826	-0.057994127	2036-02-14	tropics	9	-0.049772263	-0.02310456	-0.075582884	-0.033505775	-0.064926624	-0.041690826	-0.057994127	GARW	2036-04-01
2036-02-15	tropics	9	0.82390404	0.91096395	0.7437161	0.8771307	0.77491784	0.8497549	0.79765725	2036-02-15	tropics	9	0.82390404	0.91096395	0.7437161	0.8771307	0.77491784	0.8497549	0.79765725	2036-02-15	tropics	9	-0.04985237	-0.023209559	-0.0757103	-0.03362022	-0.065060236	-0.04178047	-0.058047295	2036-02-15	tropics	9	-0.04985237	-0.023209559	-0.0757103	-0.03362022	-0.065060236	-0.04178047	-0.058047295	GARW	2036-04-01
2036-02-16	tropics	9	0.82352823	0.91081506	0.7433055	0.87664855	0.77475685	0.84939444	0.7974971	2036-02-16	tropics	9	0.82352823	0.91081506	0.7433055	0.87664855	0.77475685	0.84939444	0.7974971	2036-02-16	tropics	9	-0.049925804	-0.023314107	-0.07583556	-0.0336762	-0.065191746	-0.04187131	-0.058135033	2036-02-16	tropics	9	-0.049925804	-0.023314107	-0.07583556	-0.0336762	-0.065191746	-0.04187131	-0.058135033	GARW	2036-04-01
2036-02-17	tropics	9	0.82310486	0.91074604	0.74287915	0.8762856	0.7745951	0.8490362	0.79726493	2036-02-17	tropics	9	0.82310486	0.91074604	0.74287915	0.8762856	0.7745951	0.8490362	0.79726493	2036-02-17	tropics	9	-0.050013542	-0.023415815	-0.07598288	-0.03373614	-0.065388486	-0.041986942	-0.058236837	2036-02-17	tropics	9	-0.050013542	-0.023415815	-0.07598288	-0.03373614	-0.065388486	-0.041986942	-0.058236837	GARW	2036-04-01
2036-02-18	tropics	9	0.82267505	0.9106834	0.742312	0.8758898	0.77432185	0.84864646	0.79679364	2036-02-18	tropics	9	0.82267505	0.9106834	0.742312	0.8758898	0.77432185	0.84864646	0.79679364	2036-02-18	tropics	9	-0.050094604	-0.023515604	-0.07612777	-0.033812813	-0.06561031	-0.04210925	-0.058271408	2036-02-18	tropics	9	-0.050094604	-0.023515604	-0.07612777	-0.033812813	-0.06561031	-0.04210925	-0.058271408	GARW	2036-04-01
2036-02-19	tropics	9	0.82201815	0.91062766	0.74176514	0.8757472	0.7741137	0.84841096	0.7962532	2036-02-19	tropics	9	0.82201815	0.91062766	0.74176514	0.8757472	0.7741137	0.84841096	0.7962532	2036-02-19	tropics	9	-0.05017662	-0.02361419	-0.07627604	-0.033895303	-0.06572781	-0.04232943	-0.058363914	2036-02-19	tropics	9	-0.05017662	-0.02361419	-0.07627604	-0.033895303	-0.06572781	-0.04232943	-0.058363914	GARW	2036-04-01
2036-02-20	tropics	9	0.82131934	0.9105793	0.7412395	0.8756965	0.7739003	0.848108	0.79590476	2036-02-20	tropics	9	0.82131934	0.9105793	0.7412395	0.8756965	0.7739003	0.848108	0.79590476	2036-02-20	tropics	9	-0.05031395	-0.023710141	-0.07642283	-0.03404732	-0.065778926	-0.04241109	-0.058469772	2036-02-20	tropics	9	-0.05031395	-0.023710141	-0.07642283	-0.03404732	-0.065778926	-0.04241109	-0.058469772	GARW	2036-04-01
2036-02-21	tropics	9	0.82061696	0.910539	0.74073607	0.8754487	0.7735253	0.8477681	0.79554653	2036-02-21	tropics	9	0.82061696	0.910539	0.74073607	0.8754487	0.7735253	0.8477681	0.79554653	2036-02-21	tropics	9	-0.050532818	-0.023804685	-0.07656672	-0.034218986	-0.06583233	-0.042493343	-0.05862403	2036-02-21	tropics	9	-0.050532818	-0.023804685	-0.07656672	-0.034218986	-0.06583233	-0.042493343	-0.05862403	GARW	2036-04-01
2036-02-22	tropics	9	0.81992763	0.91050714	0.74025375	0.8754244	0.77296144	0.847348	0.79512817	2036-02-22	tropics	9	0.81992763	0.91050714	0.74025375	0.8754244	0.77296144	0.847348	0.79512817	2036-02-22	tropics	9	-0.05075741	-0.023897048	-0.07674203	-0.034314115	-0.06591959	-0.042606115	-0.058768034	2036-02-22	tropics	9	-0.05075741	-0.023897048	-0.07674203	-0.034314115	-0.06591959	-0.042606115	-0.058768034	GARW	2036-04-01
2036-02-23	tropics	9	0.8196008	0.9104836	0.7397872	0.87537974	0.7723929	0.84693366	0.79473543	2036-02-23	tropics	9	0.8196008	0.9104836	0.7397872	0.87537974	0.7723929	0.84693366	0.79473543	2036-02-23	tropics	9	-0.05098152	-0.023987278	-0.07694895	-0.034308866	-0.066060826	-0.042696714	-0.058900595	2036-02-23	tropics	9	-0.05098152	-0.023987278	-0.07694895	-0.034308866	-0.066060826	-0.042696714	-0.058900595	GARW	2036-04-01
2036-02-24	tropics	9	0.8193203	0.9104677	0.7393416	0.8753086	0.7719684	0.84654	0.794367	2036-02-24	tropics	9	0.8193203	0.9104677	0.7393416	0.8753086	0.7719684	0.84654	0.794367	2036-02-24	tropics	9	-0.051165104	-0.024074646	-0.07712412	-0.034302186	-0.066207126	-0.0428195	-0.059045553	2036-02-24	tropics	9	-0.051165104	-0.024074646	-0.07712412	-0.034302186	-0.066207126	-0.0428195	-0.059045553	GARW	2036-04-01
2036-02-25	tropics	9	0.8188677	0.91049176	0.7389159	0.87504137	0.7718594	0.84614277	0.79403186	2036-02-25	tropics	9	0.8188677	0.91049176	0.7389159	0.87504137	0.7718594	0.84614277	0.79403186	2036-02-25	tropics	9	-0.05128622	-0.024160333	-0.077282235	-0.034383062	-0.06635189	-0.042905092	-0.059185505	2036-02-25	tropics	9	-0.05128622	-0.024160333	-0.077282235	-0.034383062	-0.06635189	-0.042905092	-0.059185505	GARW	2036-04-01
2036-02-26	tropics	9	0.81857646	0.9102919	0.73850894	0.87467307	0.77131146	0.8457427	0.7937082	2036-02-26	tropics	9	0.81857646	0.9102919	0.73850894	0.87467307	0.77131146	0.8457427	0.7937082	2036-02-26	tropics	9	-0.05142355	-0.024183866	-0.07743263	-0.03445468	-0.06650658	-0.04299736	-0.05932021	2036-02-26	tropics	9	-0.05142355	-0.024183866	-0.07743263	-0.03445468	-0.06650658	-0.04299736	-0.05932021	GARW	2036-04-01
2036-02-27	tropics	9	0.8181436	0.910011	0.7380276	0.87421757	0.7707781	0.84534055	0.793455	2036-02-27	tropics	9	0.8181436	0.910011	0.7380276	0.87421757	0.7707781	0.84534055	0.793455	2036-02-27	tropics	9	-0.05156517	-0.024171256	-0.07757349	-0.034567785	-0.06660728	-0.043091297	-0.05942917	2036-02-27	tropics	9	-0.05156517	-0.024171256	-0.07757349	-0.034567785	-0.06660728	-0.043091297	-0.05942917	GARW	2036-04-01
2036-02-28	tropics	9	0.81745344	0.90973496	0.7375201	0.87372607	0.77029353	0.8450952	0.79310286	2036-02-28	tropics	9	0.81745344	0.90973496	0.7375201	0.87372607	0.77029353	0.8450952	0.79310286	2036-02-28	tropics	9	-0.051674366	-0.024152476	-0.077707954	-0.034694627	-0.066742994	-0.043184042	-0.05952573	2036-02-28	tropics	9	-0.051674366	-0.024152476	-0.077707954	-0.034694627	-0.066742994	-0.043184042	-0.05952573	GARW	2036-04-01
2036-02-29	tropics	9	0.8169116	0.9094633	0.73702383	0.8729081	0.76982623	0.84490705	0.79267275	2036-02-29	tropics	9	0.8169116	0.9094633	0.73702383	0.8729081	0.76982623	0.84490705	0.79267275	2036-02-29	tropics	9	-0.051825047	-0.024219817	-0.07783632	-0.034813214	-0.06687479	-0.04327321	-0.059604883	2036-02-29	tropics	9	-0.051825047	-0.024219817	-0.07783632	-0.034813214	-0.06687479	-0.04327321	-0.059604883	GARW	2036-04-01
2036-03-01	tropics	9	0.81683207	0.90919524	0.7365376	0.8724694	0.7693691	0.84472543	0.79236764	2036-03-01	tropics	9	0.81683207	0.90919524	0.7365376	0.8724694	0.7693691	0.84472543	0.79236764	2036-03-01	tropics	9	-0.05206871	-0.02430671	-0.077957965	-0.034997415	-0.06700268	-0.04336071	-0.059750795	2036-03-01	tropics	9	-0.05206871	-0.02430671	-0.077957965	-0.034997415	-0.06700268	-0.04336071	-0.059750795	GARW	2036-04-01
2036-03-02	tropics	9	0.8164488	0.9090975	0.7360602	0.8721809	0.7689206	0.84454834	0.792091	2036-03-02	tropics	9	0.8164488	0.9090975	0.7360602	0.8721809	0.7689206	0.84454834	0.792091	2036-03-02	tropics	9	-0.052114487	-0.024391575	-0.07807217	-0.035140757	-0.06712866	-0.043447018	-0.05985689	2036-03-02	tropics	9	-0.052114487	-0.024391575	-0.07807217	-0.035140757	-0.06712866	-0.043447018	-0.05985689	GARW	2036-04-01
2036-03-03	tropics	9	0.81602967	0.9092382	0.7355907	0.8717463	0.7686296	0.84436584	0.79161215	2036-03-03	tropics	9	0.81602967	0.9092382	0.7355907	0.8717463	0.7686296	0.84436584	0.79161215	2036-03-03	tropics	9	-0.052218914	-0.024474666	-0.078177735	-0.035287097	-0.06725073	-0.043533564	-0.059954166	2036-03-03	tropics	9	-0.052218914	-0.024474666	-0.078177735	-0.035287097	-0.06725073	-0.043533564	-0.059954166	GARW	2036-04-01
2036-03-04	tropics	9	0.81525713	0.90919715	0.7351279	0.871347	0.7682952	0.8439275	0.79113966	2036-03-04	tropics	9	0.81525713	0.90919715	0.7351279	0.871347	0.7682952	0.8439275	0.79113966	2036-03-04	tropics	9	-0.05231285	-0.02455618	-0.078276776	-0.03541155	-0.06736641	-0.043634176	-0.06005287	2036-03-04	tropics	9	-0.05231285	-0.02455618	-0.078276776	-0.03541155	-0.06736641	-0.043634176	-0.06005287	GARW	2036-04-01
2036-03-05	tropics	9	0.81472814	0.9089207	0.7346708	0.8709468	0.7675179	0.8436488	0.7906628	2036-03-05	tropics	9	0.81472814	0.9089207	0.7346708	0.8709468	0.7675179	0.8436488	0.7906628	2036-03-05	tropics	9	-0.052452564	-0.024563503	-0.07842989	-0.035504628	-0.06764603	-0.043717384	-0.06021309	2036-03-05	tropics	9	-0.052452564	-0.024563503	-0.07842989	-0.035504628	-0.06764603	-0.043717384	-0.06021309	GARW	2036-04-01
2036-03-06	tropics	9	0.8145782	0.90864784	0.7342183	0.8707212	0.7670078	0.8435107	0.79028183	2036-03-06	tropics	9	0.8145782	0.90864784	0.7342183	0.8707212	0.7670078	0.8435107	0.79028183	2036-03-06	tropics	9	-0.05257368	-0.024510555	-0.07858553	-0.035634898	-0.0677803	-0.043784857	-0.060343742	2036-03-06	tropics	9	-0.05257368	-0.024510555	-0.07858553	-0.035634898	-0.0677803	-0.043784857	-0.060343742	GARW	2036-04-01
2036-03-07	tropics	9	0.8144378	0.908071	0.7337692	0.8705462	0.76657796	0.8433292	0.79022443	2036-03-07	tropics	9	0.8144378	0.908071	0.7337692	0.8705462	0.76657796	0.8433292	0.79022443	2036-03-07	tropics	9	-0.05261755	-0.024661632	-0.07873535	-0.035687923	-0.06784763	-0.043854	-0.06051588	2036-03-07	tropics	9	-0.05261755	-0.024661632	-0.07873535	-0.035687923	-0.06784763	-0.043854	-0.06051588	GARW	2036-04-01
2036-03-08	tropics	9	0.8142443	0.9074182	0.7333225	0.8703941	0.76631707	0.84286106	0.79009914	2036-03-08	tropics	9	0.8142443	0.9074182	0.7333225	0.8703941	0.76631707	0.84286106	0.79009914	2036-03-08	tropics	9	-0.05267191	-0.024854897	-0.07888417	-0.035803225	-0.067914486	-0.043941975	-0.060550213	2036-03-08	tropics	9	-0.05267191	-0.024854897	-0.07888417	-0.035803225	-0.067914486	-0.043941975	-0.060550213	GARW	2036-04-01
2036-03-09	tropics	9	0.8138895	0.907111	0.7328771	0.87012243	0.7663327	0.8426792	0.78967553	2036-03-09	tropics	9	0.8138895	0.907111	0.7328771	0.87012243	0.7663327	0.8426792	0.78967553	2036-03-09	tropics	9	-0.05274439	-0.024945602	-0.07902908	-0.03585701	-0.06804828	-0.044014692	-0.060568333	2036-03-09	tropics	9	-0.05274439	-0.024945602	-0.07902908	-0.03585701	-0.06804828	-0.044014692	-0.060568333	GARW	2036-04-01
2036-03-10	tropics	9	0.81355166	0.9068487	0.7324319	0.8697911	0.7660378	0.84217334	0.7888967	2036-03-10	tropics	9	0.81355166	0.9068487	0.7324319	0.8697911	0.7660378	0.84217334	0.7888967	2036-03-10	tropics	9	-0.052859783	-0.025021395	-0.079170085	-0.0359201	-0.06818686	-0.04415226	-0.06062579	2036-03-10	tropics	9	-0.052859783	-0.025021395	-0.079170085	-0.0359201	-0.06818686	-0.04415226	-0.06062579	GARW	2036-04-01
2036-03-11	tropics	9	0.81316113	0.9065841	0.73198587	0.86877406	0.7654144	0.8416955	0.78832304	2036-03-11	tropics	9	0.81316113	0.9065841	0.73198587	0.86877406	0.7654144	0.8416955	0.78832304	2036-03-11	tropics	9	-0.052992344	-0.025096519	-0.07930918	-0.035988618	-0.06838455	-0.044210672	-0.060816288	2036-03-11	tropics	9	-0.052992344	-0.025096519	-0.07930918	-0.035988618	-0.06838455	-0.044210672	-0.060816288	GARW	2036-04-01
2036-03-12	tropics	9	0.8126838	0.9063164	0.73153794	0.8684773	0.764761	0.8416476	0.7879738	2036-03-12	tropics	9	0.8126838	0.9063164	0.73153794	0.8684773	0.764761	0.8416476	0.7879738	2036-03-12	tropics	9	-0.053129673	-0.02517193	-0.079446174	-0.036227517	-0.06853314	-0.044292927	-0.06102991	2036-03-12	tropics	9	-0.053129673	-0.02517193	-0.079446174	-0.036227517	-0.06853314	-0.044292927	-0.06102991	GARW	2036-04-01
2036-03-13	tropics	9	0.81233525	0.90604514	0.731087	0.8682951	0.7647035	0.8410913	0.7876091	2036-03-13	tropics	9	0.81233525	0.90604514	0.731087	0.8682951	0.7647035	0.8410913	0.7876091	2036-03-13	tropics	9	-0.053295612	-0.0252469	-0.07958045	-0.036322117	-0.06878166	-0.044446945	-0.061218023	2036-03-13	tropics	9	-0.053295612	-0.0252469	-0.07958045	-0.036322117	-0.06878166	-0.044446945	-0.061218023	GARW	2036-04-01
2036-03-14	tropics	9	0.81208795	0.90576965	0.73063207	0.86782134	0.7643894	0.84053206	0.78718966	2036-03-14	tropics	9	0.81208795	0.90576965	0.73063207	0.86782134	0.7643894	0.84053206	0.78718966	2036-03-14	tropics	9	-0.053461075	-0.025343865	-0.07971162	-0.03641734	-0.06882763	-0.04449582	-0.06138563	2036-03-14	tropics	9	-0.053461075	-0.025343865	-0.07971162	-0.03641734	-0.06882763	-0.04449582	-0.06138563	GARW	2036-04-01
2036-03-15	tropics	9	0.81199896	0.90550196	0.7301719	0.86715645	0.7639744	0.84025234	0.78697544	2036-03-15	tropics	9	0.81199896	0.90550196	0.7301719	0.86715645	0.7639744	0.84025234	0.78697544	2036-03-15	tropics	9	-0.053589344	-0.025478644	-0.079842806	-0.03654356	-0.068924524	-0.044612408	-0.061382294	2036-03-15	tropics	9	-0.053589344	-0.025478644	-0.079842806	-0.03654356	-0.068924524	-0.044612408	-0.061382294	GARW	2036-04-01
2036-03-16	tropics	9	0.811801	0.9052139	0.7296378	0.86689305	0.76360387	0.8399701	0.78676534	2036-03-16	tropics	9	0.811801	0.9052139	0.7296378	0.86689305	0.76360387	0.8399701	0.78676534	2036-03-16	tropics	9	-0.053593636	-0.025595518	-0.07997026	-0.03672085	-0.06889687	-0.044736147	-0.061502934	2036-03-16	tropics	9	-0.053593636	-0.025595518	-0.07997026	-0.03672085	-0.06889687	-0.044736147	-0.061502934	GARW	2036-04-01
2036-03-17	tropics	9	0.811469	0.90474427	0.7290826	0.86685866	0.7634933	0.8396783	0.7861823	2036-03-17	tropics	9	0.811469	0.90474427	0.7290826	0.86685866	0.7634933	0.8396783	0.7861823	2036-03-17	tropics	9	-0.053655624	-0.02569077	-0.08009787	-0.03688918	-0.0689867	-0.044861317	-0.06166601	2036-03-17	tropics	9	-0.053655624	-0.02569077	-0.08009787	-0.03688918	-0.0689867	-0.044861317	-0.06166601	GARW	2036-04-01
2036-03-18	tropics	9	0.81107163	0.90427697	0.72851753	0.86657333	0.7637888	0.83939147	0.7857917	2036-03-18	tropics	9	0.81107163	0.90427697	0.72851753	0.86657333	0.7637888	0.83939147	0.7857917	2036-03-18	tropics	9	-0.053777218	-0.02577729	-0.080224276	-0.03692713	-0.0690794	-0.044991016	-0.06172228	2036-03-18	tropics	9	-0.053777218	-0.02577729	-0.080224276	-0.03692713	-0.0690794	-0.044991016	-0.06172228	GARW	2036-04-01
2036-03-19	tropics	9	0.811311	0.90381247	0.7279418	0.8663068	0.7640901	0.83918655	0.7857285	2036-03-19	tropics	9	0.811311	0.90381247	0.7279418	0.8663068	0.7640901	0.83918655	0.7857285	2036-03-19	tropics	9	-0.053843975	-0.025856955	-0.08035068	-0.036954544	-0.06914578	-0.045104504	-0.061787367	2036-03-19	tropics	9	-0.053843975	-0.025856955	-0.08035068	-0.036954544	-0.06914578	-0.045104504	-0.061787367	GARW	2036-04-01
2036-03-20	tropics	9	0.81101525	0.9033513	0.72735465	0.8660671	0.76400375	0.8390385	0.78550804	2036-03-20	tropics	9	0.81101525	0.9033513	0.72735465	0.8660671	0.76400375	0.8390385	0.78550804	2036-03-20	tropics	9	-0.053883076	-0.025930995	-0.080475286	-0.037027072	-0.06918526	-0.045180798	-0.061911583	2036-03-20	tropics	9	-0.053883076	-0.025930995	-0.080475286	-0.037027072	-0.06918526	-0.045180798	-0.061911583	GARW	2036-04-01
2036-03-21	tropics	9	0.81071734	0.9030953	0.7267553	0.8657784	0.76369154	0.838818	0.7850524	2036-03-21	tropics	9	0.81071734	0.9030953	0.7267553	0.8657784	0.76369154	0.838818	0.7850524	2036-03-21	tropics	9	-0.05384493	-0.026013825	-0.08059988	-0.037000276	-0.06909485	-0.04524398	-0.062030077	2036-03-21	tropics	9	-0.05384493	-0.026013825	-0.08059988	-0.037000276	-0.06909485	-0.04524398	-0.062030077	GARW	2036-04-01
2036-03-22	tropics	9	0.810565	0.90314645	0.7265062	0.86593175	0.76377815	0.83851546	0.7849382	2036-03-22	tropics	9	0.810565	0.90314645	0.7265062	0.86593175	0.76377815	0.83851546	0.7849382	2036-03-22	tropics	9	-0.05398798	-0.026157968	-0.08072157	-0.03697424	-0.06915207	-0.045241356	-0.062044382	2036-03-22	tropics	9	-0.05398798	-0.026157968	-0.08072157	-0.03697424	-0.06915207	-0.045241356	-0.062044382	GARW	2036-04-01
2036-03-23	tropics	9	0.8106061	0.90291494	0.7264433	0.8662487	0.7635667	0.8381534	0.78500247	2036-03-23	tropics	9	0.8106061	0.90291494	0.7264433	0.8662487	0.7635667	0.8381534	0.78500247	2036-03-23	tropics	9	-0.05407715	-0.02628742	-0.08084426	-0.037034895	-0.06923294	-0.04536128	-0.062037945	2036-03-23	tropics	9	-0.05407715	-0.02628742	-0.08084426	-0.037034895	-0.06923294	-0.04536128	-0.062037945	GARW	2036-04-01
2036-03-24	tropics	9	0.8108269	0.9025399	0.72640085	0.8665263	0.76339036	0.837903	0.7853247	2036-03-24	tropics	9	0.8108269	0.9025399	0.72640085	0.8665263	0.76339036	0.837903	0.7853247	2036-03-24	tropics	9	-0.054119587	-0.026301399	-0.08096514	-0.037057307	-0.06921978	-0.045508623	-0.062042713	2036-03-24	tropics	9	-0.054119587	-0.026301399	-0.08096514	-0.037057307	-0.06921978	-0.045508623	-0.062042713	GARW	2036-04-01
2036-03-25	tropics	9	0.8108491	0.90220845	0.72637933	0.8664668	0.76310205	0.8377136	0.785256	2036-03-25	tropics	9	0.8108491	0.90220845	0.72637933	0.8664668	0.76310205	0.8377136	0.785256	2036-03-25	tropics	9	-0.05397606	-0.026294174	-0.08108692	-0.03698006	-0.069255635	-0.04557967	-0.062077045	2036-03-25	tropics	9	-0.05397606	-0.026294174	-0.08108692	-0.03698006	-0.069255635	-0.04557967	-0.062077045	GARW	2036-04-01
2036-03-26	tropics	9	0.8106514	0.9019323	0.7263794	0.86628044	0.76300406	0.83734775	0.78535426	2036-03-26	tropics	9	0.8106514	0.9019323	0.7263794	0.86628044	0.76300406	0.83734775	0.78535426	2036-03-26	tropics	9	-0.053812027	-0.026275828	-0.0812067	-0.03697205	-0.06943245	-0.04561591	-0.06206417	2036-03-26	tropics	9	-0.053812027	-0.026275828	-0.0812067	-0.03697205	-0.06943245	-0.04561591	-0.06206417	GARW	2036-04-01
2036-03-27	tropics	9	0.8109325	0.9017048	0.7264016	0.8661005	0.7627449	0.837003	0.78577256	2036-03-27	tropics	9	0.8109325	0.9017048	0.7264016	0.8661005	0.7627449	0.837003	0.78577256	2036-03-27	tropics	9	-0.053861618	-0.026269082	-0.08132758	-0.036946967	-0.06947269	-0.045702696	-0.062004566	2036-03-27	tropics	9	-0.053861618	-0.026269082	-0.08132758	-0.036946967	-0.06947269	-0.045702696	-0.062004566	GARW	2036-04-01
2036-03-28	tropics	9	0.8110609	0.90152735	0.7264373	0.8659314	0.7630181	0.8370255	0.7855094	2036-03-28	tropics	9	0.8110609	0.90152735	0.7264373	0.8659314	0.7630181	0.8370255	0.7855094	2036-03-28	tropics	9	-0.05401039	-0.026287463	-0.08144646	-0.036982447	-0.069513895	-0.045875072	-0.062030792	2036-03-28	tropics	9	-0.05401039	-0.026287463	-0.08144646	-0.036982447	-0.069513895	-0.045875072	-0.062030792	GARW	2036-04-01
2036-03-29	tropics	9	0.81105614	0.90140224	0.72645783	0.8657735	0.763069	0.83699846	0.78530836	2036-03-29	tropics	9	0.81105614	0.90140224	0.72645783	0.8657735	0.763069	0.83699846	0.78530836	2036-03-29	tropics	9	-0.05391884	-0.02629775	-0.08156824	-0.03701983	-0.06951523	-0.045902967	-0.061968803	2036-03-29	tropics	9	-0.05391884	-0.02629775	-0.08156824	-0.03701983	-0.06951523	-0.045902967	-0.061968803	GARW	2036-04-01
2036-03-30	tropics	9	0.81095105	0.901438	0.7265002	0.86562675	0.7631067	0.83761257	0.78567016	2036-03-30	tropics	9	0.81095105	0.901438	0.7265002	0.86562675	0.7631067	0.83761257	0.78567016	2036-03-30	tropics	9	-0.053905964	-0.026299441	-0.081551835	-0.037051875	-0.0694891	-0.04585862	-0.06204796	2036-03-30	tropics	9	-0.053905964	-0.026299441	-0.081551835	-0.037051875	-0.0694891	-0.04585862	-0.06204796	GARW	2036-04-01
2036-03-31	tropics	9	0.8106985	0.90177506	0.7264011	0.86612105	0.7627143	0.83760446	0.7854883	2036-03-31	tropics	9	0.8106985	0.90177506	0.7264011	0.86612105	0.7627143	0.83760446	0.7854883	2036-03-31	tropics	9	-0.05396223	-0.026291609	-0.08149428	-0.03708278	-0.06949119	-0.04573226	-0.062077522	2036-03-31	tropics	9	-0.05396223	-0.026291609	-0.08149428	-0.03708278	-0.06949119	-0.04573226	-0.062077522	GARW	2036-04-01
2036-04-01	tropics	9	0.8103825	0.9016655	0.7260484	0.8660956	0.76276344	0.83719975	0.7850643	2036-04-01	tropics	9	0.8103825	0.9016655	0.7260484	0.8660956	0.76276344	0.83719975	0.7850643	2036-04-01	tropics	9	-0.054028988	-0.026628524	-0.081426814	-0.03711997	-0.06946735	-0.045748472	-0.062067986	2036-04-01	tropics	9	-0.054028988	-0.026628524	-0.081426814	-0.03711997	-0.06946735	-0.045748472	-0.062067986	GARW	2036-04-01
2035-04-03	tropics	22	0.99406767	0.9972762	0.99086225	0.99619895	0.99193037	0.9951893	0.9929549	2035-04-03	tropics	22	0.99406767	0.9972762	0.99086225	0.99619895	0.99193037	0.9951893	0.9929549	2035-04-03	tropics	22	nan	nan	nan	nan	nan	nan	nan	2035-04-03	tropics	22	nan	nan	nan	nan	nan	nan	nan	GARW	2036-04-01
2035-04-04	tropics	22	0.9941714	0.9973708	0.9910729	0.99642086	0.9921398	0.9953487	0.99307936	2035-04-04	tropics	22	0.9941714	0.9973708	0.9910729	0.99642086	0.9921398	0.9953487	0.99307936	2035-04-04	tropics	22	0.11092043	0.110975064	0.11086629	0.110957146	0.11088419	0.11093962	0.11090183	2035-04-04	tropics	22	0.11092043	0.110975064	0.11086629	0.110957146	0.11088419	0.11093962	0.11090183	GARW	2036-04-01
2035-04-05	tropics	22	0.99431753	0.99748373	0.99127316	0.9965057	0.9923478	0.99541515	0.99322736	2035-04-05	tropics	22	0.99431753	0.99748373	0.99127316	0.9965057	0.9923478	0.99541515	0.99322736	2035-04-05	tropics	22	0.098536015	0.099307716	0.09776515	0.0990478	0.09802413	0.09880364	0.0982672	2035-04-05	tropics	22	0.098536015	0.099307716	0.09776515	0.0990478	0.09802413	0.09880364	0.0982672	GARW	2036-04-01
2035-04-06	tropics	22	0.9944123	0.9976179	0.99137414	0.9965833	0.99249506	0.99565107	0.99335414	2035-04-06	tropics	22	0.9944123	0.9976179	0.99137414	0.9965833	0.99249506	0.99565107	0.99335414	2035-04-06	tropics	22	0.08775449	0.08865289	0.086878	0.08838329	0.08717899	0.08808446	0.0874449	2035-04-06	tropics	22	0.08775449	0.08865289	0.086878	0.08838329	0.08717899	0.08808446	0.0874449	GARW	2036-04-01
2035-04-07	tropics	22	0.9945283	0.99785775	0.991517	0.9967998	0.9926347	0.9958148	0.9934166	2035-04-07	tropics	22	0.9945283	0.99785775	0.991517	0.9967998	0.9926347	0.9958148	0.9934166	2035-04-07	tropics	22	0.08123922	0.081735425	0.08078357	0.081581734	0.080949925	0.081430435	0.081071615	2035-04-07	tropics	22	0.08123922	0.081735425	0.08078357	0.081581734	0.080949925	0.081430435	0.081071615	GARW	2036-04-01
2035-04-08	tropics	22	0.9946683	0.99800366	0.99158275	0.9969914	0.9926476	0.9959742	0.99352396	2035-04-08	tropics	22	0.9946683	0.99800366	0.99158275	0.9969914	0.9926476	0.9959742	0.99352396	2035-04-08	tropics	22	0.07559562	0.07606961	0.07516783	0.075926445	0.07531877	0.07578349	0.07543898	2035-04-08	tropics	22	0.07559562	0.07606961	0.07516783	0.075926445	0.07531877	0.07578349	0.07543898	GARW	2036-04-01
2035-04-09	tropics	22	0.9947543	0.9982235	0.9916401	0.9971433	0.99273044	0.9960854	0.9935974	2035-04-09	tropics	22	0.9947543	0.9982235	0.9916401	0.9971433	0.99273044	0.9960854	0.9935974	2035-04-09	tropics	22	0.064421654	0.06501709	0.06387359	0.06483559	0.0640614	0.06465876	0.064217806	2035-04-09	tropics	22	0.064421654	0.06501709	0.06387359	0.06483559	0.0640614	0.06465876	0.064217806	GARW	2036-04-01
2035-04-10	tropics	22	0.9948596	0.9984336	0.99173135	0.997286	0.9927836	0.996216	0.9936857	2035-04-10	tropics	22	0.9948596	0.9984336	0.99173135	0.997286	0.9927836	0.996216	0.9936857	2035-04-10	tropics	22	-0.019734621	-0.018819595	-0.02058257	-0.019097663	-0.0202919	-0.019375563	-0.020051003	2035-04-10	tropics	22	-0.019734621	-0.018819595	-0.02058257	-0.019097663	-0.0202919	-0.019375563	-0.020051003	GARW	2036-04-01
2035-04-11	tropics	22	0.9949633	0.99859464	0.9918186	0.9975136	0.9927991	0.99636847	0.9937408	2035-04-11	tropics	22	0.9949633	0.99859464	0.9918186	0.9975136	0.9927991	0.99636847	0.9937408	2035-04-11	tropics	22	-0.042365074	-0.041242275	-0.043373525	-0.041593216	-0.0430213	-0.04193175	-0.04273784	2035-04-11	tropics	22	-0.042365074	-0.041242275	-0.043373525	-0.041593216	-0.0430213	-0.04193175	-0.04273784	GARW	2036-04-01
2035-04-12	tropics	22	0.9950917	0.9987433	0.9918935	0.99768734	0.9928397	0.99649656	0.9938246	2035-04-12	tropics	22	0.9950917	0.9987433	0.9918935	0.99768734	0.9928397	0.99649656	0.9938246	2035-04-12	tropics	22	0.011477232	0.012403083	0.010671223	0.012131309	0.01092205	0.011833787	0.011168361	2035-04-12	tropics	22	0.011477232	0.012403083	0.010671223	0.012131309	0.01092205	0.011833787	0.011168361	GARW	2036-04-01
2035-04-13	tropics	22	0.99524164	0.99893445	0.9919338	0.9977662	0.9929211	0.99661875	0.99390614	2035-04-13	tropics	22	0.99524164	0.99893445	0.9919338	0.9977662	0.9929211	0.99661875	0.99390614	2035-04-13	tropics	22	0.013919115	0.014775264	0.013160909	0.014524365	0.013381958	0.014250517	0.01361835	2035-04-13	tropics	22	0.013919115	0.014775264	0.013160909	0.014524365	0.013381958	0.014250517	0.01361835	GARW	2036-04-01
2035-04-14	tropics	22	0.9953241	0.9991381	0.9919203	0.99789757	0.99299836	0.9967118	0.9940106	2035-04-14	tropics	22	0.9953241	0.9991381	0.9919203	0.99789757	0.99299836	0.9967118	0.9940106	2035-04-14	tropics	22	-0.0062937737	-0.005338907	-0.007140958	-0.0056256773	-0.006898594	-0.0059320927	-0.006632328	2035-04-14	tropics	22	-0.0062937737	-0.005338907	-0.007140958	-0.0056256773	-0.006898594	-0.0059320927	-0.006632328	GARW	2036-04-01
2035-04-15	tropics	22	0.99542725	0.9993424	0.99199873	0.9980923	0.9930886	0.99684334	0.9940672	2035-04-15	tropics	22	0.99542725	0.9993424	0.99199873	0.9980923	0.9930886	0.99684334	0.9940672	2035-04-15	tropics	22	-0.0071599483	-0.00613631	-0.008063173	-0.006457186	-0.007788801	-0.00677824	-0.0075172186	2035-04-15	tropics	22	-0.0071599483	-0.00613631	-0.008063173	-0.006457186	-0.007788801	-0.00677824	-0.0075172186	GARW	2036-04-01
2035-04-16	tropics	22	0.9954666	0.99952275	0.9920771	0.99825895	0.9931627	0.9969623	0.9941407	2035-04-16	tropics	22	0.9954666	0.99952275	0.9920771	0.99825895	0.9931627	0.9969623	0.9941407	2035-04-16	tropics	22	0.0008933544	0.0019067894	-1.407861e-05	0.0015921115	0.0002717018	0.0012588501	0.0005351305	2035-04-16	tropics	22	0.0008933544	0.0019067894	-1.407861e-05	0.0015921115	0.0002717018	0.0012588501	0.0005351305	GARW	2036-04-01
2035-04-17	tropics	22	0.9955852	0.99960864	0.9920487	0.9983785	0.9932029	0.9971291	0.99421185	2035-04-17	tropics	22	0.9955852	0.99960864	0.9920487	0.9983785	0.9932029	0.9971291	0.99421185	2035-04-17	tropics	22	0.0011079311	0.0021424654	0.00023380519	0.0018188953	0.00051403046	0.0014882088	0.00076699257	2035-04-17	tropics	22	0.0011079311	0.0021424654	0.00023380519	0.0018188953	0.00051403046	0.0014882088	0.00076699257	GARW	2036-04-01
2035-04-18	tropics	22	0.9956853	0.9997375	0.9921068	0.9984868	0.9933048	0.99718	0.99427974	2035-04-18	tropics	22	0.9956853	0.9997375	0.9921068	0.9984868	0.9933048	0.99718	0.99427974	2035-04-18	tropics	22	-0.0020108223	-0.0009655583	-0.0029221415	-0.0012792111	-0.0026242256	-0.0016124249	-0.0023628473	2035-04-18	tropics	22	-0.0020108223	-0.0009655583	-0.0029221415	-0.0012792111	-0.0026242256	-0.0016124249	-0.0023628473	GARW	2036-04-01
2035-04-19	tropics	22	0.9957591	0.9998127	0.9921699	0.99861765	0.99341	0.9972831	0.99435914	2035-04-19	tropics	22	0.9957591	0.9998127	0.9921699	0.99861765	0.99341	0.9972831	0.99435914	2035-04-19	tropics	22	-0.002024889	-0.0009652602	-0.002968192	-0.0012930394	-0.002658987	-0.0016276836	-0.0023941994	2035-04-19	tropics	22	-0.002024889	-0.0009652602	-0.002968192	-0.0012930394	-0.002658987	-0.0016276836	-0.0023941994	GARW	2036-04-01
2035-04-20	tropics	22	0.9958302	0.9998781	0.9922184	0.9987073	0.99346775	0.99731976	0.99438924	2035-04-20	tropics	22	0.9958302	0.9998781	0.9922184	0.9987073	0.99346775	0.99731976	0.99438924	2035-04-20	tropics	22	-0.0007638931	0.0002946863	-0.00170542	-2.6464637e-05	-0.0013837814	-0.00036215782	-0.0011324883	2035-04-20	tropics	22	-0.0007638931	0.0002946863	-0.00170542	-2.6464637e-05	-0.0013837814	-0.00036215782	-0.0011324883	GARW	2036-04-01
2035-04-21	tropics	22	0.99591464	1.0000536	0.99227166	0.99882895	0.99353755	0.99739134	0.9944348	2035-04-21	tropics	22	0.99591464	1.0000536	0.99227166	0.99882895	0.99353755	0.99739134	0.9944348	2035-04-21	tropics	22	-0.0007472038	0.00030598673	-0.0016881227	-3.004272e-06	-0.0013648033	-0.0003556013	-0.0011177063	2035-04-21	tropics	22	-0.0007472038	0.00030598673	-0.0016881227	-3.004272e-06	-0.0013648033	-0.0003556013	-0.0011177063	GARW	2036-04-01
2035-04-22	tropics	22	0.99597704	1.0001662	0.99232954	0.9989493	0.993576	0.99749947	0.9944856	2035-04-22	tropics	22	0.99597704	1.0001662	0.99232954	0.9989493	0.993576	0.99749947	0.9944856	2035-04-22	tropics	22	-0.0012135506	-0.00014458835	-0.0021645785	-0.00045728695	-0.0018339634	-0.0008250475	-0.001598239	2035-04-22	tropics	22	-0.0012135506	-0.00014458835	-0.0021645785	-0.00045728695	-0.0018339634	-0.0008250475	-0.001598239	GARW	2036-04-01
2035-04-23	tropics	22	0.9960563	1.0002531	0.99238855	0.99906856	0.9936541	0.9976133	0.99454314	2035-04-23	tropics	22	0.9960563	1.0002531	0.99238855	0.99906856	0.9936541	0.9976133	0.99454314	2035-04-23	tropics	22	-0.0011894703	-9.778625e-05	-0.0021450997	-0.00042204867	-0.0018205643	-0.0007902384	-0.0015782118	2035-04-23	tropics	22	-0.0011894703	-9.778625e-05	-0.0021450997	-0.00042204867	-0.0018205643	-0.0007902384	-0.0015782118	GARW	2036-04-01
2035-04-24	tropics	22	0.9961196	1.0003476	0.99238896	0.9991753	0.9937272	0.99768364	0.99463195	2035-04-24	tropics	22	0.9961196	1.0003476	0.99238896	0.9991753	0.9937272	0.99768364	0.99463195	2035-04-24	tropics	22	-0.0009796619	0.000116718875	-0.0019367815	-0.0001945977	-0.0016076565	-0.0005682707	-0.0013695955	2035-04-24	tropics	22	-0.0009796619	0.000116718875	-0.0019367815	-0.0001945977	-0.0016076565	-0.0005682707	-0.0013695955	GARW	2036-04-01
2035-04-25	tropics	22	0.996197	1.0004491	0.9924622	0.9992573	0.99379116	0.99775076	0.9947421	2035-04-25	tropics	22	0.996197	1.0004491	0.9924622	0.9992573	0.99379116	0.99775076	0.9947421	2035-04-25	tropics	22	-0.0009698868	0.00013321725	-0.0019358277	-0.00017232925	-0.0015932083	-0.0005559921	-0.0013589859	2035-04-25	tropics	22	-0.0009698868	0.00013321725	-0.0019358277	-0.00017232925	-0.0015932083	-0.0005559921	-0.0013589859	GARW	2036-04-01
2035-04-26	tropics	22	0.9962565	1.0005506	0.9925136	0.9992922	0.9938474	0.9978112	0.9947776	2035-04-26	tropics	22	0.9962565	1.0005506	0.9925136	0.9992922	0.9938474	0.9978112	0.9947776	2035-04-26	tropics	22	-0.0010240078	8.5008505e-05	-0.002000904	-0.00022063259	-0.0016492367	-0.0006171465	-0.0014026165	2035-04-26	tropics	22	-0.0010240078	8.5008505e-05	-0.002000904	-0.00022063259	-0.0016492367	-0.0006171465	-0.0014026165	GARW	2036-04-01
2035-04-27	tropics	22	0.99628305	1.0006303	0.9925628	0.9993733	0.9938768	0.9979024	0.99486166	2035-04-27	tropics	22	0.99628305	1.0006303	0.9925628	0.9993733	0.9938768	0.9979024	0.99486166	2035-04-27	tropics	22	-0.0009942055	0.000117123185	-0.0019802928	-0.00020642282	-0.0016304493	-0.00059616566	-0.0013850927	2035-04-27	tropics	22	-0.0009942055	0.000117123185	-0.0019802928	-0.00020642282	-0.0016304493	-0.00059616566	-0.0013850927	GARW	2036-04-01
2035-04-28	tropics	22	0.9963132	1.0006776	0.9926124	0.9994401	0.99394226	0.99799454	0.9949324	2035-04-28	tropics	22	0.9963132	1.0006776	0.9926124	0.9994401	0.99394226	0.99799454	0.9949324	2035-04-28	tropics	22	-0.0009610653	0.00016539136	-0.0019378543	-0.00015969289	-0.0015962124	-0.000541687	-0.00134027	2035-04-28	tropics	22	-0.0009610653	0.00016539136	-0.0019378543	-0.00015969289	-0.0015962124	-0.000541687	-0.00134027	GARW	2036-04-01
2035-04-29	tropics	22	0.99640715	1.0007039	0.992639	0.9994994	0.994027	0.9980254	0.9950395	2035-04-29	tropics	22	0.99640715	1.0007039	0.992639	0.9994994	0.994027	0.9980254	0.9950395	2035-04-29	tropics	22	-0.00095939636	0.00018568058	-0.0019256591	-0.0001428129	-0.0015778542	-0.0005249977	-0.0013206005	2035-04-29	tropics	22	-0.00095939636	0.00018568058	-0.0019256591	-0.0001428129	-0.0015778542	-0.0005249977	-0.0013206005	GARW	2036-04-01
2035-04-30	tropics	22	0.9964639	1.0007538	0.9926496	0.9995642	0.99410665	0.9980833	0.9951076	2035-04-30	tropics	22	0.9964639	1.0007538	0.9926496	0.9995642	0.99410665	0.9980833	0.9951076	2035-04-30	tropics	22	-0.00094795227	0.00017498754	-0.0019281269	-0.00013880752	-0.0015722275	-0.0005232096	-0.0013078451	2035-04-30	tropics	22	-0.00094795227	0.00017498754	-0.0019281269	-0.00013880752	-0.0015722275	-0.0005232096	-0.0013078451	GARW	2036-04-01
2035-05-01	tropics	22	0.99651396	1.0007979	0.99270093	0.9996432	0.9941559	0.9981349	0.9951424	2035-05-01	tropics	22	0.99651396	1.0007979	0.99270093	0.9996432	0.9941559	0.9981349	0.9951424	2035-05-01	tropics	22	-0.00092983246	0.00018939981	-0.0019235252	-0.00012383488	-0.0015470504	-0.00050771236	-0.0012879372	2035-05-01	tropics	22	-0.00092983246	0.00018939981	-0.0019235252	-0.00012383488	-0.0015470504	-0.00050771236	-0.0012879372	GARW	2036-04-01
2035-05-02	tropics	22	0.9965545	1.000889	0.99278575	0.99968284	0.99421763	0.99820393	0.9952058	2035-05-02	tropics	22	0.9965545	1.000889	0.99278575	0.99968284	0.99421763	0.99820393	0.9952058	2035-05-02	tropics	22	-0.0009114742	0.00020575547	-0.0019104601	-9.527209e-05	-0.0015267372	-0.000487566	-0.0012681484	2035-05-02	tropics	22	-0.0009114742	0.00020575547	-0.0019104601	-9.527209e-05	-0.0015267372	-0.000487566	-0.0012681484	GARW	2036-04-01
2035-05-03	tropics	22	0.9965842	1.000969	0.99286294	0.99972814	0.9942812	0.9982227	0.9952814	2035-05-03	tropics	22	0.9965842	1.000969	0.99286294	0.99972814	0.9942812	0.9982227	0.9952814	2035-05-03	tropics	22	-0.0008981228	0.00022319582	-0.0018918634	-8.339883e-05	-0.0015156746	-0.00047183037	-0.0012583733	2035-05-03	tropics	22	-0.0008981228	0.00022319582	-0.0018918634	-8.339883e-05	-0.0015156746	-0.00047183037	-0.0012583733	GARW	2036-04-01
2035-05-04	tropics	22	0.9966761	1.0010414	0.99293804	0.99973714	0.9943455	0.998278	0.99532205	2035-05-04	tropics	22	0.9966761	1.0010414	0.99293804	0.99973714	0.9943455	0.998278	0.99532205	2035-05-04	tropics	22	-0.0008945465	0.00024656084	-0.0018712282	-7.386209e-05	-0.0014992238	-0.00046670437	-0.0012369156	2035-05-04	tropics	22	-0.0008945465	0.00024656084	-0.0018712282	-7.386209e-05	-0.0014992238	-0.00046670437	-0.0012369156	GARW	2036-04-01
2035-05-05	tropics	22	0.99675655	1.0011164	0.993014	0.9997677	0.99439174	0.9983078	0.9953823	2035-05-05	tropics	22	0.99675655	1.0011164	0.993014	0.9997677	0.99439174	0.9983078	0.9953823	2035-05-05	tropics	22	-0.00087571144	0.00026375084	-0.001851809	-6.523135e-05	-0.0014801025	-0.00045084953	-0.0012248755	2035-05-05	tropics	22	-0.00087571144	0.00026375084	-0.001851809	-6.523135e-05	-0.0014801025	-0.00045084953	-0.0012248755	GARW	2036-04-01
2035-05-06	tropics	22	0.99679697	1.0011849	0.9930839	0.99981266	0.99443525	0.99835217	0.9954382	2035-05-06	tropics	22	0.99679697	1.0011849	0.9930839	0.99981266	0.99443525	0.99835217	0.9954382	2035-05-06	tropics	22	-0.00085282326	0.0002830148	-0.0018307328	-6.527925e-05	-0.0014685154	-0.00044476986	-0.0012104511	2035-05-06	tropics	22	-0.00085282326	0.0002830148	-0.0018307328	-6.527925e-05	-0.0014685154	-0.00044476986	-0.0012104511	GARW	2036-04-01
2035-05-07	tropics	22	0.99686193	1.0012459	0.99314445	0.99983066	0.9944545	0.9983755	0.99549896	2035-05-07	tropics	22	0.99686193	1.0012459	0.99314445	0.99983066	0.9944545	0.9983755	0.99549896	2035-05-07	tropics	22	-0.0008337498	0.00030323287	-0.0018137097	-5.092623e-05	-0.0014527321	-0.00043022633	-0.0011935234	2035-05-07	tropics	22	-0.0008337498	0.00030323287	-0.0018137097	-5.092623e-05	-0.0014527321	-0.00043022633	-0.0011935234	GARW	2036-04-01
2035-05-08	tropics	22	0.9969418	1.0013182	0.9931798	0.99984425	0.9944716	0.9984269	0.99552953	2035-05-08	tropics	22	0.9969418	1.0013182	0.9931798	0.99984425	0.9944716	0.9984269	0.99552953	2035-05-08	tropics	22	-0.0008201599	0.00031920715	-0.0017912507	-4.5204302e-05	-0.0014483929	-0.0004272461	-0.0011831522	2035-05-08	tropics	22	-0.0008201599	0.00031920715	-0.0017912507	-4.5204302e-05	-0.0014483929	-0.0004272461	-0.0011831522	GARW	2036-04-01
2035-05-09	tropics	22	0.9969876	1.001406	0.99322623	0.99988645	0.9944906	0.9984632	0.9956045	2035-05-09	tropics	22	0.9969876	1.001406	0.99322623	0.99988645	0.9944906	0.9984632	0.9956045	2035-05-09	tropics	22	-0.00080418587	0.0003347046	-0.0017850638	-4.076975e-05	-0.0014445782	-0.00041508675	-0.0011683702	2035-05-09	tropics	22	-0.00080418587	0.0003347046	-0.0017850638	-4.076975e-05	-0.0014445782	-0.00041508675	-0.0011683702	GARW	2036-04-01
2035-05-10	tropics	22	0.9970074	1.0014349	0.9932722	0.99993664	0.9945485	0.99850386	0.99564743	2035-05-10	tropics	22	0.9970074	1.0014349	0.9932722	0.99993664	0.9945485	0.99850386	0.99564743	2035-05-10	tropics	22	-0.00078868866	0.00035871303	-0.0017724276	-3.819476e-05	-0.0014408588	-0.00040137768	-0.0011544228	2035-05-10	tropics	22	-0.00078868866	0.00035871303	-0.0017724276	-3.819476e-05	-0.0014408588	-0.00040137768	-0.0011544228	GARW	2036-04-01
2035-05-11	tropics	22	0.9970721	1.0014827	0.9932829	0.9999479	0.99458987	0.9985161	0.9957024	2035-05-11	tropics	22	0.9970721	1.0014827	0.9932829	0.9999479	0.99458987	0.9985161	0.9957024	2035-05-11	tropics	22	-0.0007853508	0.000375867	-0.0017605424	-1.8358405e-05	-0.0014291287	-0.00039112568	-0.0011354685	2035-05-11	tropics	22	-0.0007853508	0.000375867	-0.0017605424	-1.8358405e-05	-0.0014291287	-0.00039112568	-0.0011354685	GARW	2036-04-01
2035-05-12	tropics	22	0.99710876	1.0015129	0.9932913	0.9999327	0.9946596	0.9985241	0.99574953	2035-05-12	tropics	22	0.99710876	1.0015129	0.9932913	0.9999327	0.9946596	0.9985241	0.99574953	2035-05-12	tropics	22	-0.0007660389	0.0003801108	-0.0017542719	-1.3160752e-05	-0.00141716	-0.0003876686	-0.0011283159	2035-05-12	tropics	22	-0.0007660389	0.0003801108	-0.0017542719	-1.3160752e-05	-0.00141716	-0.0003876686	-0.0011283159	GARW	2036-04-01
2035-05-13	tropics	22	0.9971401	1.0014327	0.9933112	1.0000093	0.9947474	0.99853194	0.9957492	2035-05-13	tropics	22	0.9971401	1.0014327	0.9933112	1.0000093	0.9947474	0.99853194	0.9957492	2035-05-13	tropics	22	-0.0007555485	0.0003946789	-0.0017521024	-1.5878875e-05	-0.001399088	-0.00038456917	-0.0011098385	2035-05-13	tropics	22	-0.0007555485	0.0003946789	-0.0017521024	-1.5878875e-05	-0.001399088	-0.00038456917	-0.0011098385	GARW	2036-04-01
2035-05-14	tropics	22	0.9971745	1.0013565	0.9933541	1.0000521	0.99481964	0.99854666	0.9957837	2035-05-14	tropics	22	0.9971745	1.0013565	0.9933541	1.0000521	0.99481964	0.99854666	0.9957837	2035-05-14	tropics	22	-0.0007507801	0.00038057595	-0.0017499328	-5.1498646e-06	-0.00137887	-0.00038325787	-0.0011066198	2035-05-14	tropics	22	-0.0007507801	0.00038057595	-0.0017499328	-5.1498646e-06	-0.00137887	-0.00038325787	-0.0011066198	GARW	2036-04-01
2035-05-15	tropics	22	0.997213	1.0012953	0.9933288	1.0000343	0.994842	0.99856627	0.9958291	2035-05-15	tropics	22	0.997213	1.0012953	0.9933288	1.0000343	0.994842	0.99856627	0.9958291	2035-05-15	tropics	22	-0.00073838234	0.00036026287	-0.0017369151	1.8262828e-05	-0.001354885	-0.00037753582	-0.0011024475	2035-05-15	tropics	22	-0.00073838234	0.00036026287	-0.0017369151	1.8262828e-05	-0.001354885	-0.00037753582	-0.0011024475	GARW	2036-04-01
2035-05-16	tropics	22	0.9972513	1.001284	0.9933668	1.0000762	0.99487484	0.9985955	0.99584216	2035-05-16	tropics	22	0.9972513	1.001284	0.9933668	1.0000762	0.99487484	0.9985955	0.99584216	2035-05-16	tropics	22	-0.0007314682	0.00034374016	-0.0017390967	6.3416664e-06	-0.0013504506	-0.00037693977	-0.0010892153	2035-05-16	tropics	22	-0.0007314682	0.00034374016	-0.0017390967	6.3416664e-06	-0.0013504506	-0.00037693977	-0.0010892153	GARW	2036-04-01
2035-05-17	tropics	22	0.99724805	1.0012809	0.9934282	1.0000415	0.99493194	0.9986436	0.99588346	2035-05-17	tropics	22	0.99724805	1.0012809	0.9934282	1.0000415	0.99493194	0.9986436	0.99588346	2035-05-17	tropics	22	-0.0007176399	0.00033472799	-0.0017371178	1.3923389e-05	-0.001342392	-0.00037169456	-0.001085639	2035-05-17	tropics	22	-0.0007176399	0.00033472799	-0.0017371178	1.3923389e-05	-0.001342392	-0.00037169456	-0.001085639	GARW	2036-04-01
2035-05-18	tropics	22	0.9972473	1.001255	0.99348944	1.0000546	0.99490845	0.99865943	0.9959198	2035-05-18	tropics	22	0.9972473	1.001255	0.99348944	1.0000546	0.99490845	0.99865943	0.9959198	2035-05-18	tropics	22	-0.00071668625	0.0003338576	-0.0017219782	1.7404498e-05	-0.0013271808	-0.00035893917	-0.0010766983	2035-05-18	tropics	22	-0.00071668625	0.0003338576	-0.0017219782	1.7404498e-05	-0.0013271808	-0.00035893917	-0.0010766983	GARW	2036-04-01
2035-05-19	tropics	22	0.997267	1.0012116	0.99352515	1.000086	0.9949183	0.9986557	0.9959357	2035-05-19	tropics	22	0.997267	1.0012116	0.99352515	1.000086	0.9949183	0.9986557	0.9959357	2035-05-19	tropics	22	-0.00071644783	0.00033122307	-0.0017031193	1.2922159e-05	-0.0013225079	-0.00034809113	-0.0010666847	2035-05-19	tropics	22	-0.00071644783	0.00033122307	-0.0017031193	1.2922159e-05	-0.0013225079	-0.00034809113	-0.0010666847	GARW	2036-04-01
2035-05-20	tropics	22	0.997285	1.0011744	0.99353707	1.0000709	0.99499327	0.9986671	0.9959791	2035-05-20	tropics	22	0.997285	1.0011744	0.99353707	1.0000709	0.99499327	0.9986671	0.9959791	2035-05-20	tropics	22	-0.0007150173	0.00032025581	-0.0016935229	2.0980835e-05	-0.0013336182	-0.00035369396	-0.0010589361	2035-05-20	tropics	22	-0.0007150173	0.00032025581	-0.0016935229	2.0980835e-05	-0.0013336182	-0.00035369396	-0.0010589361	GARW	2036-04-01
2035-05-21	tropics	22	0.9973061	1.001158	0.99353814	1.0000826	0.99502534	0.9986457	0.9960013	2035-05-21	tropics	22	0.9973061	1.001158	0.99353814	1.0000826	0.99502534	0.9986457	0.9960013	2035-05-21	tropics	22	-0.0007107258	0.00030797737	-0.001686263	1.9216503e-05	-0.0013120174	-0.00035357475	-0.0010522604	2035-05-21	tropics	22	-0.0007107258	0.00030797737	-0.001686263	1.9216503e-05	-0.0013120174	-0.00035357475	-0.0010522604	GARW	2036-04-01
2035-05-22	tropics	22	0.9973044	1.0011636	0.9935758	1.0000882	0.99504554	0.99866396	0.99599123	2035-05-22	tropics	22	0.9973044	1.0011636	0.9935758	1.0000882	0.99504554	0.99866396	0.99599123	2035-05-22	tropics	22	-0.0007030964	0.00030350708	-0.0016879082	2.1028507e-05	-0.0013000488	-0.000349164	-0.001045227	2035-05-22	tropics	22	-0.0007030964	0.00030350708	-0.0016879082	2.1028507e-05	-0.0013000488	-0.000349164	-0.001045227	GARW	2036-04-01
2035-05-23	tropics	22	0.9973325	1.0011642	0.9936144	1.0001019	0.9950741	0.998633	0.99601793	2035-05-23	tropics	22	0.9973325	1.0011642	0.9936144	1.0001019	0.9950741	0.998633	0.99601793	2035-05-23	tropics	22	-0.0007009506	0.00030050334	-0.0016805172	2.288795e-05	-0.0012952804	-0.00034689903	-0.0010433197	2035-05-23	tropics	22	-0.0007009506	0.00030050334	-0.0016805172	2.288795e-05	-0.0012952804	-0.00034689903	-0.0010433197	GARW	2036-04-01
2035-05-24	tropics	22	0.99735236	1.0011624	0.9936349	1.0000626	0.99509436	0.9986543	0.9960537	2035-05-24	tropics	22	0.99735236	1.0011624	0.9936349	1.0000626	0.99509436	0.9986543	0.9960537	2035-05-24	tropics	22	-0.00069999695	0.00030338776	-0.0016703963	2.3984641e-05	-0.0012827397	-0.00035977364	-0.0010424852	2035-05-24	tropics	22	-0.00069999695	0.00030338776	-0.0016703963	2.3984641e-05	-0.0012827397	-0.00035977364	-0.0010424852	GARW	2036-04-01
2035-05-25	tropics	22	0.99734414	1.0011404	0.99361676	1.0000294	0.99512434	0.998665	0.9960558	2035-05-25	tropics	22	0.99734414	1.0011404	0.99361676	1.0000294	0.99512434	0.998665	0.9960558	2035-05-25	tropics	22	-0.0006918907	0.00030301855	-0.0016604185	2.2220542e-05	-0.0012821198	-0.00034618378	-0.0010354519	2035-05-25	tropics	22	-0.0006918907	0.00030301855	-0.0016604185	2.2220542e-05	-0.0012821198	-0.00034618378	-0.0010354519	GARW	2036-04-01
2035-05-26	tropics	22	0.9973625	1.0011172	0.99363303	1.000051	0.99515575	0.99866617	0.99609095	2035-05-26	tropics	22	0.9973625	1.0011172	0.99363303	1.000051	0.99515575	0.99866617	0.99609095	2035-05-26	tropics	22	-0.0006892681	0.00029915659	-0.0016641974	8.9165405e-06	-0.0012747764	-0.00034797192	-0.0010268688	2035-05-26	tropics	22	-0.0006892681	0.00029915659	-0.0016641974	8.9165405e-06	-0.0012747764	-0.00034797192	-0.0010268688	GARW	2036-04-01
2035-05-27	tropics	22	0.9973979	1.0011114	0.993671	1.0000572	0.99519676	0.99866027	0.9961411	2035-05-27	tropics	22	0.9973979	1.0011114	0.993671	1.0000572	0.99519676	0.99866027	0.9961411	2035-05-27	tropics	22	-0.0006892681	0.0002927911	-0.001664567	1.1730008e-05	-0.0012667179	-0.0003465414	-0.0010251999	2035-05-27	tropics	22	-0.0006892681	0.0002927911	-0.001664567	1.1730008e-05	-0.0012667179	-0.0003465414	-0.0010251999	GARW	2036-04-01
2035-05-28	tropics	22	0.9974256	1.00112	0.99374354	1.0000447	0.9952412	0.9986392	0.99617565	2035-05-28	tropics	22	0.9974256	1.00112	0.99374354	1.0000447	0.9952412	0.9986392	0.99617565	2035-05-28	tropics	22	-0.0006773472	0.00028841628	-0.0016554714	1.6260135e-05	-0.001256609	-0.00035095215	-0.0010113716	2035-05-28	tropics	22	-0.0006773472	0.00028841628	-0.0016554714	1.6260135e-05	-0.001256609	-0.00035095215	-0.0010113716	GARW	2036-04-01
2035-05-29	tropics	22	0.99744946	1.0011246	0.99381405	1.0000478	0.99526	0.998653	0.9962015	2035-05-29	tropics	22	0.99744946	1.0011246	0.99381405	1.0000478	0.99526	0.998653	0.9962015	2035-05-29	tropics	22	-0.00067329407	0.00029126514	-0.0016394854	1.29220425e-05	-0.001242876	-0.00035381317	-0.0009977818	2035-05-29	tropics	22	-0.00067329407	0.00029126514	-0.0016394854	1.29220425e-05	-0.001242876	-0.00035381317	-0.0009977818	GARW	2036-04-01
2035-05-30	tropics	22	0.9974709	1.001125	0.9938411	1.0000445	0.9952718	0.9986671	0.9962028	2035-05-30	tropics	22	0.9974709	1.001125	0.9938411	1.0000445	0.9952718	0.9986671	0.9962028	2035-05-30	tropics	22	-0.0006670952	0.00029270735	-0.0016208291	1.5306461e-05	-0.0012379646	-0.00034701824	-0.0009926558	2035-05-30	tropics	22	-0.0006670952	0.00029270735	-0.0016208291	1.5306461e-05	-0.0012379646	-0.00034701824	-0.0009926558	GARW	2036-04-01
2035-05-31	tropics	22	0.9974942	1.0011213	0.9938306	1.0000554	0.995297	0.9986692	0.9962363	2035-05-31	tropics	22	0.9974942	1.0011213	0.9938306	1.0000554	0.995297	0.9986692	0.9962363	2035-05-31	tropics	22	-0.00066304207	0.00029294554	-0.0016095996	1.1825119e-05	-0.0012340546	-0.00034987926	-0.0009895563	2035-05-31	tropics	22	-0.00066304207	0.00029294554	-0.0016095996	1.1825119e-05	-0.0012340546	-0.00034987926	-0.0009895563	GARW	2036-04-01
2035-06-01	tropics	22	0.9974853	1.0011137	0.9938672	1.0000465	0.9953156	0.99865127	0.9962508	2035-06-01	tropics	22	0.9974853	1.0011137	0.9938672	1.0000465	0.9953156	0.99865127	0.9962508	2035-06-01	tropics	22	-0.00065135956	0.00029273075	-0.0016120076	1.1634314e-05	-0.0012281418	-0.00034463406	-0.0009844303	2035-06-01	tropics	22	-0.00065135956	0.00029273075	-0.0016120076	1.1634314e-05	-0.0012281418	-0.00034463406	-0.0009844303	GARW	2036-04-01
2035-06-02	tropics	22	0.9974779	1.0011027	0.99388915	1.0000273	0.9953142	0.9986403	0.9962789	2035-06-02	tropics	22	0.9974779	1.0011027	0.99388915	1.0000273	0.9953142	0.9986403	0.9962789	2035-06-02	tropics	22	-0.00065374374	0.00029108545	-0.0016053558	1.7165788e-05	-0.0012235641	-0.00035250187	-0.0009783506	2035-06-02	tropics	22	-0.00065374374	0.00029108545	-0.0016053558	1.7165788e-05	-0.0012235641	-0.00035250187	-0.0009783506	GARW	2036-04-01
2035-06-03	tropics	22	0.9975054	1.0011495	0.99391073	0.9999961	0.9953	0.9986227	0.99628377	2035-06-03	tropics	22	0.9975054	1.0011495	0.99391073	0.9999961	0.9953	0.9986227	0.99628377	2035-06-03	tropics	22	-0.00065875053	0.00028826	-0.001596725	1.2111617e-05	-0.0012207031	-0.000349164	-0.0009713173	2035-06-03	tropics	22	-0.00065875053	0.00028826	-0.001596725	1.2111617e-05	-0.0012207031	-0.000349164	-0.0009713173	GARW	2036-04-01
2035-06-04	tropics	22	0.9974847	1.0011098	0.993907	0.9999873	0.99528277	0.9986308	0.99630487	2035-06-04	tropics	22	0.9974847	1.0011098	0.993907	0.9999873	0.99528277	0.9986308	0.99630487	2035-06-04	tropics	22	-0.00065112114	0.00029494788	-0.0015911817	1.4305115e-06	-0.0012246132	-0.00036084652	-0.0009676218	2035-06-04	tropics	22	-0.00065112114	0.00029494788	-0.0015911817	1.4305115e-06	-0.0012246132	-0.00036084652	-0.0009676218	GARW	2036-04-01
2035-06-05	tropics	22	0.99747366	1.0010757	0.99390286	0.99997544	0.9952769	0.9986304	0.9963156	2035-06-05	tropics	22	0.99747366	1.0010757	0.99390286	0.99997544	0.9952769	0.9986304	0.9963156	2035-06-05	tropics	22	-0.0006518364	0.00029424456	-0.0015905023	-2.3841858e-06	-0.0012303352	-0.00035727024	-0.00096297264	2035-06-05	tropics	22	-0.0006518364	0.00029424456	-0.0015905023	-2.3841858e-06	-0.0012303352	-0.00035727024	-0.00096297264	GARW	2036-04-01
2035-06-06	tropics	22	0.9974717	1.0010262	0.9939526	0.99995375	0.99525815	0.99862695	0.9963067	2035-06-06	tropics	22	0.9974717	1.0010262	0.9939526	0.99995375	0.99525815	0.99862695	0.9963067	2035-06-06	tropics	22	-0.00065875053	0.00028150098	-0.0015903711	-4.7206995e-06	-0.0012294769	-0.00035059452	-0.0009638071	2035-06-06	tropics	22	-0.00065875053	0.00028150098	-0.0015903711	-4.7206995e-06	-0.0012294769	-0.00035059452	-0.0009638071	GARW	2036-04-01
2035-06-07	tropics	22	0.9974577	1.000974	0.99398744	0.99993825	0.99526006	0.9986215	0.9963089	2035-06-07	tropics	22	0.9974577	1.000974	0.99398744	0.99993825	0.99526006	0.9986215	0.9963089	2035-06-07	tropics	22	-0.0006554127	0.00027260813	-0.0015824318	-1.12534035e-05	-0.001235342	-0.0003581047	-0.0009589195	2035-06-07	tropics	22	-0.0006554127	0.00027260813	-0.0015824318	-1.12534035e-05	-0.001235342	-0.0003581047	-0.0009589195	GARW	2036-04-01
2035-06-08	tropics	22	0.9974673	1.0009565	0.9940099	0.99991554	0.9952548	0.9986069	0.9962698	2035-06-08	tropics	22	0.9974673	1.0009565	0.9940099	0.99991554	0.9952548	0.9986069	0.9962698	2035-06-08	tropics	22	-0.0006597042	0.0002583863	-0.0015712023	-1.3637589e-05	-0.0012379646	-0.0003569126	-0.0009610653	2035-06-08	tropics	22	-0.0006597042	0.0002583863	-0.0015712023	-1.3637589e-05	-0.0012379646	-0.0003569126	-0.0009610653	GARW	2036-04-01
2035-06-09	tropics	22	0.9974438	1.0009218	0.9940324	0.9998734	0.9952887	0.99857354	0.9962879	2035-06-09	tropics	22	0.9974438	1.0009218	0.9940324	0.9998734	0.9952887	0.99857354	0.9962879	2035-06-09	tropics	22	-0.0006623268	0.00024852762	-0.0015649438	-1.9645784e-05	-0.0012380123	-0.00036036968	-0.0009690523	2035-06-09	tropics	22	-0.0006623268	0.00024852762	-0.0015649438	-1.9645784e-05	-0.0012380123	-0.00036036968	-0.0009690523	GARW	2036-04-01
2035-06-10	tropics	22	0.99743557	1.0009207	0.9940548	0.9998452	0.99529386	0.9985647	0.9962902	2035-06-10	tropics	22	0.99743557	1.0009207	0.9940548	0.9998452	0.99529386	0.9985647	0.9962902	2035-06-10	tropics	22	-0.0006623268	0.00024584535	-0.001559639	-2.6655209e-05	-0.0012341499	-0.0003683567	-0.0009698868	2035-06-10	tropics	22	-0.0006623268	0.00024584535	-0.001559639	-2.6655209e-05	-0.0012341499	-0.0003683567	-0.0009698868	GARW	2036-04-01
2035-06-11	tropics	22	0.99741775	1.0008867	0.9940761	0.9998202	0.99529094	0.99856365	0.99632025	2035-06-11	tropics	22	0.99741775	1.0008867	0.9940761	0.9998202	0.99529094	0.99856365	0.99632025	2035-06-11	tropics	22	-0.0006673336	0.00023821596	-0.001553154	-3.905309e-05	-0.0012283802	-0.0003736019	-0.0009663105	2035-06-11	tropics	22	-0.0006673336	0.00023821596	-0.001553154	-3.905309e-05	-0.0012283802	-0.0003736019	-0.0009663105	GARW	2036-04-01
2035-06-12	tropics	22	0.99741566	1.0008568	0.9940818	0.99977946	0.99529225	0.9985644	0.9962915	2035-06-12	tropics	22	0.99741566	1.0008568	0.9940818	0.99977946	0.99529225	0.9985644	0.9962915	2035-06-12	tropics	22	-0.0006713867	0.00023499742	-0.0015476226	-4.3296837e-05	-0.0012246609	-0.00037312508	-0.0009614229	2035-06-12	tropics	22	-0.0006713867	0.00023499742	-0.0015476226	-4.3296837e-05	-0.0012246609	-0.00037312508	-0.0009614229	GARW	2036-04-01
2035-06-13	tropics	22	0.99740064	1.0008626	0.9940727	0.9997513	0.9953202	0.9985517	0.9962741	2035-06-13	tropics	22	0.99740064	1.0008626	0.9940727	0.9997513	0.9953202	0.9985517	0.9962741	2035-06-13	tropics	22	-0.00067424774	0.00022436382	-0.0015443206	-5.2881252e-05	-0.0012290955	-0.0003736019	-0.0009651184	2035-06-13	tropics	22	-0.00067424774	0.00022436382	-0.0015443206	-5.2881252e-05	-0.0012290955	-0.0003736019	-0.0009651184	GARW	2036-04-01
2035-06-14	tropics	22	0.99735796	1.000799	0.99406457	0.999749	0.9953242	0.998544	0.9962528	2035-06-14	tropics	22	0.99735796	1.000799	0.99406457	0.999749	0.9953242	0.998544	0.9962528	2035-06-14	tropics	22	-0.00067329407	0.00022403017	-0.0015459179	-6.213208e-05	-0.0012228012	-0.0003771782	-0.00096929073	2035-06-14	tropics	22	-0.00067329407	0.00022403017	-0.0015459179	-6.213208e-05	-0.0012228012	-0.0003771782	-0.00096929073	GARW	2036-04-01
2035-06-15	tropics	22	0.9973465	1.0007653	0.99406016	0.9996986	0.9953188	0.9985157	0.9962506	2035-06-15	tropics	22	0.9973465	1.0007653	0.99406016	0.9996986	0.9953188	0.9985157	0.9962506	2035-06-15	tropics	22	-0.0006854534	0.00021424307	-0.0015479684	-6.241811e-05	-0.0012180328	-0.0003798008	-0.0009776354	2035-06-15	tropics	22	-0.0006854534	0.00021424307	-0.0015479684	-6.241811e-05	-0.0012180328	-0.0003798008	-0.0009776354	GARW	2036-04-01
2035-06-16	tropics	22	0.99735796	1.0007647	0.9940724	0.9996551	0.9953172	0.9984976	0.9962239	2035-06-16	tropics	22	0.99735796	1.0007647	0.9940724	0.9996551	0.9953172	0.9984976	0.9962239	2035-06-16	tropics	22	-0.00068974495	0.00020154723	-0.0015502452	-7.5817574e-05	-0.0012200832	-0.00037992	-0.0009726286	2035-06-16	tropics	22	-0.00068974495	0.00020154723	-0.0015502452	-7.5817574e-05	-0.0012200832	-0.00037992	-0.0009726286	GARW	2036-04-01
2035-06-17	tropics	22	0.9973413	1.0007495	0.99408996	0.9996175	0.99533653	0.99849534	0.9962154	2035-06-17	tropics	22	0.9973413	1.0007495	0.99408996	0.9996175	0.99533653	0.99849534	0.9962154	2035-06-17	tropics	22	-0.0006875992	0.00019956828	-0.0015480638	-8.463877e-05	-0.0012218475	-0.00038552284	-0.0009851456	2035-06-17	tropics	22	-0.0006875992	0.00019956828	-0.0015480638	-8.463877e-05	-0.0012218475	-0.00038552284	-0.0009851456	GARW	2036-04-01
2035-06-18	tropics	22	0.9973421	1.000726	0.9941087	0.99955344	0.9953361	0.99848044	0.9962112	2035-06-18	tropics	22	0.9973421	1.000726	0.9941087	0.99955344	0.9953361	0.99848044	0.9962112	2035-06-18	tropics	22	-0.00069117546	0.00019766093	-0.0015438795	-9.613042e-05	-0.0012196064	-0.00039339066	-0.000985384	2035-06-18	tropics	22	-0.00069117546	0.00019766093	-0.0015438795	-9.613042e-05	-0.0012196064	-0.00039339066	-0.000985384	GARW	2036-04-01
2035-06-19	tropics	22	0.99731195	1.0006995	0.9941092	0.9994992	0.9953296	0.99847925	0.99619234	2035-06-19	tropics	22	0.99731195	1.0006995	0.9941092	0.9994992	0.9953296	0.99847925	0.99619234	2035-06-19	tropics	22	-0.00069236755	0.00019135489	-0.0015389681	-0.00010571483	-0.0012150764	-0.00039422512	-0.0009863377	2035-06-19	tropics	22	-0.00069236755	0.00019135489	-0.0015389681	-0.00010571483	-0.0012150764	-0.00039422512	-0.0009863377	GARW	2036-04-01
2035-06-20	tropics	22	0.997298	1.0006698	0.99411637	0.9994542	0.99533325	0.9984466	0.9961964	2035-06-20	tropics	22	0.997298	1.0006698	0.99411637	0.9994542	0.99533325	0.9984466	0.9961964	2035-06-20	tropics	22	-0.000695467	0.00018510828	-0.0015342832	-0.0001259807	-0.0012178898	-0.0003991127	-0.0009937286	2035-06-20	tropics	22	-0.000695467	0.00018510828	-0.0015342832	-0.0001259807	-0.0012178898	-0.0003991127	-0.0009937286	GARW	2036-04-01
2035-06-21	tropics	22	0.99727726	1.0006372	0.9941217	0.9994222	0.9953115	0.9984242	0.99617267	2035-06-21	tropics	22	0.99727726	1.0006372	0.9941217	0.9994222	0.9953115	0.9984242	0.99617267	2035-06-21	tropics	22	-0.0007035732	0.00017740729	-0.0015366316	-0.00013737712	-0.0012171268	-0.00040006638	-0.0009922981	2035-06-21	tropics	22	-0.0007035732	0.00017740729	-0.0015366316	-0.00013737712	-0.0012171268	-0.00040006638	-0.0009922981	GARW	2036-04-01
2035-06-22	tropics	22	0.99726224	1.0005903	0.9941236	0.9993755	0.9953083	0.9983883	0.99613965	2035-06-22	tropics	22	0.99726224	1.0005903	0.9941236	0.9993755	0.9953083	0.9983883	0.99613965	2035-06-22	tropics	22	-0.0007069111	0.00016955141	-0.0015356661	-0.00014348031	-0.001220274	-0.00040364265	-0.0009945631	2035-06-22	tropics	22	-0.0007069111	0.00016955141	-0.0015356661	-0.00014348031	-0.001220274	-0.00040364265	-0.0009945631	GARW	2036-04-01
2035-06-23	tropics	22	0.9972364	1.0005022	0.9941068	0.99930584	0.99531525	0.9983729	0.9961114	2035-06-23	tropics	22	0.9972364	1.0005022	0.9941068	0.99930584	0.99531525	0.9983729	0.9961114	2035-06-23	tropics	22	-0.00071144104	0.00016031275	-0.0015328526	-0.00016102806	-0.0012244225	-0.0004171133	-0.0010035038	2035-06-23	tropics	22	-0.00071144104	0.00016031275	-0.0015328526	-0.00016102806	-0.0012244225	-0.0004171133	-0.0010035038	GARW	2036-04-01
2035-06-24	tropics	22	0.99720246	1.000465	0.9940849	0.9992683	0.9952821	0.99836874	0.99609184	2035-06-24	tropics	22	0.99720246	1.000465	0.9940849	0.9992683	0.9952821	0.99836874	0.99609184	2035-06-24	tropics	22	-0.00071692467	0.0001393918	-0.0015356898	-0.00017385499	-0.0012220859	-0.00042152405	-0.0010107756	2035-06-24	tropics	22	-0.00071692467	0.0001393918	-0.0015356898	-0.00017385499	-0.0012220859	-0.00042152405	-0.0010107756	GARW	2036-04-01
2035-06-25	tropics	22	0.9971636	1.0004233	0.99407446	0.99922246	0.9952797	0.99831665	0.99609625	2035-06-25	tropics	22	0.9971636	1.0004233	0.99407446	0.99922246	0.9952797	0.99831665	0.99609625	2035-06-25	tropics	22	-0.0007264614	0.00012518215	-0.0015411616	-0.00018682482	-0.0012265682	-0.00042700768	-0.0010169744	2035-06-25	tropics	22	-0.0007264614	0.00012518215	-0.0015411616	-0.00018682482	-0.0012265682	-0.00042700768	-0.0010169744	GARW	2036-04-01
2035-06-26	tropics	22	0.9971242	1.0003772	0.99408054	0.9991709	0.9952766	0.9982798	0.9960688	2035-06-26	tropics	22	0.9971242	1.0003772	0.99408054	0.9991709	0.9952766	0.9982798	0.9960688	2035-06-26	tropics	22	-0.00073599815	0.000114751165	-0.0015457273	-0.00019798288	-0.0012346745	-0.00042951107	-0.0010176897	2035-06-26	tropics	22	-0.00073599815	0.000114751165	-0.0015457273	-0.00019798288	-0.0012346745	-0.00042951107	-0.0010176897	GARW	2036-04-01
2035-06-27	tropics	22	0.9971005	1.0003273	0.99409497	0.99912184	0.9952541	0.99827075	0.9960663	2035-06-27	tropics	22	0.9971005	1.0003273	0.99409497	0.99912184	0.9952541	0.99827075	0.9960663	2035-06-27	tropics	22	-0.0007455349	0.00010291353	-0.0015458703	-0.00021066668	-0.0012298584	-0.00044572353	-0.0010216236	2035-06-27	tropics	22	-0.0007455349	0.00010291353	-0.0015458703	-0.00021066668	-0.0012298584	-0.00044572353	-0.0010216236	GARW	2036-04-01
2035-06-28	tropics	22	0.99705684	1.0002742	0.99410725	0.9990762	0.9952135	0.9982301	0.9960316	2035-06-28	tropics	22	0.99705684	1.0002742	0.99410725	0.9990762	0.9952135	0.9982301	0.9960316	2035-06-28	tropics	22	-0.00075268745	9.084941e-05	-0.0015432357	-0.00022263528	-0.0012342453	-0.00045001507	-0.0010249615	2035-06-28	tropics	22	-0.00075268745	9.084941e-05	-0.0015432357	-0.00022263528	-0.0012342453	-0.00045001507	-0.0010249615	GARW	2036-04-01
2035-06-29	tropics	22	0.9970214	1.0002171	0.99412537	0.9990212	0.9951803	0.99818206	0.9960172	2035-06-29	tropics	22	0.9970214	1.0002171	0.99412537	0.9990212	0.9951803	0.99818206	0.9960172	2035-06-29	tropics	22	-0.0007624626	7.668749e-05	-0.0015393973	-0.00023646356	-0.0012452602	-0.0004566908	-0.0010293722	2035-06-29	tropics	22	-0.0007624626	7.668749e-05	-0.0015393973	-0.00023646356	-0.0012452602	-0.0004566908	-0.0010293722	GARW	2036-04-01
2035-06-30	tropics	22	0.9970114	1.0001463	0.99414563	0.9989486	0.9951301	0.9981297	0.99599755	2035-06-30	tropics	22	0.9970114	1.0001463	0.99414563	0.9989486	0.9951301	0.9981297	0.99599755	2035-06-30	tropics	22	-0.0007722378	6.2775915e-05	-0.0015352607	-0.00024833682	-0.0012531758	-0.00046765804	-0.0010341406	2035-06-30	tropics	22	-0.0007722378	6.2775915e-05	-0.0015352607	-0.00024833682	-0.0012531758	-0.00046765804	-0.0010341406	GARW	2036-04-01
2035-07-01	tropics	22	0.99696696	1.0000631	0.9941518	0.99892884	0.99508744	0.99811435	0.9960046	2035-07-01	tropics	22	0.99696696	1.0000631	0.9941518	0.99892884	0.99508744	0.99811435	0.9960046	2035-07-01	tropics	22	-0.00077819824	4.620594e-05	-0.0015299916	-0.00026555074	-0.0012636662	-0.00048303604	-0.0010414124	2035-07-01	tropics	22	-0.00077819824	4.620594e-05	-0.0015299916	-0.00026555074	-0.0012636662	-0.00048303604	-0.0010414124	GARW	2036-04-01
2035-07-02	tropics	22	0.9969351	0.99997675	0.99413973	0.99887735	0.9950538	0.9980785	0.9959667	2035-07-02	tropics	22	0.9969351	0.99997675	0.99413973	0.99887735	0.9950538	0.9980785	0.9959667	2035-07-02	tropics	22	-0.00078582764	2.4879293e-05	-0.0015250922	-0.00027585035	-0.0012768746	-0.00049364567	-0.00104177	2035-07-02	tropics	22	-0.00078582764	2.4879293e-05	-0.0015250922	-0.00027585035	-0.0012768746	-0.00049364567	-0.00104177	GARW	2036-04-01
2035-07-03	tropics	22	0.9968813	0.99988735	0.9941279	0.99882585	0.9950258	0.99804014	0.9959595	2035-07-03	tropics	22	0.9968813	0.99988735	0.9941279	0.99882585	0.9950258	0.99804014	0.9959595	2035-07-03	tropics	22	-0.0007941723	2.372486e-06	-0.001527655	-0.00028839114	-0.001288414	-0.00049710274	-0.0010499954	2035-07-03	tropics	22	-0.0007941723	2.372486e-06	-0.001527655	-0.00028839114	-0.001288414	-0.00049710274	-0.0010499954	GARW	2036-04-01
2035-07-04	tropics	22	0.99684566	0.99977577	0.99414605	0.99878824	0.9949982	0.99796855	0.9959349	2035-07-04	tropics	22	0.99684566	0.99977577	0.99414605	0.99878824	0.9949982	0.99796855	0.9959349	2035-07-04	tropics	22	-0.00080776215	-2.0134321e-05	-0.0015312791	-0.00030035985	-0.0012952804	-0.0005065203	-0.0010501146	2035-07-04	tropics	22	-0.00080776215	-2.0134321e-05	-0.0015312791	-0.00030035985	-0.0012952804	-0.0005065203	-0.0010501146	GARW	2036-04-01
2035-07-05	tropics	22	0.9968254	0.9996831	0.9941305	0.9987163	0.9949831	0.997921	0.99591947	2035-07-05	tropics	22	0.9968254	0.9996831	0.9941305	0.9987163	0.9949831	0.997921	0.99591947	2035-07-05	tropics	22	-0.00081920624	-4.6658446e-05	-0.0015296459	-0.0003144266	-0.0013019085	-0.0005198717	-0.0010588169	2035-07-05	tropics	22	-0.00081920624	-4.6658446e-05	-0.0015296459	-0.0003144266	-0.0013019085	-0.0005198717	-0.0010588169	GARW	2036-04-01
2035-07-06	tropics	22	0.9967797	0.9996043	0.99411535	0.998661	0.9949456	0.9978727	0.99588346	2035-07-06	tropics	22	0.9967797	0.9996043	0.99411535	0.998661	0.9949456	0.9978727	0.99588346	2035-07-06	tropics	22	-0.0008239746	-7.731875e-05	-0.0015286088	-0.0003296376	-0.0013099194	-0.0005352497	-0.0010623932	2035-07-06	tropics	22	-0.0008239746	-7.731875e-05	-0.0015286088	-0.0003296376	-0.0013099194	-0.0005352497	-0.0010623932	GARW	2036-04-01
2035-07-07	tropics	22	0.996769	0.9995286	0.9941422	0.99859977	0.9949407	0.99785703	0.9958261	2035-07-07	tropics	22	0.996769	0.9995286	0.9941422	0.99859977	0.9949407	0.99785703	0.9958261	2035-07-07	tropics	22	-0.00083732605	-9.354338e-05	-0.0015372873	-0.0003385067	-0.0013152122	-0.0005503893	-0.0010672808	2035-07-07	tropics	22	-0.00083732605	-9.354338e-05	-0.0015372873	-0.0003385067	-0.0013152122	-0.0005503893	-0.0010672808	GARW	2036-04-01
2035-07-08	tropics	22	0.99673927	0.99948907	0.9941182	0.9985394	0.9949374	0.99783915	0.9958	2035-07-08	tropics	22	0.99673927	0.99948907	0.9941182	0.9985394	0.9949374	0.99783915	0.9958	2035-07-08	tropics	22	-0.00084114075	-0.000117385236	-0.0015308857	-0.00035877235	-0.0013152122	-0.00055623055	-0.0010830164	2035-07-08	tropics	22	-0.00084114075	-0.000117385236	-0.0015308857	-0.00035877235	-0.0013152122	-0.00055623055	-0.0010830164	GARW	2036-04-01
2035-07-09	tropics	22	0.9966986	0.99947864	0.9940636	0.9984811	0.9948934	0.99779767	0.9957776	2035-07-09	tropics	22	0.9966986	0.99947864	0.9940636	0.9984811	0.9948934	0.99779767	0.9957776	2035-07-09	tropics	22	-0.00084519386	-0.00013104646	-0.0015305281	-0.00037450797	-0.001320076	-0.00056004524	-0.0010929108	2035-07-09	tropics	22	-0.00084519386	-0.00013104646	-0.0015305281	-0.00037450797	-0.001320076	-0.00056004524	-0.0010929108	GARW	2036-04-01
2035-07-10	tropics	22	0.99666226	0.999427	0.9939914	0.9984476	0.9948392	0.9977622	0.9957597	2035-07-10	tropics	22	0.99666226	0.999427	0.9939914	0.9984476	0.9948392	0.9977622	0.9957597	2035-07-10	tropics	22	-0.0008575916	-0.00013465853	-0.0015434623	-0.00038795476	-0.0013268947	-0.0005687475	-0.0010989904	2035-07-10	tropics	22	-0.0008575916	-0.00013465853	-0.0015434623	-0.00038795476	-0.0013268947	-0.0005687475	-0.0010989904	GARW	2036-04-01
2035-07-11	tropics	22	0.9966407	0.99935305	0.9939691	0.9984232	0.99482495	0.9977101	0.9957191	2035-07-11	tropics	22	0.9966407	0.99935305	0.9939691	0.9984232	0.99482495	0.9977101	0.9957191	2035-07-11	tropics	22	-0.0008659363	-0.0001423001	-0.0015618443	-0.0004046443	-0.0013401031	-0.0005799532	-0.0011065006	2035-07-11	tropics	22	-0.0008659363	-0.0001423001	-0.0015618443	-0.0004046443	-0.0013401031	-0.0005799532	-0.0011065006	GARW	2036-04-01
2035-07-12	tropics	22	0.996619	0.9992633	0.99392366	0.9983738	0.99479884	0.99764085	0.99567616	2035-07-12	tropics	22	0.996619	0.9992633	0.99392366	0.9983738	0.99479884	0.99764085	0.99567616	2035-07-12	tropics	22	-0.0008723736	-0.00016243441	-0.0015714765	-0.00040645606	-0.0013485432	-0.0005903244	-0.0011073351	2035-07-12	tropics	22	-0.0008723736	-0.00016243441	-0.0015714765	-0.00040645606	-0.0013485432	-0.0005903244	-0.0011073351	GARW	2036-04-01
2035-07-13	tropics	22	0.99656904	0.99916947	0.9938784	0.9983679	0.9947496	0.9975886	0.99566126	2035-07-13	tropics	22	0.99656904	0.99916947	0.9938784	0.9983679	0.9947496	0.9975886	0.99566126	2035-07-13	tropics	22	-0.00087952614	-0.00018230669	-0.0015815378	-0.00041885406	-0.0013576507	-0.0006093979	-0.0011241436	2035-07-13	tropics	22	-0.00087952614	-0.00018230669	-0.0015815378	-0.00041885406	-0.0013576507	-0.0006093979	-0.0011241436	GARW	2036-04-01
2035-07-14	tropics	22	0.996554	0.9991166	0.99384844	0.9983382	0.99471766	0.9975082	0.9956466	2035-07-14	tropics	22	0.996554	0.9991166	0.99384844	0.9983382	0.99471766	0.9975082	0.9956466	2035-07-14	tropics	22	-0.0008890629	-0.00020650605	-0.0015931368	-0.00042548188	-0.001367712	-0.0006223917	-0.0011283159	2035-07-14	tropics	22	-0.0008890629	-0.00020650605	-0.0015931368	-0.00042548188	-0.001367712	-0.0006223917	-0.0011283159	GARW	2036-04-01
2035-07-15	tropics	22	0.99652463	0.9990277	0.99385166	0.9983292	0.99465	0.9974309	0.99562585	2035-07-15	tropics	22	0.99652463	0.9990277	0.99385166	0.9983292	0.99465	0.9974309	0.99562585	2035-07-15	tropics	22	-0.00089645386	-0.00022592535	-0.0016048551	-0.00043168076	-0.0013786793	-0.00064206123	-0.0011336803	2035-07-15	tropics	22	-0.00089645386	-0.00022592535	-0.0016048551	-0.00043168076	-0.0013786793	-0.00064206123	-0.0011336803	GARW	2036-04-01
2035-07-16	tropics	22	0.99649084	0.99896747	0.99385256	0.9983189	0.9945951	0.99736553	0.99559104	2035-07-16	tropics	22	0.99649084	0.99896747	0.99385256	0.9983189	0.9945951	0.99736553	0.99559104	2035-07-16	tropics	22	-0.0009036064	-0.00024427165	-0.0016048073	-0.00043435098	-0.0013894081	-0.00066304207	-0.0011395216	2035-07-16	tropics	22	-0.0009036064	-0.00024427165	-0.0016048073	-0.00043435098	-0.0013894081	-0.00066304207	-0.0011395216	GARW	2036-04-01
2035-07-17	tropics	22	0.9964613	0.9989179	0.99381477	0.99829274	0.9945576	0.9973316	0.9955409	2035-07-17	tropics	22	0.9964613	0.9989179	0.99381477	0.99829274	0.9945576	0.9973316	0.9955409	2035-07-17	tropics	22	-0.00091171265	-0.00026327354	-0.0016041994	-0.00043807033	-0.0014053344	-0.0006802082	-0.0011478662	2035-07-17	tropics	22	-0.00091171265	-0.00026327354	-0.0016041994	-0.00043807033	-0.0014053344	-0.0006802082	-0.0011478662	GARW	2036-04-01
2035-07-18	tropics	22	0.9964345	0.9988852	0.9937414	0.9982211	0.9945174	0.9972852	0.9955211	2035-07-18	tropics	22	0.9964345	0.9988852	0.9937414	0.9982211	0.9945174	0.9972852	0.9955211	2035-07-18	tropics	22	-0.00091695786	-0.00027759036	-0.0016086936	-0.00043907168	-0.0014162064	-0.0006892681	-0.0011601448	2035-07-18	tropics	22	-0.00091695786	-0.00027759036	-0.0016086936	-0.00043907168	-0.0014162064	-0.0006892681	-0.0011601448	GARW	2036-04-01
2035-07-19	tropics	22	0.99639773	0.99885166	0.9936641	0.99814606	0.99447507	0.99725187	0.9954991	2035-07-19	tropics	22	0.99639773	0.99885166	0.9936641	0.99814606	0.99447507	0.99725187	0.9954991	2035-07-19	tropics	22	-0.0009281635	-0.00028852205	-0.0016245007	-0.0004546643	-0.001427412	-0.0007042885	-0.0011658669	2035-07-19	tropics	22	-0.0009281635	-0.00028852205	-0.0016245007	-0.0004546643	-0.001427412	-0.0007042885	-0.0011658669	GARW	2036-04-01
2035-07-20	tropics	22	0.99635565	0.99883515	0.99363995	0.99811184	0.9944529	0.9972194	0.99545753	2035-07-20	tropics	22	0.99635565	0.99883515	0.99363995	0.99811184	0.9944529	0.9972194	0.99545753	2035-07-20	tropics	22	-0.0009357929	-0.00029333815	-0.0016494751	-0.00047378545	-0.0014404773	-0.00071156025	-0.0011739731	2035-07-20	tropics	22	-0.0009357929	-0.00029333815	-0.0016494751	-0.00047378545	-0.0014404773	-0.00071156025	-0.0011739731	GARW	2036-04-01
2035-07-21	tropics	22	0.99632454	0.9988437	0.993649	0.99807024	0.9944252	0.99718463	0.9953797	2035-07-21	tropics	22	0.99632454	0.9988437	0.993649	0.99807024	0.9944252	0.99718463	0.9953797	2035-07-21	tropics	22	-0.000947237	-0.00030512805	-0.0016618132	-0.00048842473	-0.00144248	-0.0007214546	-0.0011806488	2035-07-21	tropics	22	-0.000947237	-0.00030512805	-0.0016618132	-0.00048842473	-0.00144248	-0.0007214546	-0.0011806488	GARW	2036-04-01
2035-07-22	tropics	22	0.9962898	0.9987736	0.9935967	0.99803	0.99434614	0.99714786	0.9953401	2035-07-22	tropics	22	0.9962898	0.9987736	0.9935967	0.99803	0.99434614	0.99714786	0.9953401	2035-07-22	tropics	22	-0.0009534359	-0.00029888144	-0.0016555906	-0.00049829495	-0.0014533997	-0.00072848797	-0.0011978149	2035-07-22	tropics	22	-0.0009534359	-0.00029888144	-0.0016555906	-0.00049829495	-0.0014533997	-0.00072848797	-0.0011978149	GARW	2036-04-01
2035-07-23	tropics	22	0.9962467	0.998684	0.99351126	0.99799407	0.9943137	0.9971131	0.9952672	2035-07-23	tropics	22	0.9962467	0.998684	0.99351126	0.99799407	0.9943137	0.9971131	0.9952672	2035-07-23	tropics	22	-0.0009639263	-0.0003107069	-0.0016651392	-0.0005072594	-0.0014682293	-0.00073993206	-0.0012152195	2035-07-23	tropics	22	-0.0009639263	-0.0003107069	-0.0016651392	-0.0005072594	-0.0014682293	-0.00073993206	-0.0012152195	GARW	2036-04-01
2035-07-24	tropics	22	0.9962114	0.9986018	0.99343306	0.9979422	0.9942851	0.9970766	0.995224	2035-07-24	tropics	22	0.9962114	0.9986018	0.99343306	0.9979422	0.9942851	0.9970766	0.995224	2035-07-24	tropics	22	-0.0009741783	-0.00033396477	-0.0016871215	-0.0005204678	-0.0014808655	-0.00074493885	-0.0012266636	2035-07-24	tropics	22	-0.0009741783	-0.00033396477	-0.0016871215	-0.0005204678	-0.0014808655	-0.00074493885	-0.0012266636	GARW	2036-04-01
2035-07-25	tropics	22	0.9961632	0.99855936	0.99335736	0.99785286	0.99425745	0.9970629	0.9952257	2035-07-25	tropics	22	0.9961632	0.99855936	0.99335736	0.99785286	0.99425745	0.9970629	0.9952257	2035-07-25	tropics	22	-0.0009834766	-0.00035736535	-0.0017068505	-0.0005297184	-0.0014879704	-0.0007572174	-0.001242876	2035-07-25	tropics	22	-0.0009834766	-0.00035736535	-0.0017068505	-0.0005297184	-0.0014879704	-0.0007572174	-0.001242876	GARW	2036-04-01
2035-07-26	tropics	22	0.9961236	0.99850184	0.9932846	0.99779713	0.99423087	0.9970405	0.9951863	2035-07-26	tropics	22	0.9961236	0.99850184	0.9932846	0.99779713	0.99423087	0.9970405	0.9951863	2035-07-26	tropics	22	-0.0009942055	-0.0003709077	-0.001726973	-0.0005511284	-0.0014959812	-0.0007632971	-0.001248002	2035-07-26	tropics	22	-0.0009942055	-0.0003709077	-0.001726973	-0.0005511284	-0.0014959812	-0.0007632971	-0.001248002	GARW	2036-04-01
2035-07-27	tropics	22	0.99608094	0.99848175	0.99322575	0.99773854	0.994227	0.99702173	0.9951499	2035-07-27	tropics	22	0.99608094	0.99848175	0.99322575	0.99773854	0.994227	0.99702173	0.9951499	2035-07-27	tropics	22	-0.0010068417	-0.00038521283	-0.0017465949	-0.00057048816	-0.0015028476	-0.0007686615	-0.0012533665	2035-07-27	tropics	22	-0.0010068417	-0.00038521283	-0.0017465949	-0.00057048816	-0.0015028476	-0.0007686615	-0.0012533665	GARW	2036-04-01
2035-07-28	tropics	22	0.99602896	0.9984607	0.99316394	0.9976819	0.9941903	0.99697286	0.9951067	2035-07-28	tropics	22	0.99602896	0.9984607	0.99316394	0.9976819	0.9941903	0.99697286	0.9951067	2035-07-28	tropics	22	-0.0010173321	-0.0003931403	-0.001764512	-0.00058169366	-0.0015087604	-0.00077199936	-0.0012609959	2035-07-28	tropics	22	-0.0010173321	-0.0003931403	-0.001764512	-0.00058169366	-0.0015087604	-0.00077199936	-0.0012609959	GARW	2036-04-01
2035-07-29	tropics	22	0.9959883	0.9984383	0.9930885	0.9976246	0.9941626	0.9969178	0.9950571	2035-07-29	tropics	22	0.9959883	0.9984383	0.9930885	0.9976246	0.9941626	0.9969178	0.9950571	2035-07-29	tropics	22	-0.0010328293	-0.0003985404	-0.0017774225	-0.0005941391	-0.0015038013	-0.0007828474	-0.0012712479	2035-07-29	tropics	22	-0.0010328293	-0.0003985404	-0.0017774225	-0.0005941391	-0.0015038013	-0.0007828474	-0.0012712479	GARW	2036-04-01
2035-07-30	tropics	22	0.9959373	0.9984147	0.99302465	0.99759746	0.9941467	0.9968615	0.9950208	2035-07-30	tropics	22	0.9959373	0.9984147	0.99302465	0.99759746	0.9941467	0.9968615	0.9950208	2035-07-30	tropics	22	-0.0010387897	-0.00040441734	-0.0017973423	-0.0006147388	-0.001514244	-0.0007981062	-0.0012851954	2035-07-30	tropics	22	-0.0010387897	-0.00040441734	-0.0017973423	-0.0006147388	-0.001514244	-0.0007981062	-0.0012851954	GARW	2036-04-01
2035-07-31	tropics	22	0.9958986	0.9983541	0.99298066	0.997573	0.9941256	0.99682117	0.9949733	2035-07-31	tropics	22	0.9958986	0.9983541	0.99298066	0.997573	0.9941256	0.99682117	0.9949733	2035-07-31	tropics	22	-0.0010557175	-0.00041052076	-0.0018154144	-0.0006233693	-0.0015268326	-0.0008134842	-0.0012968779	2035-07-31	tropics	22	-0.0010557175	-0.00041052076	-0.0018154144	-0.0006233693	-0.0015268326	-0.0008134842	-0.0012968779	GARW	2036-04-01
2035-08-01	tropics	22	0.9958632	0.99831873	0.99291694	0.9975476	0.9940976	0.9968001	0.9949423	2035-08-01	tropics	22	0.9958632	0.99831873	0.99291694	0.9975476	0.9940976	0.9968001	0.9949423	2035-08-01	tropics	22	-0.001065731	-0.00041685067	-0.0018299937	-0.00063285837	-0.0015290737	-0.00082552433	-0.0013064146	2035-08-01	tropics	22	-0.001065731	-0.00041685067	-0.0018299937	-0.00063285837	-0.0015290737	-0.00082552433	-0.0013064146	GARW	2036-04-01
2035-08-02	tropics	22	0.9958091	0.9983142	0.99287206	0.9974932	0.9940246	0.996768	0.99490106	2035-08-02	tropics	22	0.9958091	0.9983142	0.99287206	0.9974932	0.9940246	0.996768	0.99490106	2035-08-02	tropics	22	-0.0010733604	-0.0004348039	-0.0018437505	-0.00064125075	-0.0015381336	-0.0008292198	-0.0013180971	2035-08-02	tropics	22	-0.0010733604	-0.0004348039	-0.0018437505	-0.00064125075	-0.0015381336	-0.0008292198	-0.0013180971	GARW	2036-04-01
2035-08-03	tropics	22	0.9957626	0.9982773	0.99282753	0.9974131	0.99400043	0.9967126	0.9948713	2035-08-03	tropics	22	0.9957626	0.9982773	0.99282753	0.9974131	0.99400043	0.9967126	0.9948713	2035-08-03	tropics	22	-0.0010869503	-0.00043669908	-0.0018577814	-0.00064773567	-0.0015536785	-0.0008351803	-0.0013266802	2035-08-03	tropics	22	-0.0010869503	-0.00043669908	-0.0018577814	-0.00064773567	-0.0015536785	-0.0008351803	-0.0013266802	GARW	2036-04-01
2035-08-04	tropics	22	0.99572617	0.99826354	0.9927842	0.99739265	0.9940001	0.99668664	0.9948336	2035-08-04	tropics	22	0.99572617	0.99826354	0.9927842	0.99739265	0.9940001	0.99668664	0.9948336	2035-08-04	tropics	22	-0.0011019707	-0.0004458783	-0.0018685221	-0.0006663802	-0.0015664101	-0.0008548498	-0.0013352633	2035-08-04	tropics	22	-0.0011019707	-0.0004458783	-0.0018685221	-0.0006663802	-0.0015664101	-0.0008548498	-0.0013352633	GARW	2036-04-01
2035-08-05	tropics	22	0.99568874	0.9982292	0.9927398	0.9973386	0.9939541	0.99664086	0.99480355	2035-08-05	tropics	22	0.99568874	0.9982292	0.9927398	0.9973386	0.9939541	0.99664086	0.99480355	2035-08-05	tropics	22	-0.0011119843	-0.00045168365	-0.0018803836	-0.0006784916	-0.0015654564	-0.0008627176	-0.0013427734	2035-08-05	tropics	22	-0.0011119843	-0.00045168365	-0.0018803836	-0.0006784916	-0.0015654564	-0.0008627176	-0.0013427734	GARW	2036-04-01
2035-08-06	tropics	22	0.9956778	0.9982035	0.99271166	0.99725926	0.9938966	0.99658376	0.99476403	2035-08-06	tropics	22	0.9956778	0.9982035	0.99271166	0.99725926	0.9938966	0.99658376	0.99476403	2035-08-06	tropics	22	-0.0011219978	-0.00045592745	-0.0018912912	-0.00069222465	-0.0015708447	-0.00087308884	-0.0013518333	2035-08-06	tropics	22	-0.0011219978	-0.00045592745	-0.0018912912	-0.00069222465	-0.0015708447	-0.00087308884	-0.0013518333	GARW	2036-04-01
2035-08-07	tropics	22	0.99565756	0.99819815	0.99265087	0.997221	0.9938425	0.99651253	0.9947252	2035-08-07	tropics	22	0.99565756	0.99819815	0.99265087	0.997221	0.9938425	0.99651253	0.9947252	2035-08-07	tropics	22	-0.0011265278	-0.00046722882	-0.0019004941	-0.0007089616	-0.0015869618	-0.0008866787	-0.0013625622	2035-08-07	tropics	22	-0.0011265278	-0.00046722882	-0.0019004941	-0.0007089616	-0.0015869618	-0.0008866787	-0.0013625622	GARW	2036-04-01
2035-08-08	tropics	22	0.99559855	0.9981632	0.9925987	0.99719346	0.99378276	0.9964707	0.99469215	2035-08-08	tropics	22	0.99559855	0.9981632	0.9925987	0.99719346	0.99378276	0.9964707	0.99469215	2035-08-08	tropics	22	-0.0011312962	-0.00046871876	-0.0019116759	-0.0007184029	-0.0016013623	-0.0009044409	-0.0013729334	2035-08-08	tropics	22	-0.0011312962	-0.00046871876	-0.0019116759	-0.0007184029	-0.0016013623	-0.0009044409	-0.0013729334	GARW	2036-04-01
2035-08-09	tropics	22	0.99555504	0.99815744	0.9925714	0.99715656	0.99373955	0.99643356	0.99465114	2035-08-09	tropics	22	0.99555504	0.99815744	0.9925714	0.99715656	0.99373955	0.99643356	0.99465114	2035-08-09	tropics	22	-0.001142025	-0.00047296257	-0.0019275189	-0.00072507863	-0.0016170501	-0.0009177923	-0.0013816357	2035-08-09	tropics	22	-0.001142025	-0.00047296257	-0.0019275189	-0.00072507863	-0.0016170501	-0.0009177923	-0.0013816357	GARW	2036-04-01
2035-08-10	tropics	22	0.995508	0.99815845	0.9925536	0.99713343	0.99374604	0.9963666	0.9946182	2035-08-10	tropics	22	0.995508	0.99815845	0.9925536	0.99713343	0.99374604	0.9963666	0.9946182	2035-08-10	tropics	22	-0.0011544228	-0.00048319093	-0.0019381405	-0.0007389547	-0.0016296863	-0.00092482567	-0.001390338	2035-08-10	tropics	22	-0.0011544228	-0.00048319093	-0.0019381405	-0.0007389547	-0.0016296863	-0.00092482567	-0.001390338	GARW	2036-04-01
2035-08-11	tropics	22	0.99549407	0.9981158	0.99253565	0.9971206	0.99372065	0.99633586	0.9945798	2035-08-11	tropics	22	0.99549407	0.9981158	0.99253565	0.9971206	0.99372065	0.99633586	0.9945798	2035-08-11	tropics	22	-0.0011672974	-0.00047737296	-0.001943326	-0.00074448617	-0.001633215	-0.0009405613	-0.0014008284	2035-08-11	tropics	22	-0.0011672974	-0.00047737296	-0.001943326	-0.00074448617	-0.001633215	-0.0009405613	-0.0014008284	GARW	2036-04-01
2035-08-12	tropics	22	0.995455	0.99805665	0.99249804	0.99708354	0.9937134	0.9962958	0.9945352	2035-08-12	tropics	22	0.995455	0.99805665	0.99249804	0.99708354	0.9937134	0.9962958	0.9945352	2035-08-12	tropics	22	-0.0011730194	-0.00048507395	-0.0019470096	-0.00075044646	-0.0016375541	-0.0009505749	-0.001410842	2035-08-12	tropics	22	-0.0011730194	-0.00048507395	-0.0019470096	-0.00075044646	-0.0016375541	-0.0009505749	-0.001410842	GARW	2036-04-01
2035-08-13	tropics	22	0.9954324	0.9979992	0.99245465	0.9970253	0.99371713	0.9962485	0.9944929	2035-08-13	tropics	22	0.9954324	0.9979992	0.99245465	0.9970253	0.99371713	0.9962485	0.9944929	2035-08-13	tropics	22	-0.0011808872	-0.0005002855	-0.0019550205	-0.0007574559	-0.0016409873	-0.00096321106	-0.0014208555	2035-08-13	tropics	22	-0.0011808872	-0.0005002855	-0.0019550205	-0.0007574559	-0.0016409873	-0.00096321106	-0.0014208555	GARW	2036-04-01
2035-08-14	tropics	22	0.99538875	0.99794054	0.9924139	0.9970035	0.99368364	0.996195	0.9944604	2035-08-14	tropics	22	0.99538875	0.99794054	0.9924139	0.9970035	0.99368364	0.996195	0.9944604	2035-08-14	tropics	22	-0.0011901855	-0.00051569915	-0.0019670369	-0.0007681848	-0.0016391277	-0.00097334385	-0.0014345646	2035-08-14	tropics	22	-0.0011901855	-0.00051569915	-0.0019670369	-0.0007681848	-0.0016391277	-0.00097334385	-0.0014345646	GARW	2036-04-01
2035-08-15	tropics	22	0.99536115	0.99791664	0.9924027	0.9969801	0.99365956	0.9961576	0.99442613	2035-08-15	tropics	22	0.99536115	0.99791664	0.9924027	0.9969801	0.99365956	0.9961576	0.99442613	2035-08-15	tropics	22	-0.0011942387	-0.00053052837	-0.0019774914	-0.000778723	-0.0016423225	-0.0009869337	-0.0014426708	2035-08-15	tropics	22	-0.0011942387	-0.00053052837	-0.0019774914	-0.000778723	-0.0016423225	-0.0009869337	-0.0014426708	GARW	2036-04-01
2035-08-16	tropics	22	0.9953579	0.99790615	0.9924025	0.9969581	0.993612	0.9961213	0.99437153	2035-08-16	tropics	22	0.9953579	0.99790615	0.9924025	0.9969581	0.993612	0.9961213	0.99437153	2035-08-16	tropics	22	-0.0012059212	-0.00054178154	-0.0019841075	-0.00078458805	-0.0016507149	-0.0009992123	-0.0014510155	2035-08-16	tropics	22	-0.0012059212	-0.00054178154	-0.0019841075	-0.00078458805	-0.0016507149	-0.0009992123	-0.0014510155	GARW	2036-04-01
2035-08-17	tropics	22	0.9953201	0.9978944	0.9923949	0.996937	0.9935575	0.99607307	0.99432	2035-08-17	tropics	22	0.9953201	0.9978944	0.9923949	0.996937	0.9935575	0.99607307	0.99432	2035-08-17	tropics	22	-0.0012097359	-0.0005442256	-0.0019842864	-0.00079145434	-0.0016626358	-0.0010074377	-0.0014629364	2035-08-17	tropics	22	-0.0012097359	-0.0005442256	-0.0019842864	-0.00079145434	-0.0016626358	-0.0010074377	-0.0014629364	GARW	2036-04-01
2035-08-18	tropics	22	0.995283	0.997882	0.99233097	0.99688697	0.99349016	0.9960658	0.9943036	2035-08-18	tropics	22	0.995283	0.997882	0.99233097	0.99688697	0.99349016	0.9960658	0.9943036	2035-08-18	tropics	22	-0.0012171268	-0.0005470988	-0.0019853234	-0.00080056203	-0.0016746044	-0.0010209084	-0.0014770031	2035-08-18	tropics	22	-0.0012171268	-0.0005470988	-0.0019853234	-0.00080056203	-0.0016746044	-0.0010209084	-0.0014770031	GARW	2036-04-01
2035-08-19	tropics	22	0.99522674	0.99784803	0.9922182	0.9968522	0.993459	0.9960447	0.9942616	2035-08-19	tropics	22	0.99522674	0.99784803	0.9922182	0.9968522	0.993459	0.9960447	0.9942616	2035-08-19	tropics	22	-0.0012276173	-0.00055044884	-0.0019954562	-0.0008033276	-0.001692152	-0.001023531	-0.0014859438	2035-08-19	tropics	22	-0.0012276173	-0.00055044884	-0.0019954562	-0.0008033276	-0.001692152	-0.001023531	-0.0014859438	GARW	2036-04-01
2035-08-20	tropics	22	0.9951748	0.9977865	0.9921323	0.9967984	0.9934417	0.9960345	0.99422586	2035-08-20	tropics	22	0.9951748	0.9977865	0.9921323	0.9967984	0.9934417	0.9960345	0.99422586	2035-08-20	tropics	22	-0.0012402534	-0.0005541442	-0.0020201087	-0.00081624987	-0.0017060756	-0.0010291338	-0.0014916658	2035-08-20	tropics	22	-0.0012402534	-0.0005541442	-0.0020201087	-0.00081624987	-0.0017060756	-0.0010291338	-0.0014916658	GARW	2036-04-01
2035-08-21	tropics	22	0.9951258	0.99777734	0.99210757	0.9967494	0.9934184	0.99601907	0.9942327	2035-08-21	tropics	22	0.9951258	0.99777734	0.99210757	0.9967494	0.9934184	0.99601907	0.9942327	2035-08-21	tropics	22	-0.0012516975	-0.00057103613	-0.0020483374	-0.00082898146	-0.0017104149	-0.001034975	-0.0015081167	2035-08-21	tropics	22	-0.0012516975	-0.00057103613	-0.0020483374	-0.00082898146	-0.0017104149	-0.001034975	-0.0015081167	GARW	2036-04-01
2035-08-22	tropics	22	0.9950745	0.9977685	0.9920629	0.99671966	0.99339545	0.9959692	0.99417984	2035-08-22	tropics	22	0.9950745	0.9977685	0.9920629	0.99671966	0.99339545	0.9959692	0.99417984	2035-08-22	tropics	22	-0.0012686253	-0.0005778073	-0.0020591498	-0.00084352493	-0.0017159462	-0.0010385513	-0.0015039444	2035-08-22	tropics	22	-0.0012686253	-0.0005778073	-0.0020591498	-0.00084352493	-0.0017159462	-0.0010385513	-0.0015039444	GARW	2036-04-01
2035-08-23	tropics	22	0.99502486	0.9977525	0.99201703	0.9966985	0.9933857	0.99596953	0.9941568	2035-08-23	tropics	22	0.99502486	0.9977525	0.99201703	0.9966985	0.9933857	0.99596953	0.9941568	2035-08-23	tropics	22	-0.0012788773	-0.00058009604	-0.002066934	-0.0008524418	-0.001722908	-0.0010465384	-0.001512289	2035-08-23	tropics	22	-0.0012788773	-0.00058009604	-0.002066934	-0.0008524418	-0.001722908	-0.0010465384	-0.001512289	GARW	2036-04-01
2035-08-24	tropics	22	0.99500257	0.9977133	0.99200875	0.9966681	0.9933689	0.99595004	0.9940914	2035-08-24	tropics	22	0.99500257	0.9977133	0.99200875	0.9966681	0.9933689	0.99595004	0.9940914	2035-08-24	tropics	22	-0.0012922287	-0.00058262295	-0.0020842075	-0.0008582592	-0.0017256737	-0.0010499954	-0.0015208721	2035-08-24	tropics	22	-0.0012922287	-0.00058262295	-0.0020842075	-0.0008582592	-0.0017256737	-0.0010499954	-0.0015208721	GARW	2036-04-01
2035-08-25	tropics	22	0.9949843	0.99768496	0.9920018	0.9966377	0.9933144	0.99593925	0.9940835	2035-08-25	tropics	22	0.9949843	0.99768496	0.9920018	0.9966377	0.9933144	0.99593925	0.9940835	2035-08-25	tropics	22	-0.0013020039	-0.00059252937	-0.0020869016	-0.00086584094	-0.0017285347	-0.0010535717	-0.0015361309	2035-08-25	tropics	22	-0.0013020039	-0.00059252937	-0.0020869016	-0.00086584094	-0.0017285347	-0.0010535717	-0.0015361309	GARW	2036-04-01
2035-08-26	tropics	22	0.99494195	0.99767077	0.9919647	0.99661195	0.99326235	0.9959193	0.9940813	2035-08-26	tropics	22	0.99494195	0.99767077	0.9919647	0.99661195	0.99326235	0.9959193	0.9940813	2035-08-26	tropics	22	-0.001306057	-0.0006002664	-0.0020883917	-0.00087308884	-0.0017400264	-0.0010547638	-0.0015408993	2035-08-26	tropics	22	-0.001306057	-0.0006002664	-0.0020883917	-0.00087308884	-0.0017400264	-0.0010547638	-0.0015408993	GARW	2036-04-01
2035-08-27	tropics	22	0.9949008	0.99764735	0.9919509	0.9965701	0.9932364	0.995886	0.9940503	2035-08-27	tropics	22	0.9949008	0.99764735	0.9919509	0.9965701	0.9932364	0.995886	0.9940503	2035-08-27	tropics	22	-0.0013158321	-0.00060701324	-0.0020948888	-0.0008819104	-0.0017540455	-0.0010602474	-0.0015437603	2035-08-27	tropics	22	-0.0013158321	-0.00060701324	-0.0020948888	-0.0008819104	-0.0017540455	-0.0010602474	-0.0015437603	GARW	2036-04-01
2035-08-28	tropics	22	0.9948522	0.99762565	0.9919377	0.9965297	0.99319226	0.99585813	0.99399674	2035-08-28	tropics	22	0.9948522	0.99762565	0.9919377	0.9965297	0.99319226	0.99585813	0.99399674	2035-08-28	tropics	22	-0.0013251305	-0.0006097671	-0.0021011592	-0.0008893013	-0.001762867	-0.0010689497	-0.001550436	2035-08-28	tropics	22	-0.0013251305	-0.0006097671	-0.0021011592	-0.0008893013	-0.001762867	-0.0010689497	-0.001550436	GARW	2036-04-01
2035-08-29	tropics	22	0.99480194	0.9976221	0.99189913	0.99651974	0.9931788	0.9958663	0.9939606	2035-08-29	tropics	22	0.99480194	0.9976221	0.99189913	0.99651974	0.9931788	0.9958663	0.9939606	2035-08-29	tropics	22	-0.0013382435	-0.0006178855	-0.0021044493	-0.0009016037	-0.001774168	-0.0010752678	-0.0015599728	2035-08-29	tropics	22	-0.0013382435	-0.0006178855	-0.0021044493	-0.0009016037	-0.001774168	-0.0010752678	-0.0015599728	GARW	2036-04-01
2035-08-30	tropics	22	0.99478483	0.9975979	0.99188817	0.9964964	0.99311334	0.9958375	0.99392855	2035-08-30	tropics	22	0.99478483	0.9975979	0.99188817	0.9964964	0.99311334	0.9958375	0.99392855	2035-08-30	tropics	22	-0.0013523102	-0.00061790936	-0.0021102547	-0.0009059429	-0.001776266	-0.0010797977	-0.0015717745	2035-08-30	tropics	22	-0.0013523102	-0.00061790936	-0.0021102547	-0.0009059429	-0.001776266	-0.0010797977	-0.0015717745	GARW	2036-04-01
2035-08-31	tropics	22	0.9947526	0.9975401	0.99188346	0.9964793	0.99302304	0.9958344	0.9938922	2035-08-31	tropics	22	0.9947526	0.9975401	0.99188346	0.9964793	0.99302304	0.9958344	0.9938922	2035-08-31	tropics	22	-0.0013599396	-0.0006224391	-0.0021181225	-0.00091023446	-0.0017891407	-0.001080513	-0.0015830994	2035-08-31	tropics	22	-0.0013599396	-0.0006224391	-0.0021181225	-0.00091023446	-0.0017891407	-0.001080513	-0.0015830994	GARW	2036-04-01
2035-09-01	tropics	22	0.9947406	0.9974818	0.9918807	0.99646807	0.9929605	0.9957841	0.993891	2035-09-01	tropics	22	0.9947406	0.9974818	0.9918807	0.99646807	0.9929605	0.9957841	0.993891	2035-09-01	tropics	22	-0.0013668537	-0.0006352065	-0.0021199584	-0.0009176255	-0.001813221	-0.001086235	-0.001588583	2035-09-01	tropics	22	-0.0013668537	-0.0006352065	-0.0021199584	-0.0009176255	-0.001813221	-0.001086235	-0.001588583	GARW	2036-04-01
2035-09-02	tropics	22	0.99470603	0.9974062	0.9918243	0.9964484	0.9929102	0.9957624	0.9938525	2035-09-02	tropics	22	0.99470603	0.9974062	0.9918243	0.9964484	0.9929102	0.9957624	0.9938525	2035-09-02	tropics	22	-0.0013689995	-0.0006503343	-0.0021208406	-0.00091934204	-0.0018328667	-0.0010935068	-0.0015946627	2035-09-02	tropics	22	-0.0013689995	-0.0006503343	-0.0021208406	-0.00091934204	-0.0018328667	-0.0010935068	-0.0015946627	GARW	2036-04-01
2035-09-03	tropics	22	0.99466	0.9973474	0.99175537	0.9964548	0.992861	0.99574	0.99384886	2035-09-03	tropics	22	0.99466	0.9973474	0.99175537	0.9964548	0.992861	0.99574	0.99384886	2035-09-03	tropics	22	-0.0013792515	-0.00066835864	-0.0021271706	-0.0009232999	-0.0018476963	-0.0011029243	-0.0015983582	2035-09-03	tropics	22	-0.0013792515	-0.00066835864	-0.0021271706	-0.0009232999	-0.0018476963	-0.0011029243	-0.0015983582	GARW	2036-04-01
2035-09-04	tropics	22	0.9946214	0.99729645	0.9917821	0.99645394	0.9928152	0.9957356	0.99380803	2035-09-04	tropics	22	0.9946214	0.99729645	0.9917821	0.99645394	0.9928152	0.9957356	0.99380803	2035-09-04	tropics	22	-0.0013890266	-0.0006858706	-0.0021500825	-0.00092535024	-0.0018592834	-0.0011075735	-0.0016080141	2035-09-04	tropics	22	-0.0013890266	-0.0006858706	-0.0021500825	-0.00092535024	-0.0018592834	-0.0011075735	-0.0016080141	GARW	2036-04-01
2035-09-05	tropics	22	0.9946321	0.99726135	0.9917858	0.9964561	0.9927682	0.995701	0.9937999	2035-09-05	tropics	22	0.9946321	0.99726135	0.9917858	0.9964561	0.9927682	0.995701	0.9937999	2035-09-05	tropics	22	-0.0013992786	-0.0006992576	-0.0021508455	-0.0009225369	-0.0018717289	-0.0011103153	-0.0016139746	2035-09-05	tropics	22	-0.0013992786	-0.0006992576	-0.0021508455	-0.0009225369	-0.0018717289	-0.0011103153	-0.0016139746	GARW	2036-04-01
2035-09-06	tropics	22	0.9945966	0.99722314	0.9917673	0.99647975	0.9927244	0.9956933	0.99378204	2035-09-06	tropics	22	0.9945966	0.99722314	0.9917673	0.99647975	0.9927244	0.9956933	0.99378204	2035-09-06	tropics	22	-0.0014026165	-0.00070987904	-0.0021456361	-0.00092549325	-0.0018831253	-0.00111866	-0.0016186237	2035-09-06	tropics	22	-0.0014026165	-0.00070987904	-0.0021456361	-0.00092549325	-0.0018831253	-0.00111866	-0.0016186237	GARW	2036-04-01
2035-09-07	tropics	22	0.99456835	0.9971819	0.99173814	0.99648553	0.99267715	0.9956762	0.99378204	2035-09-07	tropics	22	0.99456835	0.9971819	0.99173814	0.99648553	0.99267715	0.9956762	0.99378204	2035-09-07	tropics	22	-0.0014045238	-0.0007193442	-0.0021476387	-0.00091915135	-0.0018956184	-0.0011229515	-0.0016182661	2035-09-07	tropics	22	-0.0014045238	-0.0007193442	-0.0021476387	-0.00091915135	-0.0018956184	-0.0011229515	-0.0016182661	GARW	2036-04-01
2035-09-08	tropics	22	0.99455285	0.997171	0.99171036	0.9964656	0.99263614	0.99564886	0.9937506	2035-09-08	tropics	22	0.99455285	0.997171	0.99171036	0.9964656	0.99263614	0.99564886	0.9937506	2035-09-08	tropics	22	-0.0014154911	-0.0007298346	-0.0021557093	-0.0009144783	-0.001907444	-0.0011227131	-0.0016226768	2035-09-08	tropics	22	-0.0014154911	-0.0007298346	-0.0021557093	-0.0009144783	-0.001907444	-0.0011227131	-0.0016226768	GARW	2036-04-01
2035-09-09	tropics	22	0.99452525	0.9971175	0.9916843	0.99646777	0.9925967	0.995613	0.99371785	2035-09-09	tropics	22	0.99452525	0.9971175	0.9916843	0.99646777	0.9925967	0.995613	0.99371785	2035-09-09	tropics	22	-0.0014176369	-0.00073604565	-0.0021625995	-0.00091862696	-0.0019192218	-0.0011314154	-0.001627922	2035-09-09	tropics	22	-0.0014176369	-0.00073604565	-0.0021625995	-0.00091862696	-0.0019192218	-0.0011314154	-0.001627922	GARW	2036-04-01
2035-09-10	tropics	22	0.9945138	0.99712694	0.9916593	0.9964672	0.99255884	0.9956093	0.9936827	2035-09-10	tropics	22	0.9945138	0.99712694	0.9916593	0.9964672	0.99255884	0.9956093	0.9936827	2035-09-10	tropics	22	-0.0014262199	-0.00074502226	-0.0021701695	-0.00092101103	-0.0019291878	-0.0011422634	-0.0016361475	2035-09-10	tropics	22	-0.0014262199	-0.00074502226	-0.0021701695	-0.00092101103	-0.0019291878	-0.0011422634	-0.0016361475	GARW	2036-04-01
2035-09-11	tropics	22	0.9945087	0.99715334	0.99161834	0.9964479	0.992539	0.99559826	0.9936489	2035-09-11	tropics	22	0.9945087	0.99715334	0.99161834	0.9964479	0.992539	0.99559826	0.9936489	2035-09-11	tropics	22	-0.001430273	-0.00075122115	-0.002176535	-0.00092268	-0.0019399642	-0.0011444092	-0.0016469955	2035-09-11	tropics	22	-0.001430273	-0.00075122115	-0.002176535	-0.00092268	-0.0019399642	-0.0011444092	-0.0016469955	GARW	2036-04-01
2035-09-12	tropics	22	0.9944789	0.9971664	0.9916036	0.9964786	0.99249953	0.99557865	0.99361646	2035-09-12	tropics	22	0.9944789	0.9971664	0.9916036	0.9964786	0.99249953	0.99557865	0.99361646	2035-09-12	tropics	22	-0.001431942	-0.00074437837	-0.0021862744	-0.000925255	-0.0019484997	-0.0011422634	-0.0016561747	2035-09-12	tropics	22	-0.001431942	-0.00074437837	-0.0021862744	-0.000925255	-0.0019484997	-0.0011422634	-0.0016561747	GARW	2036-04-01
2035-09-13	tropics	22	0.994464	0.99713767	0.9915823	0.99647087	0.99245745	0.9955537	0.99359477	2035-09-13	tropics	22	0.994464	0.99713767	0.9915823	0.99647087	0.99245745	0.9955537	0.99359477	2035-09-13	tropics	22	-0.0014383793	-0.000736427	-0.0021923422	-0.0009234431	-0.0019523144	-0.0011482239	-0.001663208	2035-09-13	tropics	22	-0.0014383793	-0.000736427	-0.0021923422	-0.0009234431	-0.0019523144	-0.0011482239	-0.001663208	GARW	2036-04-01
2035-09-14	tropics	22	0.99446404	0.99716336	0.9915557	0.9964154	0.99240786	0.9955257	0.9935748	2035-09-14	tropics	22	0.99446404	0.99716336	0.9915557	0.9964154	0.99240786	0.9955257	0.9935748	2035-09-14	tropics	22	-0.0014441013	-0.0007426498	-0.0021966936	-0.00091280945	-0.0019663335	-0.0011558533	-0.0016709566	2035-09-14	tropics	22	-0.0014441013	-0.0007426498	-0.0021966936	-0.00091280945	-0.0019663335	-0.0011558533	-0.0016709566	GARW	2036-04-01
2035-09-15	tropics	22	0.9944711	0.9971911	0.9915385	0.9964036	0.9923823	0.99551344	0.9935539	2035-09-15	tropics	22	0.9944711	0.9971911	0.9915385	0.9964036	0.9923823	0.99551344	0.9935539	2035-09-15	tropics	22	-0.0014448166	-0.0007415529	-0.0022044897	-0.0009316446	-0.0019804954	-0.0011646748	-0.0016746521	2035-09-15	tropics	22	-0.0014448166	-0.0007415529	-0.0022044897	-0.0009316446	-0.0019804954	-0.0011646748	-0.0016746521	GARW	2036-04-01
2035-09-16	tropics	22	0.99446505	0.9972186	0.991523	0.99639744	0.99238396	0.99549425	0.99351615	2035-09-16	tropics	22	0.99446505	0.9972186	0.991523	0.99639744	0.99238396	0.99549425	0.99351615	2035-09-16	tropics	22	-0.0014436245	-0.0007342099	-0.0022092222	-0.000937891	-0.0019855977	-0.0011698008	-0.0016804934	2035-09-16	tropics	22	-0.0014436245	-0.0007342099	-0.0022092222	-0.000937891	-0.0019855977	-0.0011698008	-0.0016804934	GARW	2036-04-01
2035-09-17	tropics	22	0.9944456	0.9972438	0.99146557	0.99639875	0.9923974	0.99548924	0.9934753	2035-09-17	tropics	22	0.9944456	0.9972438	0.99146557	0.99639875	0.9923974	0.99548924	0.9934753	2035-09-17	tropics	22	-0.0014424324	-0.00072698575	-0.0022132515	-0.0009381295	-0.001988554	-0.0011734962	-0.001688838	2035-09-17	tropics	22	-0.0014424324	-0.00072698575	-0.0022132515	-0.0009381295	-0.001988554	-0.0011734962	-0.001688838	GARW	2036-04-01
2035-09-18	tropics	22	0.99440765	0.997224	0.99142283	0.99639106	0.9923706	0.9954695	0.99346185	2035-09-18	tropics	22	0.99440765	0.997224	0.99142283	0.99639106	0.9923706	0.9954695	0.99346185	2035-09-18	tropics	22	-0.0014460087	-0.0007202024	-0.0022238137	-0.00093746185	-0.0019873618	-0.0011776686	-0.0016983747	2035-09-18	tropics	22	-0.0014460087	-0.0007202024	-0.0022238137	-0.00093746185	-0.0019873618	-0.0011776686	-0.0016983747	GARW	2036-04-01
2035-09-19	tropics	22	0.9943917	0.99719405	0.99140847	0.9963981	0.9923741	0.9954625	0.9934257	2035-09-19	tropics	22	0.9943917	0.99719405	0.99140847	0.9963981	0.9923741	0.9954625	0.9934257	2035-09-19	tropics	22	-0.0014550686	-0.0007203573	-0.0022394299	-0.0009390355	-0.001990938	-0.0011771917	-0.0017046928	2035-09-19	tropics	22	-0.0014550686	-0.0007203573	-0.0022394299	-0.0009390355	-0.001990938	-0.0011771917	-0.0017046928	GARW	2036-04-01
2035-09-20	tropics	22	0.994381	0.99718183	0.9914079	0.996383	0.9924017	0.99547565	0.99342424	2035-09-20	tropics	22	0.994381	0.99718183	0.9914079	0.996383	0.9924017	0.99547565	0.99342424	2035-09-20	tropics	22	-0.001461029	-0.00072749815	-0.0022438287	-0.0009400845	-0.00199337	-0.0011826754	-0.0017132759	2035-09-20	tropics	22	-0.001461029	-0.00072749815	-0.0022438287	-0.0009400845	-0.00199337	-0.0011826754	-0.0017132759	GARW	2036-04-01
2035-09-21	tropics	22	0.99438846	0.99718	0.9913959	0.9963524	0.99243915	0.99544525	0.99342984	2035-09-21	tropics	22	0.99438846	0.99718	0.9913959	0.9963524	0.99243915	0.99544525	0.99342984	2035-09-21	tropics	22	-0.0014643669	-0.00073403114	-0.002244973	-0.0009426594	-0.0019877912	-0.0011781454	-0.001716733	2035-09-21	tropics	22	-0.0014643669	-0.00073403114	-0.002244973	-0.0009426594	-0.0019877912	-0.0011781454	-0.001716733	GARW	2036-04-01
2035-09-22	tropics	22	0.9943815	0.9971724	0.9913793	0.99636245	0.9924411	0.9954421	0.993389	2035-09-22	tropics	22	0.9943815	0.9971724	0.9913793	0.99636245	0.9924411	0.9954421	0.993389	2035-09-22	tropics	22	-0.0014643669	-0.00073469843	-0.0022465228	-0.0009440422	-0.001977682	-0.001185894	-0.0017160177	2035-09-22	tropics	22	-0.0014643669	-0.00073469843	-0.0022465228	-0.0009440422	-0.001977682	-0.001185894	-0.0017160177	GARW	2036-04-01
2035-09-23	tropics	22	0.99438393	0.9971716	0.99137133	0.99634856	0.9923995	0.99543077	0.9933795	2035-09-23	tropics	22	0.99438393	0.9971716	0.99137133	0.99634856	0.9923995	0.99543077	0.9933795	2035-09-23	tropics	22	-0.0014643669	-0.0007359619	-0.0022510171	-0.00094709406	-0.0019687652	-0.0011895895	-0.0017207861	2035-09-23	tropics	22	-0.0014643669	-0.0007359619	-0.0022510171	-0.00094709406	-0.0019687652	-0.0011895895	-0.0017207861	GARW	2036-04-01
2035-09-24	tropics	22	0.9943621	0.9972126	0.9913682	0.99633497	0.9923791	0.99542785	0.9933569	2035-09-24	tropics	22	0.9943621	0.9972126	0.9913682	0.99633497	0.9923791	0.99542785	0.9933569	2035-09-24	tropics	22	-0.0014648438	-0.0007366652	-0.0022541403	-0.0009497643	-0.0019837855	-0.0011894703	-0.0017277002	2035-09-24	tropics	22	-0.0014648438	-0.0007366652	-0.0022541403	-0.0009497643	-0.0019837855	-0.0011894703	-0.0017277002	GARW	2036-04-01
2035-09-25	tropics	22	0.99434423	0.9972232	0.9913674	0.99634117	0.99237907	0.9954114	0.99334586	2035-09-25	tropics	22	0.99434423	0.9972232	0.9913674	0.99634117	0.99237907	0.9954114	0.99334586	2035-09-25	tropics	22	-0.0014710426	-0.0007306802	-0.002255261	-0.00095400814	-0.001987648	-0.0011954308	-0.0017329454	2035-09-25	tropics	22	-0.0014710426	-0.0007306802	-0.002255261	-0.00095400814	-0.001987648	-0.0011954308	-0.0017329454	GARW	2036-04-01
2035-09-26	tropics	22	0.9943352	0.99725217	0.99134046	0.9963676	0.99235964	0.9954226	0.99333066	2035-09-26	tropics	22	0.9943352	0.99725217	0.99134046	0.9963676	0.99235964	0.9954226	0.99333066	2035-09-26	tropics	22	-0.0014767647	-0.00072630536	-0.0022554516	-0.0009570601	-0.0019881725	-0.0011974573	-0.0017371178	2035-09-26	tropics	22	-0.0014767647	-0.00072630536	-0.0022554516	-0.0009570601	-0.0019881725	-0.0011974573	-0.0017371178	GARW	2036-04-01
2035-09-27	tropics	22	0.99433357	0.99728626	0.9913534	0.99639535	0.99232936	0.99541247	0.9932966	2035-09-27	tropics	22	0.99433357	0.99728626	0.9913534	0.99639535	0.99232936	0.99541247	0.9932966	2035-09-27	tropics	22	-0.0014748573	-0.0007188079	-0.0022626638	-0.0009449959	-0.001989603	-0.0011930466	-0.0017393827	2035-09-27	tropics	22	-0.0014748573	-0.0007188079	-0.0022626638	-0.0009449959	-0.001989603	-0.0011930466	-0.0017393827	GARW	2036-04-01
2035-09-28	tropics	22	0.99431455	0.9973079	0.99134594	0.9963729	0.99231714	0.99538064	0.99325967	2035-09-28	tropics	22	0.99431455	0.9973079	0.99134594	0.9963729	0.99231714	0.99538064	0.99325967	2035-09-28	tropics	22	-0.0014789104	-0.0007087466	-0.002262485	-0.00094203954	-0.0020044327	-0.0011969805	-0.0017473698	2035-09-28	tropics	22	-0.0014789104	-0.0007087466	-0.002262485	-0.00094203954	-0.0020044327	-0.0011969805	-0.0017473698	GARW	2036-04-01
2035-09-29	tropics	22	0.9942857	0.99726784	0.99135	0.996356	0.9923161	0.9953758	0.9932446	2035-09-29	tropics	22	0.9942857	0.99726784	0.99135	0.996356	0.9923161	0.9953758	0.9932446	2035-09-29	tropics	22	-0.0014820099	-0.0007032988	-0.0022608875	-0.00094294565	-0.002004814	-0.0012015104	-0.0017586946	2035-09-29	tropics	22	-0.0014820099	-0.0007032988	-0.0022608875	-0.00094294565	-0.002004814	-0.0012015104	-0.0017586946	GARW	2036-04-01
2035-09-30	tropics	22	0.9942634	0.9972271	0.9912779	0.9964048	0.99230415	0.9953498	0.993234	2035-09-30	tropics	22	0.9942634	0.9972271	0.9912779	0.9964048	0.99230415	0.9953498	0.993234	2035-09-30	tropics	22	-0.0014886856	-0.00070776907	-0.002260053	-0.0009494786	-0.0020092488	-0.001206398	-0.0017616749	2035-09-30	tropics	22	-0.0014886856	-0.00070776907	-0.002260053	-0.0009494786	-0.0020092488	-0.001206398	-0.0017616749	GARW	2036-04-01
2035-10-01	tropics	22	0.9942666	0.99718714	0.99122983	0.9963822	0.9922561	0.9953452	0.99321383	2035-10-01	tropics	22	0.9942666	0.99718714	0.99122983	0.9963822	0.9922561	0.9953452	0.99321383	2035-10-01	tropics	22	-0.0014939308	-0.0007184743	-0.0022682429	-0.0009387018	-0.0020095825	-0.0012090206	-0.0017653704	2035-10-01	tropics	22	-0.0014939308	-0.0007184743	-0.0022682429	-0.0009387018	-0.0020095825	-0.0012090206	-0.0017653704	GARW	2036-04-01
2035-10-02	tropics	22	0.994247	0.99719745	0.9912174	0.9963735	0.9922478	0.9952982	0.9932109	2035-10-02	tropics	22	0.994247	0.99719745	0.9912174	0.9963735	0.9922478	0.9952982	0.9932109	2035-10-02	tropics	22	-0.0014960766	-0.00072921504	-0.002288282	-0.00094327936	-0.0020179271	-0.0012110472	-0.0017690659	2035-10-02	tropics	22	-0.0014960766	-0.00072921504	-0.002288282	-0.00094327936	-0.0020179271	-0.0012110472	-0.0017690659	GARW	2036-04-01
2035-10-03	tropics	22	0.9942033	0.9971838	0.9912483	0.9963558	0.9922081	0.9953072	0.9932143	2035-10-03	tropics	22	0.9942033	0.9971838	0.9912483	0.9963558	0.9922081	0.9953072	0.9932143	2035-10-03	tropics	22	-0.0014975071	-0.0007328987	-0.0022972464	-0.0009451867	-0.0020235062	-0.0012221336	-0.0017703772	2035-10-03	tropics	22	-0.0014975071	-0.0007328987	-0.0022972464	-0.0009451867	-0.0020235062	-0.0012221336	-0.0017703772	GARW	2036-04-01
2035-10-04	tropics	22	0.9942107	0.9971819	0.99127775	0.9964161	0.9922174	0.995296	0.99323213	2035-10-04	tropics	22	0.9942107	0.9971819	0.99127775	0.9964161	0.9922174	0.995296	0.99323213	2035-10-04	tropics	22	-0.0015082359	-0.0007324219	-0.0022896887	-0.0009459496	-0.0020302772	-0.0012248755	-0.0017710924	2035-10-04	tropics	22	-0.0015082359	-0.0007324219	-0.0022896887	-0.0009459496	-0.0020302772	-0.0012248755	-0.0017710924	GARW	2036-04-01
2035-10-05	tropics	22	0.994197	0.9972346	0.99126244	0.9964372	0.99211544	0.9952909	0.9932243	2035-10-05	tropics	22	0.994197	0.9972346	0.99126244	0.9964372	0.99211544	0.9952909	0.9932243	2035-10-05	tropics	22	-0.0015103817	-0.00073266006	-0.002281952	-0.0009372235	-0.0020405292	-0.0012232065	-0.0017693043	2035-10-05	tropics	22	-0.0015103817	-0.00073266006	-0.002281952	-0.0009372235	-0.0020405292	-0.0012232065	-0.0017693043	GARW	2036-04-01
2035-10-06	tropics	22	0.99418265	0.9972774	0.9912561	0.9963961	0.99206996	0.995285	0.9932097	2035-10-06	tropics	22	0.99418265	0.9972774	0.9912561	0.9963961	0.99206996	0.995285	0.9932097	2035-10-06	tropics	22	-0.0015151501	-0.00072783226	-0.0022815466	-0.0009254456	-0.0020537854	-0.0012296438	-0.0017700195	2035-10-06	tropics	22	-0.0015151501	-0.00072783226	-0.0022815466	-0.0009254456	-0.0020537854	-0.0012296438	-0.0017700195	GARW	2036-04-01
2035-10-07	tropics	22	0.99415636	0.9973179	0.99121714	0.996475	0.992036	0.99527824	0.99320954	2035-10-07	tropics	22	0.99415636	0.9973179	0.99121714	0.996475	0.992036	0.99527824	0.99320954	2035-10-07	tropics	22	-0.0015182495	-0.0007132052	-0.0022851229	-0.0009354593	-0.0020667552	-0.0012288094	-0.001768589	2035-10-07	tropics	22	-0.0015182495	-0.0007132052	-0.0022851229	-0.0009354593	-0.0020667552	-0.0012288094	-0.001768589	GARW	2036-04-01
2035-10-08	tropics	22	0.99417114	0.9973572	0.99116904	0.9964824	0.99201524	0.99531686	0.9931641	2035-10-08	tropics	22	0.99417114	0.9973572	0.99116904	0.9964824	0.99201524	0.99531686	0.9931641	2035-10-08	tropics	22	-0.0015215874	-0.00070245226	-0.0022890687	-0.0009257795	-0.0020766258	-0.0012328625	-0.0017721653	2035-10-08	tropics	22	-0.0015215874	-0.00070245226	-0.0022890687	-0.0009257795	-0.0020766258	-0.0012328625	-0.0017721653	GARW	2036-04-01
2035-10-09	tropics	22	0.99414575	0.99739844	0.9911165	0.99647975	0.99195486	0.9953096	0.9931553	2035-10-09	tropics	22	0.99414575	0.99739844	0.9911165	0.99647975	0.99195486	0.9953096	0.9931553	2035-10-09	tropics	22	-0.001522541	-0.00069217617	-0.0023032427	-0.00091681484	-0.0020832538	-0.0012259483	-0.0017795563	2035-10-09	tropics	22	-0.001522541	-0.00069217617	-0.0023032427	-0.00091681484	-0.0020832538	-0.0012259483	-0.0017795563	GARW	2036-04-01
2035-10-10	tropics	22	0.9941505	0.9974398	0.9910675	0.99647415	0.99194586	0.9953102	0.99313784	2035-10-10	tropics	22	0.9941505	0.9974398	0.9910675	0.99647415	0.99194586	0.9953102	0.99313784	2035-10-10	tropics	22	-0.0015261173	-0.00068169745	-0.0023163438	-0.0009140493	-0.0020976544	-0.0012242794	-0.001786232	2035-10-10	tropics	22	-0.0015261173	-0.00068169745	-0.0023163438	-0.0009140493	-0.0020976544	-0.0012242794	-0.001786232	GARW	2036-04-01
2035-10-11	tropics	22	0.9941547	0.99744904	0.99098396	0.99644494	0.9919825	0.9952978	0.99313843	2035-10-11	tropics	22	0.9941547	0.99744904	0.99098396	0.99644494	0.9919825	0.9952978	0.99313843	2035-10-11	tropics	22	-0.0015289783	-0.00067056314	-0.0023295165	-0.0009156228	-0.0021028041	-0.0012232065	-0.0017945766	2035-10-11	tropics	22	-0.0015289783	-0.00067056314	-0.0023295165	-0.0009156228	-0.0021028041	-0.0012232065	-0.0017945766	GARW	2036-04-01
2035-10-12	tropics	22	0.99415946	0.99746525	0.99095523	0.99643993	0.9919268	0.99529374	0.9931518	2035-10-12	tropics	22	0.99415946	0.99746525	0.99095523	0.99643993	0.9919268	0.99529374	0.9931518	2035-10-12	tropics	22	-0.0015254021	-0.0006654134	-0.0023453354	-0.0009215832	-0.0020956993	-0.0012252331	-0.0017911196	2035-10-12	tropics	22	-0.0015254021	-0.0006654134	-0.0023453354	-0.0009215832	-0.0020956993	-0.0012252331	-0.0017911196	GARW	2036-04-01
2035-10-13	tropics	22	0.9941437	0.99749315	0.9909268	0.99643254	0.99198884	0.9952921	0.9931259	2035-10-13	tropics	22	0.9941437	0.99749315	0.9909268	0.99643254	0.99198884	0.9952921	0.9931259	2035-10-13	tropics	22	-0.0015234947	-0.00066304137	-0.002363169	-0.0009270192	-0.0021035194	-0.0012261868	-0.0017900467	2035-10-13	tropics	22	-0.0015234947	-0.00066304137	-0.002363169	-0.0009270192	-0.0021035194	-0.0012261868	-0.0017900467	GARW	2036-04-01
2035-10-14	tropics	22	0.9941183	0.9975243	0.99088216	0.9964304	0.9919596	0.99530053	0.9930717	2035-10-14	tropics	22	0.9941183	0.9975243	0.99088216	0.9964304	0.9919596	0.99530053	0.9930717	2035-10-14	tropics	22	-0.0015265942	-0.0006554602	-0.0023665547	-0.0009290696	-0.0020999908	-0.0012261868	-0.0017963648	2035-10-14	tropics	22	-0.0015265942	-0.0006554602	-0.0023665547	-0.0009290696	-0.0020999908	-0.0012261868	-0.0017963648	GARW	2036-04-01
2035-10-15	tropics	22	0.99410975	0.9976167	0.9908387	0.99643886	0.9919377	0.99528676	0.99306434	2035-10-15	tropics	22	0.99410975	0.9976167	0.9908387	0.99643886	0.9919377	0.99528676	0.99306434	2035-10-15	tropics	22	-0.0015330315	-0.00064771145	-0.0023784996	-0.0009297371	-0.0020977021	-0.0012270212	-0.0018092394	2035-10-15	tropics	22	-0.0015330315	-0.00064771145	-0.0023784996	-0.0009297371	-0.0020977021	-0.0012270212	-0.0018092394	GARW	2036-04-01
2035-10-16	tropics	22	0.99409115	0.99770766	0.99079645	0.9964483	0.9919398	0.995292	0.99304605	2035-10-16	tropics	22	0.99409115	0.99770766	0.99079645	0.9964483	0.9919398	0.995292	0.99304605	2035-10-16	tropics	22	-0.0015351772	-0.00062921026	-0.0023902177	-0.0009283545	-0.0021053315	-0.0012286901	-0.0018113852	2035-10-16	tropics	22	-0.0015351772	-0.00062921026	-0.0023902177	-0.0009283545	-0.0021053315	-0.0012286901	-0.0018113852	GARW	2036-04-01
2035-10-17	tropics	22	0.99409485	0.9977143	0.9907556	0.99645656	0.9919454	0.9953156	0.993029	2035-10-17	tropics	22	0.99409485	0.9977143	0.9907556	0.99645656	0.9919454	0.9953156	0.993029	2035-10-17	tropics	22	-0.0015399456	-0.0006051419	-0.002401209	-0.00092649506	-0.0021056174	-0.0012298822	-0.0018160343	2035-10-17	tropics	22	-0.0015399456	-0.0006051419	-0.002401209	-0.00092649506	-0.0021056174	-0.0012298822	-0.0018160343	GARW	2036-04-01
2035-10-18	tropics	22	0.99409384	0.99772805	0.9907161	0.99647033	0.9919346	0.9953271	0.9930041	2035-10-18	tropics	22	0.99409384	0.99772805	0.9907161	0.99647033	0.9919346	0.9953271	0.9930041	2035-10-18	tropics	22	-0.0015456676	-0.00059554575	-0.002412224	-0.00092415843	-0.0021041394	-0.0012242794	-0.0018165112	2035-10-18	tropics	22	-0.0015456676	-0.00059554575	-0.002412224	-0.00092415843	-0.0021041394	-0.0012242794	-0.0018165112	GARW	2036-04-01
2035-10-19	tropics	22	0.99407244	0.99768144	0.99067	0.996465	0.9919076	0.99532104	0.9929934	2035-10-19	tropics	22	0.99407244	0.99768144	0.99067	0.996465	0.9919076	0.99532104	0.9929934	2035-10-19	tropics	22	-0.0015363693	-0.00059248164	-0.0024225116	-0.0009209157	-0.002102947	-0.0012232065	-0.0018254519	2035-10-19	tropics	22	-0.0015363693	-0.00059248164	-0.0024225116	-0.0009209157	-0.002102947	-0.0012232065	-0.0018254519	GARW	2036-04-01
2035-10-20	tropics	22	0.9940664	0.99764067	0.9906194	0.99648464	0.9918767	0.9953183	0.99299806	2035-10-20	tropics	22	0.9940664	0.99764067	0.9906194	0.99648464	0.9918767	0.9953183	0.99299806	2035-10-20	tropics	22	-0.0015459061	-0.00059640396	-0.0024337291	-0.0009228707	-0.0021149158	-0.0012207031	-0.0018298626	2035-10-20	tropics	22	-0.0015459061	-0.00059640396	-0.0024337291	-0.0009228707	-0.0021149158	-0.0012207031	-0.0018298626	GARW	2036-04-01
2035-10-21	tropics	22	0.99405557	0.9976253	0.9905662	0.99650806	0.99181813	0.99534225	0.99294126	2035-10-21	tropics	22	0.99405557	0.9976253	0.9905662	0.99650806	0.99181813	0.99534225	0.99294126	2035-10-21	tropics	22	-0.0015480518	-0.0006128546	-0.0024469376	-0.00091876986	-0.0021162033	-0.0012228489	-0.0018244982	2035-10-21	tropics	22	-0.0015480518	-0.0006128546	-0.0024469376	-0.00091876986	-0.0021162033	-0.0012228489	-0.0018244982	GARW	2036-04-01
2035-10-22	tropics	22	0.9940506	0.9976417	0.9905122	0.99652654	0.9917662	0.99533856	0.99294215	2035-10-22	tropics	22	0.9940506	0.9976417	0.9905122	0.99652654	0.9917662	0.99533856	0.99294215	2035-10-22	tropics	22	-0.001550436	-0.0006161569	-0.0024605752	-0.000911665	-0.0021353245	-0.0012148619	-0.0018367767	2035-10-22	tropics	22	-0.001550436	-0.0006161569	-0.0024605752	-0.000911665	-0.0021353245	-0.0012148619	-0.0018367767	GARW	2036-04-01
2035-10-23	tropics	22	0.9940665	0.9976558	0.9904528	0.996532	0.9917669	0.99533826	0.9929053	2035-10-23	tropics	22	0.9940665	0.9976558	0.9904528	0.996532	0.9917669	0.99533826	0.9929053	2035-10-23	tropics	22	-0.0015540123	-0.0006156679	-0.0024746298	-0.0009071351	-0.0021465777	-0.0012139082	-0.0018435717	2035-10-23	tropics	22	-0.0015540123	-0.0006156679	-0.0024746298	-0.0009071351	-0.0021465777	-0.0012139082	-0.0018435717	GARW	2036-04-01
2035-10-24	tropics	22	0.99406123	0.9976671	0.99041337	0.99652493	0.9917168	0.9953494	0.99289936	2035-10-24	tropics	22	0.99406123	0.9976671	0.99041337	0.99652493	0.9917168	0.9953494	0.99289936	2035-10-24	tropics	22	-0.0015485287	-0.000611579	-0.0024902106	-0.0009065629	-0.0021505356	-0.0012154579	-0.0018475056	2035-10-24	tropics	22	-0.0015485287	-0.000611579	-0.0024902106	-0.0009065629	-0.0021505356	-0.0012154579	-0.0018475056	GARW	2036-04-01
2035-10-25	tropics	22	0.9940806	0.9976755	0.9903884	0.9965183	0.9916681	0.9953613	0.9929094	2035-10-25	tropics	22	0.9940806	0.9976755	0.9903884	0.9965183	0.9916681	0.9953613	0.9929094	2035-10-25	tropics	22	-0.0015528202	-0.0006084676	-0.0025037646	-0.0009053231	-0.0021591664	-0.0012159348	-0.0018544197	2035-10-25	tropics	22	-0.0015528202	-0.0006084676	-0.0025037646	-0.0009053231	-0.0021591664	-0.0012159348	-0.0018544197	GARW	2036-04-01
2035-10-26	tropics	22	0.99407166	0.99767727	0.99034834	0.9965344	0.99159944	0.9953579	0.992915	2035-10-26	tropics	22	0.99407166	0.99767727	0.99034834	0.9965344	0.99159944	0.9953579	0.992915	2035-10-26	tropics	22	-0.0015466213	-0.0006058331	-0.0025102855	-0.0009071353	-0.0021713257	-0.001209259	-0.0018502474	2035-10-26	tropics	22	-0.0015466213	-0.0006058331	-0.0025102855	-0.0009071353	-0.0021713257	-0.001209259	-0.0018502474	GARW	2036-04-01
2035-10-27	tropics	22	0.99405855	0.99766874	0.9903084	0.99655324	0.9915762	0.99534696	0.99289274	2035-10-27	tropics	22	0.99405855	0.99766874	0.9903084	0.99655324	0.9915762	0.99534696	0.99289274	2035-10-27	tropics	22	-0.0015485287	-0.0006041522	-0.0025188567	-0.00090484635	-0.002185583	-0.0012099743	-0.0018522739	2035-10-27	tropics	22	-0.0015485287	-0.0006041522	-0.0025188567	-0.00090484635	-0.002185583	-0.0012099743	-0.0018522739	GARW	2036-04-01
2035-10-28	tropics	22	0.994058	0.99769306	0.99026996	0.996515	0.99154717	0.9953476	0.9929007	2035-10-28	tropics	22	0.994058	0.99769306	0.99026996	0.996515	0.99154717	0.9953476	0.9929007	2035-10-28	tropics	22	-0.0015478134	-0.0006069777	-0.0025296926	-0.0008989335	-0.002197647	-0.0012114048	-0.0018550158	2035-10-28	tropics	22	-0.0015478134	-0.0006069777	-0.0025296926	-0.0008989335	-0.002197647	-0.0012114048	-0.0018550158	GARW	2036-04-01
2035-10-29	tropics	22	0.9940305	0.9977047	0.99023294	0.9965313	0.99152464	0.9953277	0.9929253	2035-10-29	tropics	22	0.9940305	0.9977047	0.99023294	0.9965313	0.99152464	0.9953277	0.9929253	2035-10-29	tropics	22	-0.0015506744	-0.0006042837	-0.0025398254	-0.00090436963	-0.0022071362	-0.0012146235	-0.0018573999	2035-10-29	tropics	22	-0.0015506744	-0.0006042837	-0.0025398254	-0.00090436963	-0.0022071362	-0.0012146235	-0.0018573999	GARW	2036-04-01
2035-10-30	tropics	22	0.994007	0.9976964	0.9901973	0.9964877	0.9914795	0.99531084	0.9929316	2035-10-30	tropics	22	0.994007	0.9976964	0.9901973	0.9964877	0.9914795	0.99531084	0.9929316	2035-10-30	tropics	22	-0.0015556812	-0.0005988836	-0.002549684	-0.0008971693	-0.0022087574	-0.0012178421	-0.0018469095	2035-10-30	tropics	22	-0.0015556812	-0.0005988836	-0.002549684	-0.0008971693	-0.0022087574	-0.0012178421	-0.0018469095	GARW	2036-04-01
2035-10-31	tropics	22	0.99399185	0.99768615	0.990163	0.99648494	0.99147296	0.99530035	0.9929226	2035-10-31	tropics	22	0.99399185	0.99768615	0.990163	0.99648494	0.99147296	0.99530035	0.9929226	2035-10-31	tropics	22	-0.0015609264	-0.0005991101	-0.002559316	-0.0009152413	-0.002220106	-0.0012215376	-0.0018439293	2035-10-31	tropics	22	-0.0015609264	-0.0005991101	-0.002559316	-0.0009152413	-0.002220106	-0.0012215376	-0.0018439293	GARW	2036-04-01
2035-11-01	tropics	22	0.9939546	0.9976805	0.9901385	0.99648225	0.99144167	0.99532115	0.9928971	2035-11-01	tropics	22	0.9939546	0.9976805	0.9901385	0.99648225	0.99144167	0.99532115	0.9928971	2035-11-01	tropics	22	-0.0015661716	-0.00060129166	-0.0025682212	-0.0009156705	-0.0022293567	-0.0012221336	-0.0018504858	2035-11-01	tropics	22	-0.0015661716	-0.00060129166	-0.0025682212	-0.0009156705	-0.0022293567	-0.0012221336	-0.0018504858	GARW	2036-04-01
2035-11-02	tropics	22	0.9939555	0.9976885	0.99011743	0.99647695	0.9913954	0.9952994	0.9928756	2035-11-02	tropics	22	0.9939555	0.9976885	0.99011743	0.99647695	0.9913954	0.9952994	0.9928756	2035-11-02	tropics	22	-0.0015745163	-0.0006045818	-0.002577126	-0.00091209414	-0.0022304058	-0.0012229681	-0.0018502474	2035-11-02	tropics	22	-0.0015745163	-0.0006045818	-0.002577126	-0.00091209414	-0.0022304058	-0.0012229681	-0.0018502474	GARW	2036-04-01
2035-11-03	tropics	22	0.99395406	0.9976851	0.9900961	0.9964341	0.9913644	0.9953152	0.99285245	2035-11-03	tropics	22	0.99395406	0.9976851	0.9900961	0.9964341	0.9913644	0.9953152	0.99285245	2035-11-03	tropics	22	-0.0015785694	-0.0006028293	-0.0025813342	-0.0009166718	-0.002245474	-0.001226306	-0.0018572807	2035-11-03	tropics	22	-0.0015785694	-0.0006028293	-0.0025813342	-0.0009166718	-0.002245474	-0.001226306	-0.0018572807	GARW	2036-04-01
2035-11-04	tropics	22	0.9939424	0.99765486	0.99007195	0.9964065	0.9913057	0.99534655	0.9928274	2035-11-04	tropics	22	0.9939424	0.99765486	0.99007195	0.9964065	0.9913057	0.99534655	0.9928274	2035-11-04	tropics	22	-0.0015757084	-0.0006009337	-0.0025870563	-0.0009245397	-0.0022514344	-0.0012224913	-0.0018610954	2035-11-04	tropics	22	-0.0015757084	-0.0006009337	-0.0025870563	-0.0009245397	-0.0022514344	-0.0012224913	-0.0018610954	GARW	2036-04-01
2035-11-05	tropics	22	0.9939215	0.99762833	0.99005276	0.996359	0.9912458	0.9953494	0.9927618	2035-11-05	tropics	22	0.9939215	0.99762833	0.99005276	0.996359	0.9912458	0.9953494	0.9927618	2035-11-05	tropics	22	-0.0015790462	-0.00060757383	-0.0025930523	-0.0009301663	-0.0022607327	-0.0012151003	-0.0018687248	2035-11-05	tropics	22	-0.0015790462	-0.00060757383	-0.0025930523	-0.0009301663	-0.0022607327	-0.0012151003	-0.0018687248	GARW	2036-04-01
2035-11-06	tropics	22	0.9939096	0.9976161	0.99005485	0.99635404	0.99119824	0.9952986	0.992717	2035-11-06	tropics	22	0.9939096	0.9976161	0.99005485	0.99635404	0.99119824	0.9952986	0.992717	2035-11-06	tropics	22	-0.0015835762	-0.0006155013	-0.0025989413	-0.00094838155	-0.0022821426	-0.0012114048	-0.0018839836	2035-11-06	tropics	22	-0.0015835762	-0.0006155013	-0.0025989413	-0.00094838155	-0.0022821426	-0.0012114048	-0.0018839836	GARW	2036-04-01
2035-11-07	tropics	22	0.9939017	0.99761975	0.98999834	0.99643105	0.9911541	0.9952855	0.9926937	2035-11-07	tropics	22	0.9939017	0.99761975	0.98999834	0.99643105	0.9911541	0.9952855	0.9926937	2035-11-07	tropics	22	-0.001585722	-0.00061979285	-0.0025993823	-0.0009558205	-0.00229702	-0.0012245178	-0.0018982887	2035-11-07	tropics	22	-0.001585722	-0.00061979285	-0.0025993823	-0.0009558205	-0.00229702	-0.0012245178	-0.0018982887	GARW	2036-04-01
2035-11-08	tropics	22	0.9938926	0.99762815	0.9898816	0.9964615	0.9911207	0.99524796	0.9926391	2035-11-08	tropics	22	0.9938926	0.99762815	0.9898816	0.9964615	0.9911207	0.99524796	0.9926391	2035-11-08	tropics	22	-0.001591444	-0.0006205439	-0.00260669	-0.0009387018	-0.0023078918	-0.0012288094	-0.0019060373	2035-11-08	tropics	22	-0.001591444	-0.0006205439	-0.00260669	-0.0009387018	-0.0023078918	-0.0012288094	-0.0019060373	GARW	2036-04-01
2035-11-09	tropics	22	0.9938861	0.997632	0.9898061	0.996439	0.99109125	0.9951999	0.9925797	2035-11-09	tropics	22	0.9938861	0.997632	0.9898061	0.996439	0.99109125	0.9951999	0.9925797	2035-11-09	tropics	22	-0.0015921593	-0.00061907736	-0.0026341318	-0.0009239674	-0.0023172856	-0.0012315512	-0.0019146204	2035-11-09	tropics	22	-0.0015921593	-0.00061907736	-0.0026341318	-0.0009239674	-0.0023172856	-0.0012315512	-0.0019146204	GARW	2036-04-01
2035-11-10	tropics	22	0.99385846	0.9976332	0.9897695	0.9964139	0.9910684	0.99517107	0.99252474	2035-11-10	tropics	22	0.99385846	0.9976332	0.9897695	0.9964139	0.9910684	0.99517107	0.99252474	2035-11-10	tropics	22	-0.001591444	-0.0006146665	-0.002659905	-0.0009255409	-0.0023251057	-0.0012484789	-0.001930356	2035-11-10	tropics	22	-0.001591444	-0.0006146665	-0.002659905	-0.0009255409	-0.0023251057	-0.0012484789	-0.001930356	GARW	2036-04-01
2035-11-11	tropics	22	0.99384415	0.9976358	0.9897247	0.99639064	0.9910298	0.9951544	0.99251056	2035-11-11	tropics	22	0.99384415	0.9976358	0.9897247	0.99639064	0.9910298	0.9951544	0.99251056	2035-11-11	tropics	22	-0.001601696	-0.000616645	-0.0026727677	-0.00093221664	-0.0023303987	-0.0012569427	-0.0019483566	2035-11-11	tropics	22	-0.001601696	-0.000616645	-0.0026727677	-0.00093221664	-0.0023303987	-0.0012569427	-0.0019483566	GARW	2036-04-01
2035-11-12	tropics	22	0.99383587	0.9976366	0.98970854	0.99635464	0.9909969	0.9951231	0.99248976	2035-11-12	tropics	22	0.99383587	0.9976366	0.98970854	0.99635464	0.9909969	0.9951231	0.99248976	2035-11-12	tropics	22	-0.001606226	-0.00061595335	-0.0026827096	-0.00093679444	-0.0023372173	-0.0012617111	-0.00195539	2035-11-12	tropics	22	-0.001606226	-0.00061595335	-0.0026827096	-0.00093679444	-0.0023372173	-0.0012617111	-0.00195539	GARW	2036-04-01
2035-11-13	tropics	22	0.99380946	0.9976452	0.9896924	0.9963399	0.9909774	0.9951167	0.99244916	2035-11-13	tropics	22	0.99380946	0.9976452	0.9896924	0.9963399	0.9909774	0.9951167	0.99244916	2035-11-13	tropics	22	-0.0016067028	-0.0006155121	-0.002689135	-0.0009459498	-0.0023514747	-0.0012714863	-0.0019590855	2035-11-13	tropics	22	-0.0016067028	-0.0006155121	-0.002689135	-0.0009459498	-0.0023514747	-0.0012714863	-0.0019590855	GARW	2036-04-01
2035-11-14	tropics	22	0.993791	0.9976225	0.9896767	0.99637073	0.9909154	0.99509966	0.99240875	2035-11-14	tropics	22	0.993791	0.9976225	0.9896767	0.99637073	0.9909154	0.99509966	0.99240875	2035-11-14	tropics	22	-0.0016131401	-0.0006112444	-0.002693796	-0.00095558167	-0.0023520947	-0.0012712479	-0.0019675493	2035-11-14	tropics	22	-0.0016131401	-0.0006112444	-0.002693796	-0.00095558167	-0.0023520947	-0.0012712479	-0.0019675493	GARW	2036-04-01
2035-11-15	tropics	22	0.99376714	0.9976026	0.9895753	0.99636847	0.9908699	0.9950738	0.99238783	2035-11-15	tropics	22	0.99376714	0.9976026	0.9895753	0.99636847	0.9908699	0.9950738	0.99238783	2035-11-15	tropics	22	-0.0016183853	-0.0006166693	-0.0026975034	-0.0009480955	-0.0023704052	-0.001270175	-0.0019750595	2035-11-15	tropics	22	-0.0016183853	-0.0006166693	-0.0026975034	-0.0009480955	-0.0023704052	-0.001270175	-0.0019750595	GARW	2036-04-01
2035-11-16	tropics	22	0.9937428	0.9976366	0.989474	0.99634624	0.99083793	0.9950271	0.9923426	2035-11-16	tropics	22	0.9937428	0.9976366	0.989474	0.99634624	0.99083793	0.9950271	0.9923426	2035-11-16	tropics	22	-0.0016241074	-0.00062220043	-0.00271492	-0.00094513904	-0.002382374	-0.0012822151	-0.001982689	2035-11-16	tropics	22	-0.0016241074	-0.00062220043	-0.00271492	-0.00094513904	-0.002382374	-0.0012822151	-0.001982689	GARW	2036-04-01
2035-11-17	tropics	22	0.99370396	0.99768096	0.98949194	0.99630886	0.9908047	0.99499756	0.9922938	2035-11-17	tropics	22	0.99370396	0.99768096	0.98949194	0.99630886	0.9908047	0.99499756	0.9922938	2035-11-17	tropics	22	-0.0016305447	-0.0006188621	-0.0027446032	-0.0009496214	-0.0023908615	-0.0012947321	-0.0019985437	2035-11-17	tropics	22	-0.0016305447	-0.0006188621	-0.0027446032	-0.0009496214	-0.0023908615	-0.0012947321	-0.0019985437	GARW	2036-04-01
2035-11-18	tropics	22	0.993657	0.9976978	0.9895111	0.99626726	0.990767	0.9949701	0.9922405	2035-11-18	tropics	22	0.993657	0.9976978	0.9895111	0.99626726	0.990767	0.9949701	0.9922405	2035-11-18	tropics	22	-0.0016405582	-0.00060789485	-0.0027493238	-0.00095739367	-0.0023990155	-0.0013017654	-0.002007246	2035-11-18	tropics	22	-0.0016405582	-0.00060789485	-0.0027493238	-0.00095739367	-0.0023990155	-0.0013017654	-0.002007246	GARW	2036-04-01
2035-11-19	tropics	22	0.9936484	0.99768996	0.9895252	0.99624056	0.99072826	0.9949476	0.9922253	2035-11-19	tropics	22	0.9936484	0.99768996	0.9895252	0.99624056	0.99072826	0.9949476	0.9922253	2035-11-19	tropics	22	-0.0016512871	-0.00059975305	-0.002744758	-0.0009644509	-0.0024089813	-0.0013098717	-0.0020264387	2035-11-19	tropics	22	-0.0016512871	-0.00059975305	-0.002744758	-0.0009644509	-0.0024089813	-0.0013098717	-0.0020264387	GARW	2036-04-01
2035-11-20	tropics	22	0.9936179	0.9976594	0.98943996	0.996215	0.9906882	0.9948931	0.99221575	2035-11-20	tropics	22	0.9936179	0.9976594	0.98943996	0.996215	0.9906882	0.9948931	0.99221575	2035-11-20	tropics	22	-0.0016567707	-0.0005997535	-0.0027394413	-0.0009784224	-0.0024190426	-0.0013141632	-0.0020266771	2035-11-20	tropics	22	-0.0016567707	-0.0005997535	-0.0027394413	-0.0009784224	-0.0024190426	-0.0013141632	-0.0020266771	GARW	2036-04-01
2035-11-21	tropics	22	0.9935707	0.9976454	0.98933905	0.99618477	0.99062735	0.9948654	0.9921813	2035-11-21	tropics	22	0.9935707	0.9976454	0.98933905	0.99618477	0.99062735	0.9948654	0.9921813	2035-11-21	tropics	22	-0.0016617775	-0.0006045935	-0.002751708	-0.0009857656	-0.002429676	-0.0013284683	-0.0020346642	2035-11-21	tropics	22	-0.0016617775	-0.0006045935	-0.002751708	-0.0009857656	-0.002429676	-0.0013284683	-0.0020346642	GARW	2036-04-01
2035-11-22	tropics	22	0.99355006	0.99759716	0.9892383	0.996161	0.9905837	0.99481076	0.9921102	2035-11-22	tropics	22	0.99355006	0.99759716	0.9892383	0.996161	0.9905837	0.99481076	0.9921102	2035-11-22	tropics	22	-0.0016741753	-0.00060892105	-0.0027781725	-0.0009883881	-0.0024433136	-0.0013344288	-0.0020369291	2035-11-22	tropics	22	-0.0016741753	-0.00060892105	-0.0027781725	-0.0009883881	-0.0024433136	-0.0013344288	-0.0020369291	GARW	2036-04-01
2035-11-23	tropics	22	0.9934952	0.9975497	0.9891733	0.9961009	0.9905126	0.99476576	0.9920118	2035-11-23	tropics	22	0.9934952	0.9975497	0.9891733	0.9961009	0.9905126	0.99476576	0.9920118	2035-11-23	tropics	22	-0.0016775131	-0.00062056776	-0.0028044104	-0.0009957317	-0.0024582862	-0.0013482571	-0.0020515919	2035-11-23	tropics	22	-0.0016775131	-0.00062056776	-0.0028044104	-0.0009957317	-0.0024582862	-0.0013482571	-0.0020515919	GARW	2036-04-01
2035-11-24	tropics	22	0.993458	0.997471	0.9891387	0.99607015	0.9904488	0.9947185	0.9919595	2035-11-24	tropics	22	0.993458	0.997471	0.9891387	0.99607015	0.9904488	0.9947185	0.9919595	2035-11-24	tropics	22	-0.0016918182	-0.00063028326	-0.002828169	-0.0010123254	-0.0024724961	-0.0013602972	-0.0020780563	2035-11-24	tropics	22	-0.0016918182	-0.00063028326	-0.002828169	-0.0010123254	-0.0024724961	-0.0013602972	-0.0020780563	GARW	2036-04-01
2035-11-25	tropics	22	0.99343	0.9974182	0.9891065	0.9960286	0.9904183	0.9947037	0.99188346	2035-11-25	tropics	22	0.99343	0.9974182	0.9891065	0.9960286	0.9904183	0.9947037	0.99188346	2035-11-25	tropics	22	-0.0017044544	-0.00065008394	-0.0028377294	-0.001019764	-0.002492714	-0.001376152	-0.002096057	2035-11-25	tropics	22	-0.0017044544	-0.00065008394	-0.0028377294	-0.001019764	-0.002492714	-0.001376152	-0.002096057	GARW	2036-04-01
2035-11-26	tropics	22	0.9933566	0.99734366	0.98903507	0.99599385	0.9903634	0.9946827	0.99181426	2035-11-26	tropics	22	0.9933566	0.99734366	0.98903507	0.99599385	0.9903634	0.9946827	0.99181426	2035-11-26	tropics	22	-0.0017113686	-0.000669229	-0.0028463125	-0.0010318281	-0.0025028228	-0.001378417	-0.0021113157	2035-11-26	tropics	22	-0.0017113686	-0.000669229	-0.0028463125	-0.0010318281	-0.0025028228	-0.001378417	-0.0021113157	GARW	2036-04-01
2035-11-27	tropics	22	0.99331313	0.99726903	0.98895967	0.9959723	0.99033445	0.99463916	0.9917934	2035-11-27	tropics	22	0.99331313	0.99726903	0.98895967	0.9959723	0.99033445	0.99463916	0.9917934	2035-11-27	tropics	22	-0.0017232895	-0.0006855248	-0.0028606176	-0.0010346413	-0.0025083541	-0.0013844967	-0.002131343	2035-11-27	tropics	22	-0.0017232895	-0.0006855248	-0.0028606176	-0.0010346413	-0.0025083541	-0.0013844967	-0.002131343	GARW	2036-04-01
2035-11-28	tropics	22	0.9932429	0.99720633	0.98888224	0.99587125	0.9903175	0.9946059	0.99173987	2035-11-28	tropics	22	0.9932429	0.99720633	0.98888224	0.99587125	0.9903175	0.9946059	0.99173987	2035-11-28	tropics	22	-0.0017411709	-0.00070239283	-0.0028806925	-0.0010479927	-0.002524662	-0.0013917685	-0.0021414757	2035-11-28	tropics	22	-0.0017411709	-0.00070239283	-0.0028806925	-0.0010479927	-0.002524662	-0.0013917685	-0.0021414757	GARW	2036-04-01
2035-11-29	tropics	22	0.9931574	0.9971793	0.9887826	0.9958544	0.9902497	0.9945719	0.99168247	2035-11-29	tropics	22	0.9931574	0.9971793	0.9887826	0.9958544	0.9902497	0.9945719	0.99168247	2035-11-29	tropics	22	-0.0017595291	-0.0007221935	-0.0028999567	-0.0010623457	-0.0025293827	-0.0014071465	-0.0021508932	2035-11-29	tropics	22	-0.0017595291	-0.0007221935	-0.0028999567	-0.0010623457	-0.0025293827	-0.0014071465	-0.0021508932	GARW	2036-04-01
2035-11-30	tropics	22	0.99310744	0.9971669	0.98865944	0.9957839	0.99019516	0.9945048	0.9916289	2035-11-30	tropics	22	0.99310744	0.9971669	0.98865944	0.9957839	0.99019516	0.9945048	0.9916289	2035-11-30	tropics	22	-0.0017721653	-0.00073380466	-0.0029229163	-0.0010793211	-0.002541685	-0.0014097691	-0.002167344	2035-11-30	tropics	22	-0.0017721653	-0.00073380466	-0.0029229163	-0.0010793211	-0.002541685	-0.0014097691	-0.002167344	GARW	2036-04-01
2035-12-01	tropics	22	0.9930715	0.9971829	0.98855865	0.9957561	0.9901121	0.99445295	0.99157214	2035-12-01	tropics	22	0.9930715	0.9971829	0.98855865	0.9957561	0.9901121	0.99445295	0.99157214	2035-12-01	tropics	22	-0.0017962456	-0.00073639146	-0.0029542565	-0.0010922432	-0.0025597096	-0.0014269352	-0.0021839142	2035-12-01	tropics	22	-0.0017962456	-0.00073639146	-0.0029542565	-0.0010922432	-0.0025597096	-0.0014269352	-0.0021839142	GARW	2036-04-01
2035-12-02	tropics	22	0.99298906	0.997158	0.98850095	0.9956739	0.9900521	0.9944252	0.99154556	2035-12-02	tropics	22	0.99298906	0.997158	0.98850095	0.9956739	0.9900521	0.9944252	0.99154556	2035-12-02	tropics	22	-0.0018045902	-0.0007378697	-0.0029846071	-0.0010985851	-0.0025782108	-0.0014377832	-0.0021959543	2035-12-02	tropics	22	-0.0018045902	-0.0007378697	-0.0029846071	-0.0010985851	-0.0025782108	-0.0014377832	-0.0021959543	GARW	2036-04-01
2035-12-03	tropics	22	0.99290305	0.9971252	0.9884063	0.99562365	0.98998374	0.9943757	0.9915144	2035-12-03	tropics	22	0.99290305	0.9971252	0.9884063	0.99562365	0.98998374	0.9943757	0.9915144	2035-12-03	tropics	22	-0.00182271	-0.0007370232	-0.0030019642	-0.0011181359	-0.0025959015	-0.0014505386	-0.0022052526	2035-12-03	tropics	22	-0.00182271	-0.0007370232	-0.0030019642	-0.0011181359	-0.0025959015	-0.0014505386	-0.0022052526	GARW	2036-04-01
2035-12-04	tropics	22	0.9928727	0.9970747	0.98831236	0.99556786	0.98992145	0.99430966	0.9914577	2035-12-04	tropics	22	0.9928727	0.9970747	0.98831236	0.99556786	0.98992145	0.99430966	0.9914577	2035-12-04	tropics	22	-0.0018472672	-0.0007452726	-0.0030240417	-0.0011373523	-0.0026136874	-0.0014618635	-0.0022143126	2035-12-04	tropics	22	-0.0018472672	-0.0007452726	-0.0030240417	-0.0011373523	-0.0026136874	-0.0014618635	-0.0022143126	GARW	2036-04-01
2035-12-05	tropics	22	0.9928419	0.9970389	0.9882206	0.9955271	0.9898765	0.9942223	0.9913845	2035-12-05	tropics	22	0.9928419	0.9970389	0.9882206	0.9955271	0.9898765	0.9942223	0.9913845	2035-12-05	tropics	22	-0.001856327	-0.0007585763	-0.0030490875	-0.0011459352	-0.002624464	-0.0014784336	-0.0022274256	2035-12-05	tropics	22	-0.001856327	-0.0007585763	-0.0030490875	-0.0011459352	-0.002624464	-0.0014784336	-0.0022274256	GARW	2036-04-01
2035-12-06	tropics	22	0.9926811	0.9969949	0.9881285	0.99547446	0.98979	0.994144	0.99129057	2035-12-06	tropics	22	0.9926811	0.9969949	0.9881285	0.99547446	0.98979	0.994144	0.99129057	2035-12-06	tropics	22	-0.0018646717	-0.0007678627	-0.0030727268	-0.0011650086	-0.002642727	-0.0014966726	-0.0022422075	2035-12-06	tropics	22	-0.0018646717	-0.0007678627	-0.0030727268	-0.0011650086	-0.002642727	-0.0014966726	-0.0022422075	GARW	2036-04-01
2035-12-07	tropics	22	0.9925895	0.99692106	0.98803514	0.9954132	0.98973036	0.9940874	0.9912243	2035-12-07	tropics	22	0.9925895	0.99692106	0.98803514	0.9954132	0.98973036	0.9940874	0.9912243	2035-12-07	tropics	22	-0.0018928051	-0.00077763764	-0.003097093	-0.0011657714	-0.00266366	-0.0015200377	-0.0022690296	2035-12-07	tropics	22	-0.0018928051	-0.00077763764	-0.003097093	-0.0011657714	-0.00266366	-0.0015200377	-0.0022690296	GARW	2036-04-01
2035-12-08	tropics	22	0.992491	0.9968284	0.987941	0.99529684	0.9896332	0.99405396	0.9911505	2035-12-08	tropics	22	0.992491	0.9968284	0.987941	0.99529684	0.9896332	0.99405396	0.9911505	2035-12-08	tropics	22	-0.0019259453	-0.00079417205	-0.0031217576	-0.0011950971	-0.002679348	-0.0015345812	-0.002285719	2035-12-08	tropics	22	-0.0019259453	-0.00079417205	-0.0031217576	-0.0011950971	-0.002679348	-0.0015345812	-0.002285719	GARW	2036-04-01
2035-12-09	tropics	22	0.99241346	0.9967146	0.98778963	0.9951744	0.9895189	0.99394596	0.9910195	2035-12-09	tropics	22	0.99241346	0.9967146	0.98778963	0.9951744	0.9895189	0.99394596	0.9910195	2035-12-09	tropics	22	-0.0019528866	-0.0008167982	-0.0031462193	-0.0012099745	-0.0026981353	-0.0015462637	-0.0023071766	2035-12-09	tropics	22	-0.0019528866	-0.0008167982	-0.0031462193	-0.0012099745	-0.0026981353	-0.0015462637	-0.0023071766	GARW	2036-04-01
2035-12-10	tropics	22	0.9923297	0.9965942	0.98767954	0.99508876	0.9894121	0.9938611	0.99092233	2035-12-10	tropics	22	0.9923297	0.9965942	0.98767954	0.99508876	0.9894121	0.9938611	0.99092233	2035-12-10	tropics	22	-0.0019714832	-0.00084439485	-0.003184092	-0.0012526519	-0.0027329444	-0.0015714169	-0.0023376942	2035-12-10	tropics	22	-0.0019714832	-0.00084439485	-0.003184092	-0.0012526519	-0.0027329444	-0.0015714169	-0.0023376942	GARW	2036-04-01
2035-12-11	tropics	22	0.9922778	0.9964685	0.9875667	0.994971	0.9893429	0.99378264	0.99081874	2035-12-11	tropics	22	0.9922778	0.9964685	0.9875667	0.994971	0.9893429	0.99378264	0.99081874	2035-12-11	tropics	22	-0.0019955635	-0.00087540096	-0.0032132268	-0.0012678624	-0.0027551174	-0.0015929937	-0.0023583174	2035-12-11	tropics	22	-0.0019955635	-0.00087540096	-0.0032132268	-0.0012678624	-0.0027551174	-0.0015929937	-0.0023583174	GARW	2036-04-01
2035-12-12	tropics	22	0.9921833	0.99633735	0.9874513	0.99485433	0.9891647	0.9936748	0.99067456	2035-12-12	tropics	22	0.9921833	0.99633735	0.9874513	0.99485433	0.9891647	0.9936748	0.99067456	2035-12-12	tropics	22	-0.0020115376	-0.00090763497	-0.0032425881	-0.0013013363	-0.0027767657	-0.0016139746	-0.002392888	2035-12-12	tropics	22	-0.0020115376	-0.00090763497	-0.0032425881	-0.0013013363	-0.0027767657	-0.0016139746	-0.002392888	GARW	2036-04-01
2035-12-13	tropics	22	0.9920902	0.9962498	0.9873336	0.99482596	0.9890038	0.9935611	0.9905205	2035-12-13	tropics	22	0.9920902	0.9962498	0.9873336	0.99482596	0.9890038	0.9935611	0.9905205	2035-12-13	tropics	22	-0.0020275116	-0.00094132335	-0.003272903	-0.0013360502	-0.0028181553	-0.0016402006	-0.0024193525	2035-12-13	tropics	22	-0.0020275116	-0.00094132335	-0.003272903	-0.0013360502	-0.0028181553	-0.0016402006	-0.0024193525	GARW	2036-04-01
2035-12-14	tropics	22	0.99198484	0.99619114	0.98721355	0.99473494	0.9888838	0.99344236	0.9904261	2035-12-14	tropics	22	0.99198484	0.99619114	0.98721355	0.99473494	0.9888838	0.99344236	0.9904261	2035-12-14	tropics	22	-0.0020542145	-0.0009715073	-0.0033036948	-0.0013322353	-0.0028608323	-0.0016669035	-0.0024647713	2035-12-14	tropics	22	-0.0020542145	-0.0009715073	-0.0033036948	-0.0013322353	-0.0028608323	-0.0016669035	-0.0024647713	GARW	2036-04-01
2035-12-15	tropics	22	0.9918488	0.99613583	0.98710066	0.9946369	0.9887076	0.99333525	0.9902586	2035-12-15	tropics	22	0.9918488	0.99613583	0.98710066	0.9946369	0.9887076	0.99333525	0.9902586	2035-12-15	tropics	22	-0.0020768642	-0.000986862	-0.0033351898	-0.0013654714	-0.002897358	-0.0016971827	-0.002488017	2035-12-15	tropics	22	-0.0020768642	-0.000986862	-0.0033351898	-0.0013654714	-0.002897358	-0.0016971827	-0.002488017	GARW	2036-04-01
2035-12-16	tropics	22	0.99170434	0.9960777	0.9869531	0.9945808	0.9885869	0.99321544	0.990154	2035-12-16	tropics	22	0.99170434	0.9960777	0.9869531	0.9945808	0.9885869	0.99321544	0.990154	2035-12-16	tropics	22	-0.0021150112	-0.0010022987	-0.0033626556	-0.0013838769	-0.0029325008	-0.0017313957	-0.0025303364	2035-12-16	tropics	22	-0.0021150112	-0.0010022987	-0.0033626556	-0.0013838769	-0.0029325008	-0.0017313957	-0.0025303364	GARW	2036-04-01
2035-12-17	tropics	22	0.991571	0.9959588	0.98680335	0.9945012	0.98847127	0.99306107	0.98999816	2035-12-17	tropics	22	0.991571	0.9959588	0.98680335	0.9945012	0.98847127	0.99306107	0.98999816	2035-12-17	tropics	22	-0.0021486282	-0.0010158415	-0.003399539	-0.0014031888	-0.00296278	-0.0017573833	-0.0025660992	2035-12-17	tropics	22	-0.0021486282	-0.0010158415	-0.003399539	-0.0014031888	-0.00296278	-0.0017573833	-0.0025660992	GARW	2036-04-01
2035-12-18	tropics	22	0.9914535	0.9958544	0.98664224	0.9944176	0.9883202	0.9929446	0.9898481	2035-12-18	tropics	22	0.9914535	0.9958544	0.98664224	0.9944176	0.9883202	0.9929446	0.9898481	2035-12-18	tropics	22	-0.0021915436	-0.0010389566	-0.0034411193	-0.0014272213	-0.0030079365	-0.0017940998	-0.0026013851	2035-12-18	tropics	22	-0.0021915436	-0.0010389566	-0.0034411193	-0.0014272213	-0.0030079365	-0.0017940998	-0.0026013851	GARW	2036-04-01
2035-12-19	tropics	22	0.991326	0.995803	0.98651314	0.9942817	0.9881252	0.99281985	0.9897257	2035-12-19	tropics	22	0.991326	0.995803	0.98651314	0.9942817	0.9881252	0.99281985	0.9897257	2035-12-19	tropics	22	-0.0022172928	-0.0010722874	-0.0034824251	-0.001445961	-0.0030410767	-0.0018244982	-0.0026352406	2035-12-19	tropics	22	-0.0022172928	-0.0010722874	-0.0034824251	-0.001445961	-0.0030410767	-0.0018244982	-0.0026352406	GARW	2036-04-01
2035-12-20	tropics	22	0.9912219	0.99569815	0.9863167	0.9941516	0.9879246	0.99272966	0.98960197	2035-12-20	tropics	22	0.9912219	0.99569815	0.9863167	0.9941516	0.9879246	0.99272966	0.98960197	2035-12-20	tropics	22	-0.0022563934	-0.0010885594	-0.0035142303	-0.0014778138	-0.003093338	-0.0018671751	-0.0026761293	2035-12-20	tropics	22	-0.0022563934	-0.0010885594	-0.0035142303	-0.0014778138	-0.003093338	-0.0018671751	-0.0026761293	GARW	2036-04-01
2035-12-21	tropics	22	0.9911196	0.9955388	0.98608434	0.9940472	0.98777515	0.9926071	0.9894092	2035-12-21	tropics	22	0.9911196	0.9955388	0.98608434	0.9940472	0.98777515	0.9926071	0.9894092	2035-12-21	tropics	22	-0.00228405	-0.001109886	-0.003560853	-0.0015090944	-0.0031408786	-0.0018905401	-0.002706647	2035-12-21	tropics	22	-0.00228405	-0.001109886	-0.003560853	-0.0015090944	-0.0031408786	-0.0018905401	-0.002706647	GARW	2036-04-01
2035-12-22	tropics	22	0.9910017	0.9954393	0.98587406	0.9938786	0.9876144	0.99245125	0.98923045	2035-12-22	tropics	22	0.9910017	0.9954393	0.98587406	0.9938786	0.9876144	0.99245125	0.98923045	2035-12-22	tropics	22	-0.002309084	-0.0011489866	-0.0036211014	-0.0015432837	-0.003185606	-0.0019158125	-0.0027529001	2035-12-22	tropics	22	-0.002309084	-0.0011489866	-0.0036211014	-0.0015432837	-0.003185606	-0.0019158125	-0.0027529001	GARW	2036-04-01
2035-12-23	tropics	22	0.99081284	0.9953151	0.98567086	0.9937699	0.9873972	0.99230295	0.9890634	2035-12-23	tropics	22	0.99081284	0.9953151	0.98567086	0.9937699	0.9873972	0.99230295	0.9890634	2035-12-23	tropics	22	-0.0023407936	-0.0011779426	-0.0036796927	-0.0015797615	-0.0032232285	-0.0019563437	-0.0027968884	2035-12-23	tropics	22	-0.0023407936	-0.0011779426	-0.0036796927	-0.0015797615	-0.0032232285	-0.0019563437	-0.0027968884	GARW	2036-04-01
2035-12-24	tropics	22	0.99063426	0.9951246	0.9854333	0.9936756	0.98715276	0.9921522	0.9889046	2035-12-24	tropics	22	0.99063426	0.9951246	0.9854333	0.9936756	0.98715276	0.9921522	0.9889046	2035-12-24	tropics	22	-0.0023810863	-0.001207005	-0.0037331819	-0.0016165259	-0.0032704829	-0.0020017624	-0.0028395653	2035-12-24	tropics	22	-0.0023810863	-0.001207005	-0.0037331819	-0.0016165259	-0.0032704829	-0.0020017624	-0.0028395653	GARW	2036-04-01
2035-12-25	tropics	22	0.990391	0.9949255	0.9851536	0.9935677	0.9868777	0.9919634	0.98867095	2035-12-25	tropics	22	0.990391	0.9949255	0.9851536	0.9935677	0.9868777	0.9919634	0.98867095	2035-12-25	tropics	22	-0.002421856	-0.0012523045	-0.0037891865	-0.0016394616	-0.0033374787	-0.0020335913	-0.0028831959	2035-12-25	tropics	22	-0.002421856	-0.0012523045	-0.0037891865	-0.0016394616	-0.0033374787	-0.0020335913	-0.0028831959	GARW	2036-04-01
2035-12-26	tropics	22	0.99026	0.9947657	0.98487025	0.99342096	0.98675513	0.9918026	0.9885117	2035-12-26	tropics	22	0.99026	0.9947657	0.98487025	0.99342096	0.98675513	0.9918026	0.9885117	2035-12-26	tropics	22	-0.0024924278	-0.0013032428	-0.0038630962	-0.0016682625	-0.00340724	-0.0020823479	-0.002940774	2035-12-26	tropics	22	-0.0024924278	-0.0013032428	-0.0038630962	-0.0016682625	-0.00340724	-0.0020823479	-0.002940774	GARW	2036-04-01
2035-12-27	tropics	22	0.9900899	0.99467605	0.98450166	0.9932641	0.98655885	0.9916435	0.9883151	2035-12-27	tropics	22	0.9900899	0.99467605	0.98450166	0.9932641	0.98655885	0.9916435	0.9883151	2035-12-27	tropics	22	-0.00253129	-0.0013504978	-0.003933859	-0.0017018795	-0.0034527779	-0.0021258593	-0.0029911995	2035-12-27	tropics	22	-0.00253129	-0.0013504978	-0.003933859	-0.0017018795	-0.0034527779	-0.0021258593	-0.0029911995	GARW	2036-04-01
2035-12-28	tropics	22	0.9898653	0.99448395	0.98411196	0.99305457	0.9862731	0.9915083	0.988101	2035-12-28	tropics	22	0.9898653	0.99448395	0.98411196	0.99305457	0.9862731	0.9915083	0.988101	2035-12-28	tropics	22	-0.0025734901	-0.001379108	-0.0040249466	-0.0017405988	-0.0034975528	-0.0021697283	-0.0030378103	2035-12-28	tropics	22	-0.0025734901	-0.001379108	-0.0040249466	-0.0017405988	-0.0034975528	-0.0021697283	-0.0030378103	GARW	2036-04-01
2035-12-29	tropics	22	0.9896755	0.9943556	0.9838961	0.9928817	0.9860319	0.99136484	0.98788494	2035-12-29	tropics	22	0.9896755	0.9943556	0.9838961	0.9928817	0.9860319	0.99136484	0.98788494	2035-12-29	tropics	22	-0.0026261806	-0.0014161109	-0.004125619	-0.0017927648	-0.0035663606	-0.0022082329	-0.003091693	2035-12-29	tropics	22	-0.0026261806	-0.0014161109	-0.004125619	-0.0017927648	-0.0035663606	-0.0022082329	-0.003091693	GARW	2036-04-01
2035-12-30	tropics	22	0.9894572	0.99422747	0.9836814	0.99275786	0.98581934	0.99119484	0.98766685	2035-12-30	tropics	22	0.9894572	0.99422747	0.9836814	0.99275786	0.98581934	0.99119484	0.98766685	2035-12-30	tropics	22	-0.002682209	-0.0014595981	-0.0042010546	-0.0018370152	-0.0036386014	-0.0022394657	-0.0031479597	2035-12-30	tropics	22	-0.002682209	-0.0014595981	-0.0042010546	-0.0018370152	-0.0036386014	-0.0022394657	-0.0031479597	GARW	2036-04-01
2035-12-31	tropics	22	0.98921597	0.9940854	0.98334664	0.9925632	0.98556274	0.99096215	0.9874811	2035-12-31	tropics	22	0.98921597	0.9940854	0.98334664	0.9925632	0.98556274	0.99096215	0.9874811	2035-12-31	tropics	22	-0.0027387142	-0.0014918919	-0.004256344	-0.0018719673	-0.0036903382	-0.0022814274	-0.003205657	2035-12-31	tropics	22	-0.0027387142	-0.0014918919	-0.004256344	-0.0018719673	-0.0036903382	-0.0022814274	-0.003205657	GARW	2036-04-01
2036-01-01	tropics	22	0.9889648	0.99392885	0.983025	0.9922962	0.98530865	0.9907586	0.98726153	2036-01-01	tropics	22	0.9889648	0.99392885	0.983025	0.9922962	0.98530865	0.9907586	0.98726153	2036-01-01	tropics	22	-0.0027916431	-0.0015277024	-0.004330778	-0.0019215585	-0.0037558556	-0.0023413897	-0.0032566786	2036-01-01	tropics	22	-0.0027916431	-0.0015277024	-0.004330778	-0.0019215585	-0.0037558556	-0.0023413897	-0.0032566786	GARW	2036-04-01
2036-01-02	tropics	22	0.9887192	0.99375725	0.98270637	0.9919962	0.98508483	0.9905415	0.9870057	2036-01-02	tropics	22	0.9887192	0.99375725	0.98270637	0.9919962	0.98508483	0.9905415	0.9870057	2036-01-02	tropics	22	-0.0028603077	-0.0015672084	-0.0044247387	-0.001982069	-0.0038244724	-0.0023936033	-0.0033088923	2036-01-02	tropics	22	-0.0028603077	-0.0015672084	-0.0044247387	-0.001982069	-0.0038244724	-0.0023936033	-0.0033088923	GARW	2036-04-01
2036-01-03	tropics	22	0.9884753	0.99356997	0.9823567	0.9917457	0.9848381	0.99031985	0.9867364	2036-01-03	tropics	22	0.9884753	0.99356997	0.9823567	0.9917457	0.9848381	0.99031985	0.9867364	2036-01-03	tropics	22	-0.0029256344	-0.0016104334	-0.0045016767	-0.0020602704	-0.003876257	-0.0024490356	-0.0033749342	2036-01-03	tropics	22	-0.0029256344	-0.0016104334	-0.0045016767	-0.0020602704	-0.003876257	-0.0024490356	-0.0033749342	GARW	2036-04-01
2036-01-04	tropics	22	0.98818916	0.99336886	0.98201466	0.9914892	0.984539	0.9900664	0.98646563	2036-01-04	tropics	22	0.98818916	0.99336886	0.98201466	0.9914892	0.984539	0.9900664	0.98646563	2036-01-04	tropics	22	-0.002991438	-0.0016578548	-0.0045932173	-0.002134228	-0.003947115	-0.0025058985	-0.003444314	2036-01-04	tropics	22	-0.002991438	-0.0016578548	-0.0045932173	-0.002134228	-0.003947115	-0.0025058985	-0.003444314	GARW	2036-04-01
2036-01-05	tropics	22	0.98793674	0.9931813	0.98171747	0.99125016	0.9842292	0.9898316	0.9861971	2036-01-05	tropics	22	0.98793674	0.9931813	0.98171747	0.99125016	0.9842292	0.9898316	0.9861971	2036-01-05	tropics	22	-0.0030603409	-0.0017096746	-0.004687345	-0.0021927836	-0.004027939	-0.0025693178	-0.0035229921	2036-01-05	tropics	22	-0.0030603409	-0.0017096746	-0.004687345	-0.0021927836	-0.004027939	-0.0025693178	-0.0035229921	GARW	2036-04-01
2036-01-06	tropics	22	0.98764396	0.99299455	0.9814128	0.9910128	0.9838559	0.98954266	0.98588	2036-01-06	tropics	22	0.98764396	0.99299455	0.9814128	0.9910128	0.9838559	0.98954266	0.98588	2036-01-06	tropics	22	-0.003131628	-0.0017615899	-0.004767835	-0.0022628312	-0.004094267	-0.0026327372	-0.0035887957	2036-01-06	tropics	22	-0.003131628	-0.0017615899	-0.004767835	-0.0022628312	-0.004094267	-0.0026327372	-0.0035887957	GARW	2036-04-01
2036-01-07	tropics	22	0.9873767	0.9927989	0.98099077	0.9907675	0.98354083	0.9892806	0.9855633	2036-01-07	tropics	22	0.9873767	0.9927989	0.98099077	0.9907675	0.98354083	0.9892806	0.9855633	2036-01-07	tropics	22	-0.0032038689	-0.0018097982	-0.0048476337	-0.0023211956	-0.004200554	-0.002704978	-0.0036665201	2036-01-07	tropics	22	-0.0032038689	-0.0018097982	-0.0048476337	-0.0023211956	-0.004200554	-0.002704978	-0.0036665201	GARW	2036-04-01
2036-01-08	tropics	22	0.9870528	0.9925512	0.98063	0.9905118	0.9832392	0.9890168	0.985269	2036-01-08	tropics	22	0.9870528	0.9925512	0.98063	0.9905118	0.9832392	0.9890168	0.985269	2036-01-08	tropics	22	-0.003276825	-0.0018601404	-0.004945314	-0.0023875716	-0.0042841434	-0.0027766228	-0.0037531853	2036-01-08	tropics	22	-0.003276825	-0.0018601404	-0.004945314	-0.0023875716	-0.0042841434	-0.0027766228	-0.0037531853	GARW	2036-04-01
2036-01-09	tropics	22	0.9867572	0.99228245	0.9802999	0.9901236	0.98300093	0.9886564	0.98497474	2036-01-09	tropics	22	0.9867572	0.99228245	0.9802999	0.9901236	0.98300093	0.9886564	0.98497474	2036-01-09	tropics	22	-0.0033540726	-0.0019183743	-0.0050525903	-0.002449274	-0.004366064	-0.0028406382	-0.0038286448	2036-01-09	tropics	22	-0.0033540726	-0.0019183743	-0.0050525903	-0.002449274	-0.004366064	-0.0028406382	-0.0038286448	GARW	2036-04-01
2036-01-10	tropics	22	0.98641086	0.9920579	0.9800513	0.9897625	0.98257905	0.9883911	0.9846995	2036-01-10	tropics	22	0.98641086	0.9920579	0.9800513	0.9897625	0.98257905	0.9883911	0.9846995	2036-01-10	tropics	22	-0.0034382343	-0.0019872065	-0.0051411153	-0.0025413993	-0.00443573	-0.0029292107	-0.0039038658	2036-01-10	tropics	22	-0.0034382343	-0.0019872065	-0.0051411153	-0.0025413993	-0.00443573	-0.0029292107	-0.0039038658	GARW	2036-04-01
2036-01-11	tropics	22	0.9861109	0.99182445	0.9797574	0.98944676	0.98219347	0.98807824	0.9843895	2036-01-11	tropics	22	0.9861109	0.99182445	0.9797574	0.98944676	0.98219347	0.98807824	0.9843895	2036-01-11	tropics	22	-0.003525734	-0.0020512103	-0.0052147033	-0.0026414872	-0.0045242785	-0.0030115843	-0.0039815903	2036-01-11	tropics	22	-0.003525734	-0.0020512103	-0.0052147033	-0.0026414872	-0.0045242785	-0.0030115843	-0.0039815903	GARW	2036-04-01
2036-01-12	tropics	22	0.9857657	0.99148047	0.9793774	0.989113	0.9819027	0.98775995	0.984044	2036-01-12	tropics	22	0.9857657	0.99148047	0.9793774	0.989113	0.9819027	0.98775995	0.984044	2036-01-12	tropics	22	-0.0036034584	-0.002106559	-0.005281508	-0.0027271272	-0.0046412945	-0.0030921698	-0.0040557384	2036-01-12	tropics	22	-0.0036034584	-0.002106559	-0.005281508	-0.0027271272	-0.0046412945	-0.0030921698	-0.0040557384	GARW	2036-04-01
2036-01-13	tropics	22	0.98540044	0.991098	0.979018	0.98878783	0.98156923	0.9874697	0.9837332	2036-01-13	tropics	22	0.98540044	0.991098	0.979018	0.98878783	0.98156923	0.9874697	0.9837332	2036-01-13	tropics	22	-0.0036940575	-0.0021882767	-0.0053792954	-0.0028142931	-0.004724073	-0.0031738281	-0.004154563	2036-01-13	tropics	22	-0.0036940575	-0.0021882767	-0.0053792954	-0.0028142931	-0.004724073	-0.0031738281	-0.004154563	GARW	2036-04-01
2036-01-14	tropics	22	0.98504996	0.990702	0.97870666	0.9885045	0.9812613	0.9871234	0.9833241	2036-01-14	tropics	22	0.98504996	0.990702	0.97870666	0.9885045	0.9812613	0.9871234	0.9833241	2036-01-14	tropics	22	-0.0037851334	-0.0022872319	-0.005481791	-0.0029016975	-0.0048031807	-0.0032467842	-0.0042301416	2036-01-14	tropics	22	-0.0037851334	-0.0022872319	-0.005481791	-0.0029016975	-0.0048031807	-0.0032467842	-0.0042301416	GARW	2036-04-01
2036-01-15	tropics	22	0.9846623	0.99035037	0.97829187	0.9882185	0.9808908	0.9867347	0.9829792	2036-01-15	tropics	22	0.9846623	0.99035037	0.97829187	0.9882185	0.9808908	0.9867347	0.9829792	2036-01-15	tropics	22	-0.0038866997	-0.002390109	-0.005563891	-0.002982092	-0.004883623	-0.0033363104	-0.0043456554	2036-01-15	tropics	22	-0.0038866997	-0.002390109	-0.005563891	-0.002982092	-0.004883623	-0.0033363104	-0.0043456554	GARW	2036-04-01
2036-01-16	tropics	22	0.984277	0.9899473	0.9778595	0.987852	0.98041266	0.98630196	0.9825876	2036-01-16	tropics	22	0.984277	0.9899473	0.9778595	0.987852	0.98041266	0.98630196	0.9825876	2036-01-16	tropics	22	-0.0039806366	-0.0024824128	-0.0056625726	-0.0030529979	-0.0049892426	-0.003435135	-0.0044322014	2036-01-16	tropics	22	-0.0039806366	-0.0024824128	-0.0056625726	-0.0030529979	-0.0049892426	-0.003435135	-0.0044322014	GARW	2036-04-01
2036-01-17	tropics	22	0.9839122	0.9895523	0.97753555	0.98744303	0.9799053	0.9859328	0.9821845	2036-01-17	tropics	22	0.9839122	0.9895523	0.97753555	0.98744303	0.9799053	0.9859328	0.9821845	2036-01-17	tropics	22	-0.0040814877	-0.0025875326	-0.0057799458	-0.0031322956	-0.005091238	-0.0035493374	-0.0045262575	2036-01-17	tropics	22	-0.0040814877	-0.0025875326	-0.0057799458	-0.0031322956	-0.005091238	-0.0035493374	-0.0045262575	GARW	2036-04-01
2036-01-18	tropics	22	0.9835198	0.9892719	0.9771411	0.9870815	0.9794961	0.9855459	0.98173547	2036-01-18	tropics	22	0.9835198	0.9892719	0.9771411	0.9870815	0.9794961	0.9855459	0.98173547	2036-01-18	tropics	22	-0.004180908	-0.002694712	-0.005874157	-0.0032429218	-0.005229616	-0.0036410093	-0.0046391487	2036-01-18	tropics	22	-0.004180908	-0.002694712	-0.005874157	-0.0032429218	-0.005229616	-0.0036410093	-0.0046391487	GARW	2036-04-01
2036-01-19	tropics	22	0.98315847	0.9887489	0.97674423	0.98671776	0.97909915	0.9852077	0.98131126	2036-01-19	tropics	22	0.98315847	0.9887489	0.97674423	0.98671776	0.97909915	0.9852077	0.98131126	2036-01-19	tropics	22	-0.004286289	-0.0027773604	-0.005972695	-0.0033463957	-0.0053490163	-0.0037527084	-0.0047450066	2036-01-19	tropics	22	-0.004286289	-0.0027773604	-0.005972695	-0.0033463957	-0.0053490163	-0.0037527084	-0.0047450066	GARW	2036-04-01
2036-01-20	tropics	22	0.9827727	0.9883088	0.97633934	0.9863693	0.97867125	0.984754	0.9808986	2036-01-20	tropics	22	0.9827727	0.9883088	0.97633934	0.9863693	0.97867125	0.984754	0.9808986	2036-01-20	tropics	22	-0.0043797493	-0.002885496	-0.0060780286	-0.0034415722	-0.005452824	-0.003839016	-0.004870057	2036-01-20	tropics	22	-0.0043797493	-0.002885496	-0.0060780286	-0.0034415722	-0.005452824	-0.003839016	-0.004870057	GARW	2036-04-01
2036-01-21	tropics	22	0.9823714	0.98798823	0.9759335	0.9860188	0.9782179	0.9843027	0.98042977	2036-01-21	tropics	22	0.9823714	0.98798823	0.9759335	0.9860188	0.9782179	0.9843027	0.98042977	2036-01-21	tropics	22	-0.004477501	-0.003014063	-0.006184864	-0.0035347461	-0.0055672647	-0.0039469004	-0.0049643517	2036-01-21	tropics	22	-0.004477501	-0.003014063	-0.006184864	-0.0035347461	-0.0055672647	-0.0039469004	-0.0049643517	GARW	2036-04-01
2036-01-22	tropics	22	0.98196435	0.9876168	0.97548115	0.9856304	0.97776705	0.9838714	0.98000574	2036-01-22	tropics	22	0.98196435	0.9876168	0.97548115	0.9856304	0.97776705	0.9838714	0.98000574	2036-01-22	tropics	22	-0.0045924187	-0.003110645	-0.006292522	-0.0036248686	-0.0056688786	-0.004074335	-0.0050940514	2036-01-22	tropics	22	-0.0045924187	-0.003110645	-0.006292522	-0.0036248686	-0.0056688786	-0.004074335	-0.0050940514	GARW	2036-04-01
2036-01-23	tropics	22	0.98151004	0.98728275	0.9749245	0.9853038	0.97717345	0.9833692	0.9795581	2036-01-23	tropics	22	0.98151004	0.98728275	0.9749245	0.9853038	0.97717345	0.9833692	0.9795581	2036-01-23	tropics	22	-0.004700899	-0.0032022335	-0.006400907	-0.0037183287	-0.005807209	-0.004194498	-0.0052058697	2036-01-23	tropics	22	-0.004700899	-0.0032022335	-0.006400907	-0.0037183287	-0.005807209	-0.004194498	-0.0052058697	GARW	2036-04-01
2036-01-24	tropics	22	0.9810646	0.98687005	0.97435415	0.9849653	0.9766083	0.98292667	0.97906905	2036-01-24	tropics	22	0.9810646	0.98687005	0.97435415	0.9849653	0.9766083	0.98292667	0.97906905	2036-01-24	tropics	22	-0.0048024654	-0.0032980186	-0.0065464615	-0.003819896	-0.005936861	-0.0043109655	-0.0053281784	2036-01-24	tropics	22	-0.0048024654	-0.0032980186	-0.0065464615	-0.003819896	-0.005936861	-0.0043109655	-0.0053281784	GARW	2036-04-01
2036-01-25	tropics	22	0.9806007	0.98650736	0.9738045	0.98458046	0.9762084	0.98253727	0.97859645	2036-01-25	tropics	22	0.9806007	0.98650736	0.9738045	0.98458046	0.9762084	0.98253727	0.97859645	2036-01-25	tropics	22	-0.0049259663	-0.0033908247	-0.0066983816	-0.0039066793	-0.0061117173	-0.0044323206	-0.0054483414	2036-01-25	tropics	22	-0.0049259663	-0.0033908247	-0.0066983816	-0.0039066793	-0.0061117173	-0.0044323206	-0.0054483414	GARW	2036-04-01
2036-01-26	tropics	22	0.9801081	0.98617303	0.97320896	0.98406106	0.9757859	0.98214924	0.9780485	2036-01-26	tropics	22	0.9801081	0.98617303	0.97320896	0.98406106	0.9757859	0.98214924	0.9780485	2036-01-26	tropics	22	-0.0050468445	-0.003499543	-0.006844211	-0.00400939	-0.00622015	-0.0045393705	-0.0055838823	2036-01-26	tropics	22	-0.0050468445	-0.003499543	-0.006844211	-0.00400939	-0.00622015	-0.0045393705	-0.0055838823	GARW	2036-04-01
2036-01-27	tropics	22	0.9796785	0.9859777	0.97255707	0.9836945	0.975318	0.98174846	0.9775427	2036-01-27	tropics	22	0.9796785	0.9859777	0.97255707	0.9836945	0.975318	0.98174846	0.9775427	2036-01-27	tropics	22	-0.005175829	-0.0035878534	-0.0069952845	-0.00412817	-0.0063340664	-0.0046411753	-0.00571084	2036-01-27	tropics	22	-0.005175829	-0.0035878534	-0.0069952845	-0.00412817	-0.0063340664	-0.0046411753	-0.00571084	GARW	2036-04-01
2036-01-28	tropics	22	0.97925246	0.9856336	0.97190356	0.9833683	0.97487545	0.9813486	0.9770423	2036-01-28	tropics	22	0.97925246	0.9856336	0.97190356	0.9833683	0.97487545	0.9813486	0.9770423	2036-01-28	tropics	22	-0.005293846	-0.0036556474	-0.007168007	-0.0042360784	-0.0064550876	-0.004753828	-0.0058552027	2036-01-28	tropics	22	-0.005293846	-0.0036556474	-0.007168007	-0.0042360784	-0.0064550876	-0.004753828	-0.0058552027	GARW	2036-04-01
2036-01-29	tropics	22	0.97868764	0.985408	0.97124916	0.98300064	0.9743479	0.98089063	0.97648853	2036-01-29	tropics	22	0.97868764	0.985408	0.97124916	0.98300064	0.9743479	0.98089063	0.97648853	2036-01-29	tropics	22	-0.0054092407	-0.0037304033	-0.007342541	-0.0043292046	-0.0065675257	-0.004855156	-0.0059808493	2036-01-29	tropics	22	-0.0054092407	-0.0037304033	-0.007342541	-0.0043292046	-0.0065675257	-0.004855156	-0.0059808493	GARW	2036-04-01
2036-01-30	tropics	22	0.9782641	0.9850817	0.9705926	0.9826095	0.97388744	0.9803922	0.97599876	2036-01-30	tropics	22	0.9782641	0.9850817	0.9705926	0.9826095	0.97388744	0.9803922	0.97599876	2036-01-30	tropics	22	-0.0055446625	-0.0037994375	-0.007517254	-0.0044181347	-0.006711483	-0.0049681664	-0.0061278343	2036-01-30	tropics	22	-0.0055446625	-0.0037994375	-0.007517254	-0.0044181347	-0.006711483	-0.0049681664	-0.0061278343	GARW	2036-04-01
2036-01-31	tropics	22	0.9778081	0.9846749	0.9700289	0.98214155	0.9733553	0.980091	0.9754913	2036-01-31	tropics	22	0.9778081	0.9846749	0.9700289	0.98214155	0.9733553	0.980091	0.9754913	2036-01-31	tropics	22	-0.005673647	-0.0038698432	-0.007692253	-0.004503918	-0.0068290234	-0.005105853	-0.006270051	2036-01-31	tropics	22	-0.005673647	-0.0038698432	-0.007692253	-0.004503918	-0.0068290234	-0.005105853	-0.006270051	GARW	2036-04-01
2036-02-01	tropics	22	0.97738236	0.98425907	0.9695095	0.9817186	0.9727201	0.97961104	0.97493863	2036-02-01	tropics	22	0.97738236	0.98425907	0.9695095	0.9817186	0.9727201	0.97961104	0.97493863	2036-02-01	tropics	22	-0.005792618	-0.003975236	-0.007857096	-0.0046411045	-0.00697999	-0.005195737	-0.006399989	2036-02-01	tropics	22	-0.005792618	-0.003975236	-0.007857096	-0.0046411045	-0.00697999	-0.005195737	-0.006399989	GARW	2036-04-01
2036-02-02	tropics	22	0.976877	0.983892	0.96896607	0.9814143	0.9722937	0.9791812	0.9744268	2036-02-02	tropics	22	0.976877	0.983892	0.96896607	0.9814143	0.9722937	0.9791812	0.9744268	2036-02-02	tropics	22	-0.0059070587	-0.0040847175	-0.007996559	-0.0047608856	-0.0071104527	-0.0053116083	-0.0065538883	2036-02-02	tropics	22	-0.0059070587	-0.0040847175	-0.007996559	-0.0047608856	-0.0071104527	-0.0053116083	-0.0065538883	GARW	2036-04-01
2036-02-03	tropics	22	0.97640705	0.98343056	0.96835244	0.98109716	0.9716989	0.9787238	0.97387385	2036-02-03	tropics	22	0.97640705	0.98343056	0.96835244	0.98109716	0.9716989	0.9787238	0.97387385	2036-02-03	tropics	22	-0.00602746	-0.0041881795	-0.008134616	-0.004850626	-0.0072527407	-0.005428076	-0.006685376	2036-02-03	tropics	22	-0.00602746	-0.0041881795	-0.008134616	-0.004850626	-0.0072527407	-0.005428076	-0.006685376	GARW	2036-04-01
2036-02-04	tropics	22	0.97591186	0.9830176	0.9677434	0.9807312	0.971159	0.97833127	0.97333586	2036-02-04	tropics	22	0.97591186	0.9830176	0.9677434	0.9807312	0.971159	0.97833127	0.97333586	2036-02-04	tropics	22	-0.006157398	-0.004291737	-0.008296811	-0.004921865	-0.0074061393	-0.0055434704	-0.0068255663	2036-02-04	tropics	22	-0.006157398	-0.004291737	-0.008296811	-0.004921865	-0.0074061393	-0.0055434704	-0.0068255663	GARW	2036-04-01
2036-02-05	tropics	22	0.9754466	0.9826876	0.96713984	0.98032093	0.97049993	0.97791433	0.9728455	2036-02-05	tropics	22	0.9754466	0.9826876	0.96713984	0.98032093	0.97049993	0.97791433	0.9728455	2036-02-05	tropics	22	-0.006290674	-0.0044204704	-0.008460498	-0.005014086	-0.0075487616	-0.0056587458	-0.0069742203	2036-02-05	tropics	22	-0.006290674	-0.0044204704	-0.008460498	-0.005014086	-0.0075487616	-0.0056587458	-0.0069742203	GARW	2036-04-01
2036-02-06	tropics	22	0.9749665	0.98245853	0.9665426	0.9799027	0.9699451	0.9774393	0.9722794	2036-02-06	tropics	22	0.9749665	0.98245853	0.9665426	0.9799027	0.9699451	0.9774393	0.9722794	2036-02-06	tropics	22	-0.0064167976	-0.0045085065	-0.008623183	-0.005136157	-0.007724571	-0.005755186	-0.007105112	2036-02-06	tropics	22	-0.0064167976	-0.0045085065	-0.008623183	-0.005136157	-0.007724571	-0.005755186	-0.007105112	GARW	2036-04-01
2036-02-07	tropics	22	0.97447526	0.98212296	0.96595246	0.9795709	0.96936977	0.9769797	0.97175825	2036-02-07	tropics	22	0.97447526	0.98212296	0.96595246	0.9795709	0.96936977	0.9769797	0.97175825	2036-02-07	tropics	22	-0.0065369606	-0.0045775995	-0.0087841395	-0.005231047	-0.007869625	-0.0058807135	-0.0072495937	2036-02-07	tropics	22	-0.0065369606	-0.0045775995	-0.0087841395	-0.005231047	-0.007869625	-0.0058807135	-0.0072495937	GARW	2036-04-01
2036-02-08	tropics	22	0.9739413	0.9817853	0.9653703	0.97922826	0.9688498	0.97655284	0.9711655	2036-02-08	tropics	22	0.9739413	0.9817853	0.9653703	0.97922826	0.9688498	0.97655284	0.9711655	2036-02-08	tropics	22	-0.0066776276	-0.004657197	-0.008943391	-0.0053353794	-0.008022308	-0.006008029	-0.0073885918	2036-02-08	tropics	22	-0.0066776276	-0.004657197	-0.008943391	-0.0053353794	-0.008022308	-0.006008029	-0.0073885918	GARW	2036-04-01
2036-02-09	tropics	22	0.9734185	0.9813957	0.96483576	0.9788675	0.96823835	0.97619903	0.97060907	2036-02-09	tropics	22	0.9734185	0.9813957	0.96483576	0.9788675	0.96823835	0.97619903	0.97060907	2036-02-09	tropics	22	-0.0068073273	-0.004745398	-0.009100688	-0.0054212096	-0.00817318	-0.0061326027	-0.0075451136	2036-02-09	tropics	22	-0.0068073273	-0.004745398	-0.009100688	-0.0054212096	-0.00817318	-0.0061326027	-0.0075451136	GARW	2036-04-01
2036-02-10	tropics	22	0.97293204	0.98094296	0.9643245	0.97851354	0.967736	0.97582436	0.97018117	2036-02-10	tropics	22	0.97293204	0.98094296	0.9643245	0.97851354	0.967736	0.97582436	0.97018117	2036-02-10	tropics	22	-0.006951332	-0.004838487	-0.009250748	-0.0055128573	-0.008337259	-0.006229043	-0.007694483	2036-02-10	tropics	22	-0.006951332	-0.004838487	-0.009250748	-0.0055128573	-0.008337259	-0.006229043	-0.007694483	GARW	2036-04-01
2036-02-11	tropics	22	0.9724177	0.98042214	0.96379775	0.9779839	0.9671491	0.9754571	0.96964365	2036-02-11	tropics	22	0.9724177	0.98042214	0.96379775	0.9779839	0.9671491	0.9754571	0.96964365	2036-02-11	tropics	22	-0.007085085	-0.004957291	-0.009388638	-0.0056163794	-0.008482123	-0.006321192	-0.007833958	2036-02-11	tropics	22	-0.007085085	-0.004957291	-0.009388638	-0.0056163794	-0.008482123	-0.006321192	-0.007833958	GARW	2036-04-01
2036-02-12	tropics	22	0.9719039	0.97986484	0.9631594	0.9775458	0.96656597	0.9750647	0.969106	2036-02-12	tropics	22	0.9719039	0.97986484	0.9631594	0.9775458	0.96656597	0.9750647	0.969106	2036-02-12	tropics	22	-0.0072188377	-0.005086263	-0.00952605	-0.0057456987	-0.008622026	-0.006424904	-0.007959962	2036-02-12	tropics	22	-0.0072188377	-0.005086263	-0.00952605	-0.0057456987	-0.008622026	-0.006424904	-0.007959962	GARW	2036-04-01
2036-02-13	tropics	22	0.97143537	0.9792976	0.9626022	0.9771549	0.96598846	0.9747037	0.96854246	2036-02-13	tropics	22	0.97143537	0.9792976	0.9626022	0.9771549	0.96598846	0.9747037	0.96854246	2036-02-13	tropics	22	-0.0073521137	-0.0052327127	-0.00969634	-0.005849934	-0.008785772	-0.00652647	-0.008099914	2036-02-13	tropics	22	-0.0073521137	-0.0052327127	-0.00969634	-0.005849934	-0.008785772	-0.00652647	-0.008099914	GARW	2036-04-01
2036-02-14	tropics	22	0.97091055	0.9787851	0.9620801	0.9767723	0.9655245	0.9742518	0.96799964	2036-02-14	tropics	22	0.97091055	0.9787851	0.9620801	0.9767723	0.9655245	0.9742518	0.96799964	2036-02-14	tropics	22	-0.007488966	-0.005382047	-0.009849	-0.0059847846	-0.0089428425	-0.006629586	-0.008249164	2036-02-14	tropics	22	-0.007488966	-0.005382047	-0.009849	-0.0059847846	-0.0089428425	-0.006629586	-0.008249164	GARW	2036-04-01
2036-02-15	tropics	22	0.97043514	0.9784047	0.9616432	0.976485	0.96490777	0.9737983	0.9675728	2036-02-15	tropics	22	0.97043514	0.9784047	0.9616432	0.976485	0.96490777	0.9737983	0.9675728	2036-02-15	tropics	22	-0.0076236725	-0.005524599	-0.00999254	-0.006067753	-0.009066582	-0.006734729	-0.0083966255	2036-02-15	tropics	22	-0.0076236725	-0.005524599	-0.00999254	-0.006067753	-0.009066582	-0.006734729	-0.0083966255	GARW	2036-04-01
2036-02-16	tropics	22	0.9699318	0.97804767	0.96131116	0.97618073	0.9644966	0.97338784	0.9670563	2036-02-16	tropics	22	0.9699318	0.97804767	0.96131116	0.97618073	0.9644966	0.97338784	0.9670563	2036-02-16	tropics	22	-0.0077478886	-0.005640578	-0.010128057	-0.0061617857	-0.009222364	-0.006858468	-0.00852561	2036-02-16	tropics	22	-0.0077478886	-0.005640578	-0.010128057	-0.0061617857	-0.009222364	-0.006858468	-0.00852561	GARW	2036-04-01
2036-02-17	tropics	22	0.96945095	0.9776846	0.9609882	0.9757298	0.9640121	0.972927	0.9666048	2036-02-17	tropics	22	0.96945095	0.9776846	0.9609882	0.9757298	0.9640121	0.972927	0.9666048	2036-02-17	tropics	22	-0.007880688	-0.0057350155	-0.010219001	-0.006223631	-0.009363985	-0.006965637	-0.00865972	2036-02-17	tropics	22	-0.007880688	-0.0057350155	-0.010219001	-0.006223631	-0.009363985	-0.006965637	-0.00865972	GARW	2036-04-01
2036-02-18	tropics	22	0.9690436	0.9772545	0.9604216	0.97538465	0.96343356	0.97247386	0.966084	2036-02-18	tropics	22	0.9690436	0.9772545	0.9604216	0.97538465	0.96343356	0.97247386	0.966084	2036-02-18	tropics	22	-0.008020878	-0.005830657	-0.010307717	-0.0063351155	-0.009471798	-0.007086396	-0.008779049	2036-02-18	tropics	22	-0.008020878	-0.005830657	-0.010307717	-0.0063351155	-0.009471798	-0.007086396	-0.008779049	GARW	2036-04-01
2036-02-19	tropics	22	0.9686066	0.9767161	0.95972896	0.9750314	0.96291226	0.97200775	0.9654662	2036-02-19	tropics	22	0.9686066	0.9767161	0.95972896	0.9750314	0.96291226	0.97200775	0.9654662	2036-02-19	tropics	22	-0.008126974	-0.0059307814	-0.010433995	-0.006449461	-0.009617329	-0.007211685	-0.008904099	2036-02-19	tropics	22	-0.008126974	-0.0059307814	-0.010433995	-0.006449461	-0.009617329	-0.007211685	-0.008904099	GARW	2036-04-01
2036-02-20	tropics	22	0.96812713	0.9763522	0.9590644	0.97453666	0.96234226	0.97161067	0.96493745	2036-02-20	tropics	22	0.96812713	0.9763522	0.9590644	0.97453666	0.96234226	0.97161067	0.96493745	2036-02-20	tropics	22	-0.00824523	-0.0060768	-0.010596991	-0.0065290458	-0.009762478	-0.0073338747	-0.009076595	2036-02-20	tropics	22	-0.00824523	-0.0060768	-0.010596991	-0.0065290458	-0.009762478	-0.0073338747	-0.009076595	GARW	2036-04-01
2036-02-21	tropics	22	0.96764684	0.9760156	0.95848906	0.9741028	0.9618368	0.97111493	0.9645122	2036-02-21	tropics	22	0.96764684	0.9760156	0.95848906	0.9741028	0.9618368	0.97111493	0.9645122	2036-02-21	tropics	22	-0.008369923	-0.006188249	-0.010792243	-0.006673528	-0.0099208355	-0.007449031	-0.009221911	2036-02-21	tropics	22	-0.008369923	-0.006188249	-0.010792243	-0.006673528	-0.0099208355	-0.007449031	-0.009221911	GARW	2036-04-01
2036-02-22	tropics	22	0.9671323	0.97565436	0.9580409	0.9737003	0.96129763	0.970648	0.9640312	2036-02-22	tropics	22	0.9671323	0.97565436	0.9580409	0.9737003	0.96129763	0.970648	0.9640312	2036-02-22	tropics	22	-0.008496046	-0.0062773935	-0.010967433	-0.0067862035	-0.01005702	-0.007572055	-0.009354472	2036-02-22	tropics	22	-0.008496046	-0.0062773935	-0.010967433	-0.0067862035	-0.01005702	-0.007572055	-0.009354472	GARW	2036-04-01
2036-02-23	tropics	22	0.9667232	0.97528726	0.95760053	0.9733146	0.9607804	0.9701766	0.9634733	2036-02-23	tropics	22	0.9667232	0.97528726	0.95760053	0.9733146	0.9607804	0.9701766	0.9634733	2036-02-23	tropics	22	-0.008630037	-0.0063672173	-0.01108973	-0.0068778996	-0.010204029	-0.007691622	-0.009465933	2036-02-23	tropics	22	-0.008630037	-0.0063672173	-0.01108973	-0.0068778996	-0.010204029	-0.007691622	-0.009465933	GARW	2036-04-01
2036-02-24	tropics	22	0.9664022	0.9750383	0.95713866	0.97294414	0.9602877	0.9697748	0.9630043	2036-02-24	tropics	22	0.9664022	0.9750383	0.95713866	0.97294414	0.9602877	0.9697748	0.9630043	2036-02-24	tropics	22	-0.008758545	-0.0064742197	-0.0112095475	-0.0069808965	-0.01033473	-0.007812858	-0.009612203	2036-02-24	tropics	22	-0.008758545	-0.0064742197	-0.0112095475	-0.0069808965	-0.01033473	-0.007812858	-0.009612203	GARW	2036-04-01
2036-02-25	tropics	22	0.9659159	0.97475123	0.95659584	0.9726128	0.9597995	0.9693648	0.96268964	2036-02-25	tropics	22	0.9659159	0.97475123	0.95659584	0.9726128	0.9597995	0.9693648	0.96268964	2036-02-25	tropics	22	-0.008857489	-0.0065451735	-0.011327612	-0.0070955763	-0.010486173	-0.007943273	-0.009750962	2036-02-25	tropics	22	-0.008857489	-0.0065451735	-0.011327612	-0.0070955763	-0.010486173	-0.007943273	-0.009750962	GARW	2036-04-01
2036-02-26	tropics	22	0.96567094	0.9744483	0.9561495	0.9721632	0.9592919	0.9689792	0.96234	2036-02-26	tropics	22	0.96567094	0.9744483	0.9561495	0.9721632	0.9592919	0.9689792	0.96234	2036-02-26	tropics	22	-0.0089354515	-0.006619703	-0.0114731435	-0.0071843155	-0.010609865	-0.0080497265	-0.009850621	2036-02-26	tropics	22	-0.0089354515	-0.006619703	-0.0114731435	-0.0071843155	-0.010609865	-0.0080497265	-0.009850621	GARW	2036-04-01
2036-02-27	tropics	22	0.96527505	0.97407204	0.9555111	0.97166216	0.9587813	0.96855223	0.96190953	2036-02-27	tropics	22	0.96527505	0.97407204	0.9555111	0.97166216	0.9587813	0.96855223	0.96190953	2036-02-27	tropics	22	-0.00906086	-0.0066971886	-0.011599791	-0.007293082	-0.0107451435	-0.008148789	-0.009933233	2036-02-27	tropics	22	-0.00906086	-0.0066971886	-0.011599791	-0.007293082	-0.0107451435	-0.008148789	-0.009933233	GARW	2036-04-01
2036-02-28	tropics	22	0.9648442	0.97383064	0.95481706	0.97113234	0.9582516	0.96819466	0.96147966	2036-02-28	tropics	22	0.9648442	0.97383064	0.95481706	0.97113234	0.9582516	0.96819466	0.96147966	2036-02-28	tropics	22	-0.009131193	-0.00679574	-0.011766099	-0.0074171065	-0.010877895	-0.008263707	-0.010055423	2036-02-28	tropics	22	-0.009131193	-0.00679574	-0.011766099	-0.0074171065	-0.010877895	-0.008263707	-0.010055423	GARW	2036-04-01
2036-02-29	tropics	22	0.9644669	0.97346854	0.95404166	0.9708769	0.95785046	0.9678001	0.9610032	2036-02-29	tropics	22	0.9644669	0.97346854	0.95404166	0.9708769	0.95785046	0.9678001	0.9610032	2036-02-29	tropics	22	-0.009254456	-0.0068728677	-0.01193068	-0.007566595	-0.011028672	-0.00837183	-0.010162473	2036-02-29	tropics	22	-0.009254456	-0.0068728677	-0.01193068	-0.007566595	-0.011028672	-0.00837183	-0.010162473	GARW	2036-04-01
2036-03-01	tropics	22	0.96412194	0.973186	0.95326984	0.9705483	0.9574071	0.96747804	0.9605878	2036-03-01	tropics	22	0.96412194	0.973186	0.95326984	0.9705483	0.9574071	0.96747804	0.9605878	2036-03-01	tropics	22	-0.009373903	-0.0069496864	-0.012140262	-0.007668067	-0.011151457	-0.008467078	-0.010288835	2036-03-01	tropics	22	-0.009373903	-0.0069496864	-0.012140262	-0.007668067	-0.011151457	-0.008467078	-0.010288835	GARW	2036-04-01
2036-03-02	tropics	22	0.9637763	0.9729116	0.952882	0.97029376	0.9569235	0.9670467	0.96015656	2036-03-02	tropics	22	0.9637763	0.9729116	0.952882	0.97029376	0.9569235	0.9670467	0.96015656	2036-03-02	tropics	22	-0.009460926	-0.007037638	-0.012350822	-0.0077486527	-0.011266517	-0.008560419	-0.010400295	2036-03-02	tropics	22	-0.009460926	-0.007037638	-0.012350822	-0.0077486527	-0.011266517	-0.008560419	-0.010400295	GARW	2036-04-01
2036-03-03	tropics	22	0.9634572	0.9726404	0.9525467	0.9702093	0.9564706	0.96665	0.959811	2036-03-03	tropics	22	0.9634572	0.9726404	0.9525467	0.9702093	0.9564706	0.96665	0.959811	2036-03-03	tropics	22	-0.009558201	-0.0071106306	-0.012501967	-0.007812643	-0.011389446	-0.00867331	-0.010533929	2036-03-03	tropics	22	-0.009558201	-0.0071106306	-0.012501967	-0.007812643	-0.011389446	-0.00867331	-0.010533929	GARW	2036-04-01
2036-03-04	tropics	22	0.963081	0.9723617	0.9518331	0.9699016	0.9559384	0.9662921	0.9594396	2036-03-04	tropics	22	0.963081	0.9723617	0.9518331	0.9699016	0.9559384	0.9662921	0.9594396	2036-03-04	tropics	22	-0.009641886	-0.007183659	-0.01259104	-0.007857657	-0.011515331	-0.008787394	-0.0106287	2036-03-04	tropics	22	-0.009641886	-0.007183659	-0.01259104	-0.007857657	-0.011515331	-0.008787394	-0.0106287	GARW	2036-04-01
2036-03-05	tropics	22	0.9626658	0.9721671	0.9512917	0.9694916	0.9554018	0.965976	0.9589796	2036-03-05	tropics	22	0.9626658	0.9721671	0.9512917	0.9694916	0.9554018	0.965976	0.9589796	2036-03-05	tropics	22	-0.009744406	-0.0072540278	-0.012739253	-0.007906437	-0.0116631985	-0.008865476	-0.010721207	2036-03-05	tropics	22	-0.009744406	-0.0072540278	-0.012739253	-0.007906437	-0.0116631985	-0.008865476	-0.010721207	GARW	2036-04-01
2036-03-06	tropics	22	0.9622761	0.97202724	0.9506487	0.969285	0.9548419	0.96582294	0.95865047	2036-03-06	tropics	22	0.9622761	0.97202724	0.9506487	0.969285	0.9548419	0.96582294	0.95865047	2036-03-06	tropics	22	-0.00984025	-0.007322955	-0.012925601	-0.008017731	-0.011787748	-0.008969307	-0.010823727	2036-03-06	tropics	22	-0.00984025	-0.007322955	-0.012925601	-0.008017731	-0.011787748	-0.008969307	-0.010823727	GARW	2036-04-01
2036-03-07	tropics	22	0.9618297	0.97185767	0.950017	0.9688469	0.95429933	0.9655438	0.9581824	2036-03-07	tropics	22	0.9618297	0.97185767	0.950017	0.9688469	0.95429933	0.9655438	0.9581824	2036-03-07	tropics	22	-0.009945393	-0.0073621986	-0.013078034	-0.008094025	-0.011945057	-0.009021521	-0.010947466	2036-03-07	tropics	22	-0.009945393	-0.0073621986	-0.013078034	-0.008094025	-0.011945057	-0.009021521	-0.010947466	GARW	2036-04-01
2036-03-08	tropics	22	0.96140695	0.9716851	0.9495049	0.9686258	0.95375574	0.9652227	0.9578187	2036-03-08	tropics	22	0.96140695	0.9716851	0.9495049	0.9686258	0.95375574	0.9652227	0.9578187	2036-03-08	tropics	22	-0.010063887	-0.007402396	-0.013251222	-0.008177852	-0.012097931	-0.0090869665	-0.011059523	2036-03-08	tropics	22	-0.010063887	-0.007402396	-0.013251222	-0.008177852	-0.012097931	-0.0090869665	-0.011059523	GARW	2036-04-01
2036-03-09	tropics	22	0.9610907	0.97153294	0.9490064	0.9684473	0.9533584	0.964955	0.9574676	2036-03-09	tropics	22	0.9610907	0.97153294	0.9490064	0.9684473	0.9533584	0.964955	0.9574676	2036-03-09	tropics	22	-0.0101799965	-0.0074489946	-0.013409876	-0.008265972	-0.012260723	-0.009165764	-0.011155248	2036-03-09	tropics	22	-0.0101799965	-0.0074489946	-0.013409876	-0.008265972	-0.012260723	-0.009165764	-0.011155248	GARW	2036-04-01
2036-03-10	tropics	22	0.960884	0.9714505	0.94835055	0.96821296	0.9529372	0.9646666	0.95699143	2036-03-10	tropics	22	0.960884	0.9714505	0.94835055	0.96821296	0.9529372	0.9646666	0.95699143	2036-03-10	tropics	22	-0.01028657	-0.0074930307	-0.0135283945	-0.008317327	-0.012365294	-0.009242296	-0.011250377	2036-03-10	tropics	22	-0.01028657	-0.0074930307	-0.0135283945	-0.008317327	-0.012365294	-0.009242296	-0.011250377	GARW	2036-04-01
2036-03-11	tropics	22	0.96057665	0.97124064	0.9476108	0.96800673	0.9526029	0.9644152	0.9565433	2036-03-11	tropics	22	0.96057665	0.97124064	0.9476108	0.96800673	0.9526029	0.9644152	0.9565433	2036-03-11	tropics	22	-0.010353804	-0.00752784	-0.013701879	-0.00837288	-0.012472534	-0.009322882	-0.011388421	2036-03-11	tropics	22	-0.010353804	-0.00752784	-0.013701879	-0.00837288	-0.012472534	-0.009322882	-0.011388421	GARW	2036-04-01
2036-03-12	tropics	22	0.9603628	0.9711704	0.9468844	0.9677737	0.9520048	0.9641777	0.9560945	2036-03-12	tropics	22	0.9603628	0.9711704	0.9468844	0.9677737	0.9520048	0.9641777	0.9560945	2036-03-12	tropics	22	-0.010407686	-0.0075634476	-0.01389637	-0.008431291	-0.012594461	-0.009394169	-0.011488557	2036-03-12	tropics	22	-0.010407686	-0.0075634476	-0.01389637	-0.008431291	-0.012594461	-0.009394169	-0.011488557	GARW	2036-04-01
2036-03-13	tropics	22	0.96015906	0.9710076	0.9462121	0.96757495	0.95145524	0.9638953	0.95577854	2036-03-13	tropics	22	0.96015906	0.9710076	0.9462121	0.96757495	0.95145524	0.9638953	0.95577854	2036-03-13	tropics	22	-0.010485649	-0.0076073525	-0.014096987	-0.008487129	-0.012719249	-0.009452105	-0.01161623	2036-03-13	tropics	22	-0.010485649	-0.0076073525	-0.014096987	-0.008487129	-0.012719249	-0.009452105	-0.01161623	GARW	2036-04-01
2036-03-14	tropics	22	0.9599354	0.97085845	0.9457385	0.9673465	0.9507971	0.9636137	0.95541036	2036-03-14	tropics	22	0.9599354	0.97085845	0.9457385	0.9673465	0.9507971	0.9636137	0.95541036	2036-03-14	tropics	22	-0.0105416775	-0.0076288814	-0.014288939	-0.008559942	-0.012874031	-0.009513855	-0.011723757	2036-03-14	tropics	22	-0.0105416775	-0.0076288814	-0.014288939	-0.008559942	-0.012874031	-0.009513855	-0.011723757	GARW	2036-04-01
2036-03-15	tropics	22	0.9597218	0.97074336	0.94513106	0.9669916	0.9503659	0.96346533	0.95506585	2036-03-15	tropics	22	0.9597218	0.97074336	0.94513106	0.9669916	0.9503659	0.96346533	0.95506585	2036-03-15	tropics	22	-0.010588646	-0.0076735015	-0.014435416	-0.008602382	-0.013037443	-0.009614587	-0.011804938	2036-03-15	tropics	22	-0.010588646	-0.0076735015	-0.014435416	-0.008602382	-0.013037443	-0.009614587	-0.011804938	GARW	2036-04-01
2036-03-16	tropics	22	0.9594996	0.9706008	0.9445406	0.9667318	0.9499274	0.9631882	0.95464826	2036-03-16	tropics	22	0.9594996	0.9706008	0.9445406	0.9667318	0.9499274	0.9631882	0.95464826	2036-03-16	tropics	22	-0.010657072	-0.007709086	-0.014589238	-0.008688974	-0.013193178	-0.009657621	-0.011898279	2036-03-16	tropics	22	-0.010657072	-0.007709086	-0.014589238	-0.008688974	-0.013193178	-0.009657621	-0.011898279	GARW	2036-04-01
2036-03-17	tropics	22	0.9593017	0.9705493	0.94401616	0.96664935	0.9494369	0.96301186	0.9543724	2036-03-17	tropics	22	0.9593017	0.9705493	0.94401616	0.96664935	0.9494369	0.96301186	0.9543724	2036-03-17	tropics	22	-0.010714769	-0.007743418	-0.014752937	-0.00878277	-0.013326025	-0.009714842	-0.012010217	2036-03-17	tropics	22	-0.010714769	-0.007743418	-0.014752937	-0.00878277	-0.013326025	-0.009714842	-0.012010217	GARW	2036-04-01
2036-03-18	tropics	22	0.95909953	0.9704666	0.94342697	0.9664063	0.9490049	0.962881	0.9539582	2036-03-18	tropics	22	0.95909953	0.9704666	0.94342697	0.9664063	0.9490049	0.962881	0.9539582	2036-03-18	tropics	22	-0.010769129	-0.007763934	-0.014909208	-0.008798552	-0.013442946	-0.0097693205	-0.012118578	2036-03-18	tropics	22	-0.010769129	-0.007763934	-0.014909208	-0.008798552	-0.013442946	-0.0097693205	-0.012118578	GARW	2036-04-01
2036-03-19	tropics	22	0.9588195	0.97036064	0.942879	0.9662337	0.94861513	0.9626957	0.9535608	2036-03-19	tropics	22	0.9588195	0.97036064	0.942879	0.9662337	0.94861513	0.9626957	0.9535608	2036-03-19	tropics	22	-0.01082921	-0.0077825896	-0.015048278	-0.008868552	-0.013543176	-0.009799957	-0.012187839	2036-03-19	tropics	22	-0.01082921	-0.0077825896	-0.015048278	-0.008868552	-0.013543176	-0.009799957	-0.012187839	GARW	2036-04-01
2036-03-20	tropics	22	0.95855117	0.9702616	0.9426135	0.9659851	0.94784564	0.9625829	0.95327514	2036-03-20	tropics	22	0.95855117	0.9702616	0.9426135	0.9659851	0.94784564	0.9625829	0.95327514	2036-03-20	tropics	22	-0.010891914	-0.007809174	-0.015228808	-0.008912945	-0.013622856	-0.009852529	-0.012317181	2036-03-20	tropics	22	-0.010891914	-0.007809174	-0.015228808	-0.008912945	-0.013622856	-0.009852529	-0.012317181	GARW	2036-04-01
2036-03-21	tropics	22	0.9583802	0.9701658	0.9420697	0.96598506	0.9473137	0.96240044	0.9529081	2036-03-21	tropics	22	0.9583802	0.9701658	0.9420697	0.96598506	0.9473137	0.96240044	0.9529081	2036-03-21	tropics	22	-0.010961771	-0.007836186	-0.015315485	-0.0089589115	-0.013841724	-0.009894133	-0.012396574	2036-03-21	tropics	22	-0.010961771	-0.007836186	-0.015315485	-0.0089589115	-0.013841724	-0.009894133	-0.012396574	GARW	2036-04-01
2036-03-22	tropics	22	0.9581497	0.97021884	0.94105715	0.96594536	0.94685924	0.9622174	0.9525726	2036-03-22	tropics	22	0.9581497	0.97021884	0.94105715	0.96594536	0.94685924	0.9622174	0.9525726	2036-03-22	tropics	22	-0.01102972	-0.007862352	-0.0154028535	-0.008997775	-0.013993025	-0.00993526	-0.012485504	2036-03-22	tropics	22	-0.01102972	-0.007862352	-0.0154028535	-0.008997775	-0.013993025	-0.00993526	-0.012485504	GARW	2036-04-01
2036-03-23	tropics	22	0.95780003	0.970362	0.9407233	0.96596664	0.94628316	0.96212786	0.9521993	2036-03-23	tropics	22	0.95780003	0.970362	0.9407233	0.96596664	0.94628316	0.96212786	0.9521993	2036-03-23	tropics	22	-0.011070251	-0.007865428	-0.015671754	-0.009006071	-0.014118004	-0.009975195	-0.01258707	2036-03-23	tropics	22	-0.011070251	-0.007865428	-0.015671754	-0.009006071	-0.014118004	-0.009975195	-0.01258707	GARW	2036-04-01
2036-03-24	tropics	22	0.9574449	0.97047114	0.9403953	0.9660082	0.9458913	0.962085	0.9519721	2036-03-24	tropics	22	0.9574449	0.97047114	0.9403953	0.9660082	0.9458913	0.962085	0.9519721	2036-03-24	tropics	22	-0.011163473	-0.007838988	-0.01584332	-0.009000254	-0.0142868515	-0.010016441	-0.012680173	2036-03-24	tropics	22	-0.011163473	-0.007838988	-0.01584332	-0.009000254	-0.0142868515	-0.010016441	-0.012680173	GARW	2036-04-01
2036-03-25	tropics	22	0.9573081	0.9706692	0.9398146	0.966046	0.94552153	0.96200234	0.95171845	2036-03-25	tropics	22	0.9573081	0.9706692	0.9398146	0.966046	0.94552153	0.96200234	0.95171845	2036-03-25	tropics	22	-0.011250496	-0.0078038448	-0.015891016	-0.008991337	-0.014392185	-0.010044813	-0.012753844	2036-03-25	tropics	22	-0.011250496	-0.0078038448	-0.015891016	-0.008991337	-0.014392185	-0.010044813	-0.012753844	GARW	2036-04-01
2036-03-26	tropics	22	0.957134	0.970925	0.9392437	0.96597713	0.94487166	0.9619069	0.9514906	2036-03-26	tropics	22	0.957134	0.970925	0.9392437	0.96597713	0.94487166	0.9619069	0.9514906	2036-03-26	tropics	22	-0.011330843	-0.007743787	-0.016045153	-0.00895505	-0.014524698	-0.010063529	-0.012832403	2036-03-26	tropics	22	-0.011330843	-0.007743787	-0.016045153	-0.00895505	-0.014524698	-0.010063529	-0.012832403	GARW	2036-04-01
2036-03-27	tropics	22	0.95687795	0.97125363	0.9386555	0.9659443	0.9444981	0.962014	0.9511491	2036-03-27	tropics	22	0.95687795	0.97125363	0.9386555	0.9659443	0.9444981	0.962014	0.9511491	2036-03-27	tropics	22	-0.011356831	-0.007702098	-0.016211439	-0.008978844	-0.014647198	-0.010101557	-0.012866855	2036-03-27	tropics	22	-0.011356831	-0.007702098	-0.016211439	-0.008978844	-0.014647198	-0.010101557	-0.012866855	GARW	2036-04-01
2036-03-28	tropics	22	0.9568058	0.9715424	0.93801767	0.9659663	0.94379675	0.96200365	0.9509132	2036-03-28	tropics	22	0.9568058	0.9715424	0.93801767	0.9659663	0.94379675	0.96200365	0.9509132	2036-03-28	tropics	22	-0.0114552975	-0.007617758	-0.01636613	-0.009000778	-0.014785051	-0.010088205	-0.01296258	2036-03-28	tropics	22	-0.0114552975	-0.007617758	-0.01636613	-0.009000778	-0.014785051	-0.010088205	-0.01296258	GARW	2036-04-01
2036-03-29	tropics	22	0.9566535	0.971795	0.93711376	0.96589756	0.9437582	0.9619147	0.9506892	2036-03-29	tropics	22	0.9566535	0.971795	0.93711376	0.96589756	0.9437582	0.9619147	0.9506892	2036-03-29	tropics	22	-0.011453152	-0.007531642	-0.016529614	-0.009006167	-0.0149090765	-0.010064006	-0.013055444	2036-03-29	tropics	22	-0.011453152	-0.007531642	-0.016529614	-0.009006167	-0.0149090765	-0.010064006	-0.013055444	GARW	2036-04-01
2036-03-30	tropics	22	0.95633525	0.97182536	0.93629354	0.96587604	0.94329834	0.961687	0.9505367	2036-03-30	tropics	22	0.95633525	0.97182536	0.93629354	0.96587604	0.94329834	0.961687	0.9505367	2036-03-30	tropics	22	-0.011491537	-0.0074578514	-0.016757332	-0.0090155145	-0.015017462	-0.010071874	-0.013097048	2036-03-30	tropics	22	-0.011491537	-0.0074578514	-0.016757332	-0.0090155145	-0.015017462	-0.010071874	-0.013097048	GARW	2036-04-01
2036-03-31	tropics	22	0.9561393	0.97221136	0.935493	0.9663157	0.943017	0.96196234	0.9502977	2036-03-31	tropics	22	0.9561393	0.97221136	0.935493	0.9663157	0.943017	0.96196234	0.9502977	2036-03-31	tropics	22	-0.011574984	-0.007437765	-0.016993593	-0.009026004	-0.015111923	-0.010125399	-0.013183594	2036-03-31	tropics	22	-0.011574984	-0.007437765	-0.016993593	-0.009026004	-0.015111923	-0.010125399	-0.013183594	GARW	2036-04-01
2036-04-01	tropics	22	0.9559864	0.97269946	0.93503594	0.9665125	0.9425923	0.9619173	0.9500827	2036-04-01	tropics	22	0.9559864	0.97269946	0.93503594	0.9665125	0.9425923	0.9619173	0.9500827	2036-04-01	tropics	22	-0.011640549	-0.0073735113	-0.017221797	-0.008915282	-0.015169978	-0.010101795	-0.013201714	2036-04-01	tropics	22	-0.011640549	-0.0073735113	-0.017221797	-0.008915282	-0.015169978	-0.010101795	-0.013201714	GARW	2036-04-01
2035-04-03	tropics	25	0.9414668	0.9624259	0.9229676	0.9548423	0.9290079	0.948452	0.9354036	2035-04-03	tropics	25	0.9414668	0.9624259	0.9229676	0.9548423	0.9290079	0.948452	0.9354036	2035-04-03	tropics	25	nan	nan	nan	nan	nan	nan	nan	2035-04-03	tropics	25	nan	nan	nan	nan	nan	nan	nan	GARW	2036-04-01
2035-04-04	tropics	25	0.9415774	0.9623691	0.923287	0.9548461	0.9291374	0.94851387	0.9354494	2035-04-04	tropics	25	0.9415774	0.9623691	0.923287	0.9548461	0.9291374	0.94851387	0.9354494	2035-04-04	tropics	25	0.110028505	0.11038416	0.1097144	0.1102555	0.10981722	0.11014694	0.10992563	2035-04-04	tropics	25	0.110028505	0.11038416	0.1097144	0.1102555	0.10981722	0.11014694	0.10992563	GARW	2036-04-01
2035-04-05	tropics	25	0.94166785	0.9621395	0.9235628	0.9549339	0.92919004	0.9486598	0.93561435	2035-04-05	tropics	25	0.94166785	0.9621395	0.9235628	0.9549339	0.92919004	0.9486598	0.93561435	2035-04-05	tropics	25	0.08579743	0.09089498	0.081287175	0.08905384	0.08275843	0.087501645	0.08432102	2035-04-05	tropics	25	0.08579743	0.09089498	0.081287175	0.08905384	0.08275843	0.087501645	0.08432102	GARW	2036-04-01
2035-04-06	tropics	25	0.9417787	0.96187925	0.9237953	0.95488644	0.9293403	0.9485541	0.93587434	2035-04-06	tropics	25	0.9417787	0.96187925	0.9237953	0.95488644	0.9293403	0.9485541	0.93587434	2035-04-06	tropics	25	0.07265389	0.078701876	0.06724696	0.07652812	0.068989255	0.07468259	0.07085472	2035-04-06	tropics	25	0.07265389	0.078701876	0.06724696	0.07652812	0.068989255	0.07468259	0.07085472	GARW	2036-04-01
2035-04-07	tropics	25	0.9418593	0.9617569	0.92388266	0.9548448	0.92977965	0.9485642	0.93598247	2035-04-07	tropics	25	0.9418593	0.9617569	0.92388266	0.9548448	0.92977965	0.9485642	0.93598247	2035-04-07	tropics	25	0.073141456	0.076257646	0.07028474	0.07517974	0.071221806	0.07420182	0.07221472	2035-04-07	tropics	25	0.073141456	0.076257646	0.07028474	0.07517974	0.071221806	0.07420182	0.07221472	GARW	2036-04-01
2035-04-08	tropics	25	0.94192386	0.96163434	0.92397445	0.95482033	0.9300381	0.9487259	0.93596095	2035-04-08	tropics	25	0.94192386	0.96163434	0.92397445	0.95482033	0.9300381	0.9487259	0.93596095	2035-04-08	tropics	25	0.06827569	0.07100828	0.06575755	0.07005517	0.066612005	0.06922871	0.067448854	2035-04-08	tropics	25	0.06827569	0.07100828	0.06575755	0.07005517	0.066612005	0.06922871	0.067448854	GARW	2036-04-01
2035-04-09	tropics	25	0.9420956	0.9615117	0.92408055	0.9547234	0.9301444	0.94887364	0.9361491	2035-04-09	tropics	25	0.9420956	0.9615117	0.92408055	0.9547234	0.9301444	0.94887364	0.9361491	2035-04-09	tropics	25	0.05503571	0.058544762	0.051830817	0.057330515	0.052915763	0.05625528	0.0539757	2035-04-09	tropics	25	0.05503571	0.058544762	0.051830817	0.057330515	0.052915763	0.05625528	0.0539757	GARW	2036-04-01
2035-04-10	tropics	25	0.9422064	0.96140236	0.9242767	0.9547437	0.930242	0.9489366	0.9361227	2035-04-10	tropics	25	0.9422064	0.96140236	0.9242767	0.9547437	0.930242	0.9489366	0.9361227	2035-04-10	tropics	25	-0.034501076	-0.028917067	-0.03966794	-0.03083427	-0.03791535	-0.032560885	-0.036209285	2035-04-10	tropics	25	-0.034501076	-0.028917067	-0.03966794	-0.03083427	-0.03791535	-0.032560885	-0.036209285	GARW	2036-04-01
2035-04-11	tropics	25	0.94237435	0.9614343	0.9244616	0.9548191	0.9303538	0.94899476	0.9362094	2035-04-11	tropics	25	0.94237435	0.9614343	0.9244616	0.9548191	0.9303538	0.94899476	0.9362094	2035-04-11	tropics	25	-0.059975028	-0.053350076	-0.066274896	-0.055647254	-0.06413865	-0.05764419	-0.06204015	2035-04-11	tropics	25	-0.059975028	-0.053350076	-0.066274896	-0.055647254	-0.06413865	-0.05764419	-0.06204015	GARW	2036-04-01
2035-04-12	tropics	25	0.94250256	0.9615672	0.92462873	0.95483786	0.9305917	0.9492371	0.9362564	2035-04-12	tropics	25	0.94250256	0.9615672	0.92462873	0.95483786	0.9305917	0.9492371	0.9362564	2035-04-12	tropics	25	-0.0022803545	0.0027952977	-0.007150537	0.001034712	-0.005538225	-0.0005044341	-0.0039515495	2035-04-12	tropics	25	-0.0022803545	0.0027952977	-0.007150537	0.001034712	-0.005538225	-0.0005044341	-0.0039515495	GARW	2036-04-01
2035-04-13	tropics	25	0.9426483	0.96167296	0.9247623	0.9548655	0.93065673	0.94931877	0.9363012	2035-04-13	tropics	25	0.9426483	0.96167296	0.9247623	0.9548655	0.93065673	0.94931877	0.9363012	2035-04-13	tropics	25	0.0013344288	0.0059529613	-0.0030695677	0.0043166154	-0.0016013384	0.0029727817	-0.00020802021	2035-04-13	tropics	25	0.0013344288	0.0059529613	-0.0030695677	0.0043166154	-0.0016013384	0.0029727817	-0.00020802021	GARW	2036-04-01
2035-04-14	tropics	25	0.9427806	0.9616641	0.9249325	0.9549016	0.9308006	0.94939125	0.93628275	2035-04-14	tropics	25	0.9427806	0.9616641	0.9249325	0.9549016	0.9308006	0.94939125	0.93628275	2035-04-14	tropics	25	-0.020353675	-0.015189652	-0.025287682	-0.017016768	-0.023644567	-0.018527567	-0.02208358	2035-04-14	tropics	25	-0.020353675	-0.015189652	-0.025287682	-0.017016768	-0.023644567	-0.018527567	-0.02208358	GARW	2036-04-01
2035-04-15	tropics	25	0.94292605	0.9616644	0.92511314	0.9549391	0.93080944	0.9494283	0.936316	2035-04-15	tropics	25	0.94292605	0.9616644	0.92511314	0.9549391	0.93080944	0.9494283	0.936316	2035-04-15	tropics	25	-0.021893263	-0.016483856	-0.027087282	-0.018406678	-0.025370503	-0.019990146	-0.02373761	2035-04-15	tropics	25	-0.021893263	-0.016483856	-0.027087282	-0.018406678	-0.025370503	-0.019990146	-0.02373761	GARW	2036-04-01
2035-04-16	tropics	25	0.9430394	0.96172446	0.92521346	0.9549971	0.93087816	0.9494681	0.9363364	2035-04-16	tropics	25	0.9430394	0.96172446	0.92521346	0.9549971	0.93087816	0.9494681	0.9363364	2035-04-16	tropics	25	-0.013231754	-0.008100073	-0.018193727	-0.009931565	-0.016587019	-0.011444747	-0.015053391	2035-04-16	tropics	25	-0.013231754	-0.008100073	-0.018193727	-0.009931565	-0.016587019	-0.011444747	-0.015053391	GARW	2036-04-01
2035-04-17	tropics	25	0.9430407	0.9618436	0.92539984	0.9550558	0.93098116	0.9495051	0.9364511	2035-04-17	tropics	25	0.9430407	0.9618436	0.92539984	0.9550558	0.93098116	0.9495051	0.9364511	2035-04-17	tropics	25	-0.012640476	-0.0076708584	-0.017485494	-0.009453703	-0.01593802	-0.010921299	-0.014455199	2035-04-17	tropics	25	-0.012640476	-0.0076708584	-0.017485494	-0.009453703	-0.01593802	-0.010921299	-0.014455199	GARW	2036-04-01
2035-04-18	tropics	25	0.9431137	0.9619567	0.9256232	0.9551211	0.931063	0.9495952	0.93650466	2035-04-18	tropics	25	0.9431137	0.9619567	0.9256232	0.9551211	0.931063	0.9495952	0.93650466	2035-04-18	tropics	25	-0.016024709	-0.010940835	-0.020910973	-0.012765289	-0.019353151	-0.0142707825	-0.01784277	2035-04-18	tropics	25	-0.016024709	-0.010940835	-0.020910973	-0.012765289	-0.019353151	-0.0142707825	-0.01784277	GARW	2036-04-01
2035-04-19	tropics	25	0.94320583	0.96206385	0.9257729	0.95520735	0.9311615	0.9496693	0.9365444	2035-04-19	tropics	25	0.94320583	0.96206385	0.9257729	0.95520735	0.9311615	0.9496693	0.9365444	2035-04-19	tropics	25	-0.016225338	-0.011058703	-0.021130819	-0.01291852	-0.01958034	-0.014422715	-0.018055499	2035-04-19	tropics	25	-0.016225338	-0.011058703	-0.021130819	-0.01291852	-0.01958034	-0.014422715	-0.018055499	GARW	2036-04-01
2035-04-20	tropics	25	0.94327986	0.96209776	0.9259072	0.955284	0.93116695	0.94985276	0.9366027	2035-04-20	tropics	25	0.94327986	0.96209776	0.9259072	0.955284	0.93116695	0.94985276	0.9366027	2035-04-20	tropics	25	-0.014858127	-0.009723094	-0.019703543	-0.011582708	-0.018190455	-0.013087332	-0.016695678	2035-04-20	tropics	25	-0.014858127	-0.009723094	-0.019703543	-0.011582708	-0.018190455	-0.013087332	-0.016695678	GARW	2036-04-01
2035-04-21	tropics	25	0.9433093	0.9621247	0.9259991	0.95533484	0.9312918	0.94985044	0.93673426	2035-04-21	tropics	25	0.9433093	0.9621247	0.9259991	0.95533484	0.9312918	0.94985044	0.93673426	2035-04-21	tropics	25	-0.014766097	-0.009659514	-0.019554688	-0.011501003	-0.018092752	-0.012979329	-0.0166018	2035-04-21	tropics	25	-0.014766097	-0.009659514	-0.019554688	-0.011501003	-0.018092752	-0.012979329	-0.0166018	GARW	2036-04-01
2035-04-22	tropics	25	0.9433861	0.9620938	0.92607325	0.95533967	0.9313153	0.9499138	0.93691176	2035-04-22	tropics	25	0.9433861	0.9620938	0.92607325	0.95533967	0.9313153	0.9499138	0.93691176	2035-04-22	tropics	25	-0.015274882	-0.010165671	-0.020069325	-0.011998916	-0.018585872	-0.013481379	-0.017097175	2035-04-22	tropics	25	-0.015274882	-0.010165671	-0.020069325	-0.011998916	-0.018585872	-0.013481379	-0.017097175	GARW	2036-04-01
2035-04-23	tropics	25	0.94347084	0.9620993	0.9260626	0.95543593	0.93145365	0.9499849	0.93700147	2035-04-23	tropics	25	0.94347084	0.9620993	0.9260626	0.95543593	0.93145365	0.9499849	0.93700147	2035-04-23	tropics	25	-0.015287995	-0.010178821	-0.020087892	-0.012017751	-0.018629765	-0.013503969	-0.017090917	2035-04-23	tropics	25	-0.015287995	-0.010178821	-0.020087892	-0.012017751	-0.018629765	-0.013503969	-0.017090917	GARW	2036-04-01
2035-04-24	tropics	25	0.94361556	0.96217495	0.92604905	0.95553523	0.9315171	0.9499782	0.93709654	2035-04-24	tropics	25	0.94361556	0.96217495	0.92604905	0.95553523	0.9315171	0.9499782	0.93709654	2035-04-24	tropics	25	-0.015058398	-0.0099907275	-0.019869601	-0.011795951	-0.018383408	-0.0132757425	-0.016835392	2035-04-24	tropics	25	-0.015058398	-0.0099907275	-0.019869601	-0.011795951	-0.018383408	-0.0132757425	-0.016835392	GARW	2036-04-01
2035-04-25	tropics	25	0.9436544	0.9621825	0.9260307	0.9556376	0.9316062	0.9500512	0.9371508	2035-04-25	tropics	25	0.9436544	0.9621825	0.9260307	0.9556376	0.9316062	0.9500512	0.9371508	2035-04-25	tropics	25	-0.015016079	-0.009962475	-0.019855822	-0.011762286	-0.018330717	-0.013260901	-0.016808093	2035-04-25	tropics	25	-0.015016079	-0.009962475	-0.019855822	-0.011762286	-0.018330717	-0.013260901	-0.016808093	GARW	2036-04-01
2035-04-26	tropics	25	0.9436784	0.96218807	0.92601764	0.9557428	0.93165314	0.95009106	0.9372359	2035-04-26	tropics	25	0.9436784	0.96218807	0.92601764	0.9557428	0.93165314	0.95009106	0.9372359	2035-04-26	tropics	25	-0.015075207	-0.010036325	-0.01994515	-0.011815787	-0.018405939	-0.01333493	-0.016869426	2035-04-26	tropics	25	-0.015075207	-0.010036325	-0.01994515	-0.011815787	-0.018405939	-0.01333493	-0.016869426	GARW	2036-04-01
2035-04-27	tropics	25	0.94370365	0.9621898	0.9260106	0.95575505	0.9317026	0.9500849	0.9373728	2035-04-27	tropics	25	0.94370365	0.9621898	0.9260106	0.95575505	0.9317026	0.9500849	0.9373728	2035-04-27	tropics	25	-0.015072703	-0.010035813	-0.019956809	-0.011789895	-0.01838758	-0.013320386	-0.016854525	2035-04-27	tropics	25	-0.015072703	-0.010035813	-0.019956809	-0.011789895	-0.01838758	-0.013320386	-0.016854525	GARW	2036-04-01
2035-04-28	tropics	25	0.9438071	0.9621879	0.92599756	0.95568615	0.93179226	0.9501481	0.9374348	2035-04-28	tropics	25	0.9438071	0.9621879	0.92599756	0.95568615	0.93179226	0.9501481	0.9374348	2035-04-28	tropics	25	-0.015033603	-0.01000359	-0.019924419	-0.0117327925	-0.018350506	-0.013282895	-0.016787231	2035-04-28	tropics	25	-0.015033603	-0.01000359	-0.019924419	-0.0117327925	-0.018350506	-0.013282895	-0.016787231	GARW	2036-04-01
2035-04-29	tropics	25	0.9438005	0.96218264	0.9259788	0.95576704	0.93187535	0.9502687	0.9375435	2035-04-29	tropics	25	0.9438005	0.96218264	0.9259788	0.95576704	0.93187535	0.9502687	0.9375435	2035-04-29	tropics	25	-0.015018582	-0.010003501	-0.019925017	-0.011769033	-0.018322874	-0.013267219	-0.016758561	2035-04-29	tropics	25	-0.015018582	-0.010003501	-0.019925017	-0.011769033	-0.018322874	-0.013267219	-0.016758561	GARW	2036-04-01
2035-04-30	tropics	25	0.94387865	0.9621585	0.92595476	0.9558514	0.93195224	0.9503639	0.93769825	2035-04-30	tropics	25	0.94387865	0.9621585	0.92595476	0.9558514	0.93195224	0.9503639	0.93769825	2035-04-30	tropics	25	-0.015012145	-0.010016912	-0.01994285	-0.011749268	-0.018312622	-0.013260603	-0.016757071	2035-04-30	tropics	25	-0.015012145	-0.010016912	-0.01994285	-0.011749268	-0.018312622	-0.013260603	-0.016757071	GARW	2036-04-01
2035-05-01	tropics	25	0.94392693	0.96212065	0.92592585	0.9559808	0.9320172	0.9504063	0.93774134	2035-05-01	tropics	25	0.94392693	0.96212065	0.92592585	0.9559808	0.9320172	0.9504063	0.93774134	2035-05-01	tropics	25	-0.015002131	-0.010020678	-0.019950265	-0.011742736	-0.018291473	-0.0132293105	-0.016704917	2035-05-01	tropics	25	-0.015002131	-0.010020678	-0.019950265	-0.011742736	-0.018291473	-0.0132293105	-0.016704917	GARW	2036-04-01
2035-05-02	tropics	25	0.94399726	0.96207994	0.92589235	0.95611095	0.93204194	0.95035917	0.93775666	2035-05-02	tropics	25	0.94399726	0.96207994	0.92589235	0.95611095	0.93204194	0.95035917	0.93775666	2035-05-02	tropics	25	-0.014981151	-0.010025686	-0.019952733	-0.011702705	-0.018268133	-0.013208389	-0.01667893	2035-05-02	tropics	25	-0.014981151	-0.010025686	-0.019952733	-0.011702705	-0.018268133	-0.013208389	-0.01667893	GARW	2036-04-01
2035-05-03	tropics	25	0.9440395	0.96203107	0.92585474	0.9562336	0.93207425	0.95032525	0.9377827	2035-05-03	tropics	25	0.9440395	0.96203107	0.92585474	0.9562336	0.93207425	0.95032525	0.9377827	2035-05-03	tropics	25	-0.01496613	-0.010036361	-0.019961094	-0.011667182	-0.018257642	-0.013212383	-0.016674519	2035-05-03	tropics	25	-0.01496613	-0.010036361	-0.019961094	-0.011667182	-0.018257642	-0.013212383	-0.016674519	GARW	2036-04-01
2035-05-04	tropics	25	0.9440367	0.9619526	0.92584765	0.9563495	0.9321108	0.9504038	0.93780535	2035-05-04	tropics	25	0.9440367	0.9619526	0.92584765	0.9563495	0.9321108	0.9504038	0.93780535	2035-05-04	tropics	25	-0.014954448	-0.010049796	-0.019973207	-0.011634542	-0.01825111	-0.013227761	-0.016673028	2035-05-04	tropics	25	-0.014954448	-0.010049796	-0.019973207	-0.011634542	-0.01825111	-0.013227761	-0.016673028	GARW	2036-04-01
2035-05-05	tropics	25	0.9440055	0.9618992	0.9258455	0.95638937	0.93217117	0.9504716	0.93786895	2035-05-05	tropics	25	0.9440055	0.9618992	0.9258455	0.95638937	0.93217117	0.9504716	0.93786895	2035-05-05	tropics	25	-0.014947653	-0.010068983	-0.019983273	-0.011603023	-0.01824162	-0.013214409	-0.016664684	2035-05-05	tropics	25	-0.014947653	-0.010068983	-0.019983273	-0.011603023	-0.01824162	-0.013214409	-0.016664684	GARW	2036-04-01
2035-05-06	tropics	25	0.9440682	0.9619044	0.9258332	0.9563902	0.93224084	0.9505267	0.9379684	2035-05-06	tropics	25	0.9440682	0.9619044	0.9258332	0.9563902	0.93224084	0.9505267	0.9379684	2035-05-06	tropics	25	-0.014953017	-0.010089641	-0.01997848	-0.011580897	-0.018227052	-0.013193309	-0.016648471	2035-05-06	tropics	25	-0.014953017	-0.010089641	-0.01997848	-0.011580897	-0.018227052	-0.013193309	-0.016648471	GARW	2036-04-01
2035-05-07	tropics	25	0.94421244	0.96194994	0.9258216	0.95638245	0.9322969	0.9505027	0.9379045	2035-05-07	tropics	25	0.94421244	0.96194994	0.9258216	0.95638245	0.9322969	0.9505027	0.9379045	2035-05-07	tropics	25	-0.014952302	-0.010084551	-0.019981956	-0.01157868	-0.018208195	-0.013172746	-0.01662618	2035-05-07	tropics	25	-0.014952302	-0.010084551	-0.019981956	-0.01157868	-0.018208195	-0.013172746	-0.01662618	GARW	2036-04-01
2035-05-08	tropics	25	0.94432294	0.9620113	0.92581135	0.9563727	0.9323774	0.9504905	0.9378657	2035-05-08	tropics	25	0.94432294	0.9620113	0.92581135	0.9563727	0.9323774	0.9504905	0.9378657	2035-05-08	tropics	25	-0.014909506	-0.010083078	-0.01998558	-0.011581112	-0.01818874	-0.013176441	-0.016633093	2035-05-08	tropics	25	-0.014909506	-0.010083078	-0.01998558	-0.011581112	-0.01818874	-0.013176441	-0.016633093	GARW	2036-04-01
2035-05-09	tropics	25	0.94439787	0.9620264	0.92581594	0.95637625	0.9324241	0.9505331	0.9378605	2035-05-09	tropics	25	0.94439787	0.9620264	0.92581594	0.95637625	0.9324241	0.9505331	0.9378605	2035-05-09	tropics	25	-0.014881611	-0.010067397	-0.019988691	-0.01158371	-0.018169904	-0.013186038	-0.0166412	2035-05-09	tropics	25	-0.014881611	-0.010067397	-0.019988691	-0.01158371	-0.018169904	-0.013186038	-0.0166412	GARW	2036-04-01
2035-05-10	tropics	25	0.9443928	0.9620085	0.9258827	0.95642936	0.93247926	0.95050275	0.93789256	2035-05-10	tropics	25	0.9443928	0.9620085	0.9258827	0.95642936	0.93247926	0.95050275	0.93789256	2035-05-10	tropics	25	-0.014850855	-0.0100548025	-0.019991238	-0.011586238	-0.01815548	-0.013176203	-0.016649544	2035-05-10	tropics	25	-0.014850855	-0.0100548025	-0.019991238	-0.011586238	-0.01815548	-0.013176203	-0.016649544	GARW	2036-04-01
2035-05-11	tropics	25	0.9443921	0.96199155	0.92597294	0.95641756	0.9324834	0.9504716	0.93792915	2035-05-11	tropics	25	0.9443921	0.96199155	0.92597294	0.95641756	0.9324834	0.9504716	0.93792915	2035-05-11	tropics	25	-0.01484549	-0.01005988	-0.019978808	-0.011570478	-0.018138766	-0.013172746	-0.016636431	2035-05-11	tropics	25	-0.01484549	-0.01005988	-0.019978808	-0.011570478	-0.018138766	-0.013172746	-0.016636431	GARW	2036-04-01
2035-05-12	tropics	25	0.9444059	0.9620014	0.926062	0.95641696	0.93250346	0.95052135	0.9380549	2035-05-12	tropics	25	0.9444059	0.9620014	0.926062	0.95641696	0.93250346	0.95052135	0.9380549	2035-05-12	tropics	25	-0.014855146	-0.010064571	-0.019953698	-0.011583615	-0.018133188	-0.013189495	-0.016637683	2035-05-12	tropics	25	-0.014855146	-0.010064571	-0.019953698	-0.011583615	-0.018133188	-0.013189495	-0.016637683	GARW	2036-04-01
2035-05-13	tropics	25	0.94442916	0.9620631	0.9260971	0.9564106	0.9325265	0.9505855	0.93809617	2035-05-13	tropics	25	0.94442916	0.9620631	0.9260971	0.9564106	0.9325265	0.9505855	0.93809617	2035-05-13	tropics	25	-0.014846683	-0.010068898	-0.019928401	-0.011572363	-0.018129945	-0.01318109	-0.016603231	2035-05-13	tropics	25	-0.014846683	-0.010068898	-0.019928401	-0.011572363	-0.018129945	-0.01318109	-0.016603231	GARW	2036-04-01
2035-05-14	tropics	25	0.9444382	0.96214265	0.92609507	0.9563996	0.93254805	0.9507336	0.9381362	2035-05-14	tropics	25	0.9444382	0.96214265	0.92609507	0.9563996	0.93254805	0.9507336	0.9381362	2035-05-14	tropics	25	-0.014845133	-0.010053295	-0.019909788	-0.011573674	-0.018123388	-0.013165951	-0.016587853	2035-05-14	tropics	25	-0.014845133	-0.010053295	-0.019909788	-0.011573674	-0.018123388	-0.013165951	-0.016587853	GARW	2036-04-01
2035-05-15	tropics	25	0.9444908	0.9622865	0.92609173	0.95646185	0.9326063	0.95089	0.93817055	2035-05-15	tropics	25	0.9444908	0.9622865	0.92609173	0.95646185	0.9326063	0.95089	0.93817055	2035-05-15	tropics	25	-0.014832735	-0.010035602	-0.019910604	-0.011576797	-0.01811719	-0.013133526	-0.016572058	2035-05-15	tropics	25	-0.014832735	-0.010035602	-0.019910604	-0.011576797	-0.01811719	-0.013133526	-0.016572058	GARW	2036-04-01
2035-05-16	tropics	25	0.944547	0.9624285	0.92608976	0.9565398	0.9326128	0.95096684	0.9382041	2035-05-16	tropics	25	0.944547	0.9624285	0.92608976	0.9565398	0.9326128	0.95096684	0.9382041	2035-05-16	tropics	25	-0.014829993	-0.010000633	-0.01991126	-0.011570861	-0.018103456	-0.013089359	-0.0165658	2035-05-16	tropics	25	-0.014829993	-0.010000633	-0.01991126	-0.011570861	-0.018103456	-0.013089359	-0.0165658	GARW	2036-04-01
2035-05-17	tropics	25	0.9445684	0.96256846	0.926091	0.95651364	0.93262434	0.9510009	0.93817157	2035-05-17	tropics	25	0.9445684	0.96256846	0.926091	0.95651364	0.93262434	0.9510009	0.93817157	2035-05-17	tropics	25	-0.014809608	-0.009961926	-0.0199122	-0.01153996	-0.018098092	-0.013061523	-0.016552985	2035-05-17	tropics	25	-0.014809608	-0.009961926	-0.0199122	-0.01153996	-0.018098092	-0.013061523	-0.016552985	GARW	2036-04-01
2035-05-18	tropics	25	0.94460416	0.96270657	0.92608833	0.9564878	0.9326432	0.9510147	0.93820024	2035-05-18	tropics	25	0.94460416	0.96270657	0.92608833	0.9564878	0.9326432	0.9510147	0.93820024	2035-05-18	tropics	25	-0.014805317	-0.009924321	-0.019911926	-0.0115443235	-0.018095994	-0.013046861	-0.016555667	2035-05-18	tropics	25	-0.014805317	-0.009924321	-0.019911926	-0.0115443235	-0.018095994	-0.013046861	-0.016555667	GARW	2036-04-01
2035-05-19	tropics	25	0.94469476	0.96284264	0.92606276	0.9564679	0.9326611	0.9510416	0.93827	2035-05-19	tropics	25	0.94469476	0.96284264	0.92606276	0.9564679	0.9326611	0.9510416	0.93827	2035-05-19	tropics	25	-0.014795184	-0.0098867165	-0.01991129	-0.011551261	-0.018090725	-0.013041675	-0.016557455	2035-05-19	tropics	25	-0.014795184	-0.0098867165	-0.01991129	-0.011551261	-0.018090725	-0.013041675	-0.016557455	GARW	2036-04-01
2035-05-20	tropics	25	0.9446987	0.9629767	0.92603886	0.9564302	0.9326782	0.95107365	0.9383034	2035-05-20	tropics	25	0.9446987	0.9629767	0.92603886	0.9564302	0.9326782	0.95107365	0.9383034	2035-05-20	tropics	25	-0.014772296	-0.00984984	-0.019916909	-0.011557126	-0.01808567	-0.013034582	-0.01654011	2035-05-20	tropics	25	-0.014772296	-0.00984984	-0.019916909	-0.011557126	-0.01808567	-0.013034582	-0.01654011	GARW	2036-04-01
2035-05-21	tropics	25	0.94470185	0.9631086	0.92601657	0.95641166	0.9326945	0.9510316	0.9383471	2035-05-21	tropics	25	0.94470185	0.9631086	0.92601657	0.95641166	0.9326945	0.9510316	0.9383471	2035-05-21	tropics	25	-0.014766455	-0.009813565	-0.019923877	-0.01156249	-0.018081045	-0.0130265355	-0.016528785	2035-05-21	tropics	25	-0.014766455	-0.009813565	-0.019923877	-0.01156249	-0.018081045	-0.0130265355	-0.016528785	GARW	2036-04-01
2035-05-22	tropics	25	0.9447048	0.9632399	0.9259957	0.9563908	0.93271196	0.95106095	0.93837774	2035-05-22	tropics	25	0.9447048	0.9632399	0.9259957	0.9563908	0.93271196	0.95106095	0.93837774	2035-05-22	tropics	25	-0.014767528	-0.009777904	-0.01993007	-0.01157651	-0.018076181	-0.013031542	-0.016516685	2035-05-22	tropics	25	-0.014767528	-0.009777904	-0.01993007	-0.01157651	-0.018076181	-0.013031542	-0.016516685	GARW	2036-04-01
2035-05-23	tropics	25	0.9447129	0.9633054	0.9259763	0.9563626	0.93276656	0.9511057	0.9383503	2035-05-23	tropics	25	0.9447129	0.9633054	0.9259763	0.9563626	0.93276656	0.9511057	0.9383503	2035-05-23	tropics	25	-0.014764428	-0.0097424025	-0.01993615	-0.011577177	-0.018071985	-0.013030708	-0.01650685	2035-05-23	tropics	25	-0.014764428	-0.0097424025	-0.01993615	-0.011577177	-0.018071985	-0.013030708	-0.01650685	GARW	2036-04-01
2035-05-24	tropics	25	0.9447646	0.96331346	0.92595816	0.9563338	0.9327723	0.9511005	0.9383377	2035-05-24	tropics	25	0.9447646	0.96331346	0.92595816	0.9563338	0.9327723	0.9511005	0.9383377	2035-05-24	tropics	25	-0.014761806	-0.00971663	-0.019941717	-0.011584592	-0.018061161	-0.013017297	-0.01651001	2035-05-24	tropics	25	-0.014761806	-0.00971663	-0.019941717	-0.011584592	-0.018061161	-0.013017297	-0.01651001	GARW	2036-04-01
2035-05-25	tropics	25	0.9447666	0.9632885	0.9259412	0.9563057	0.93277633	0.9510922	0.938306	2035-05-25	tropics	25	0.9447666	0.9632885	0.9259412	0.9563057	0.93277633	0.9510922	0.938306	2035-05-25	tropics	25	-0.014758587	-0.009707355	-0.019946897	-0.011592507	-0.01805365	-0.013015926	-0.016512394	2035-05-25	tropics	25	-0.014758587	-0.009707355	-0.019946897	-0.011592507	-0.01805365	-0.013015926	-0.016512394	GARW	2036-04-01
2035-05-26	tropics	25	0.9447413	0.96326077	0.9259254	0.956278	0.93276864	0.95108926	0.9382556	2035-05-26	tropics	25	0.9447413	0.96326077	0.9259254	0.956278	0.93276864	0.95108926	0.9382556	2035-05-26	tropics	25	-0.014746308	-0.009713803	-0.019951599	-0.01160009	-0.018052172	-0.01301837	-0.016516984	2035-05-26	tropics	25	-0.014746308	-0.009713803	-0.019951599	-0.01160009	-0.018052172	-0.01301837	-0.016516984	GARW	2036-04-01
2035-05-27	tropics	25	0.9447325	0.96320975	0.9259106	0.95625097	0.9327672	0.9511144	0.9382037	2035-05-27	tropics	25	0.9447325	0.96320975	0.9259106	0.95625097	0.9327672	0.9511144	0.9382037	2035-05-27	tropics	25	-0.014749527	-0.0097208675	-0.01995628	-0.011607625	-0.018054534	-0.013021231	-0.016532063	2035-05-27	tropics	25	-0.014749527	-0.0097208675	-0.01995628	-0.011607625	-0.018054534	-0.013021231	-0.016532063	GARW	2036-04-01
2035-05-28	tropics	25	0.94475424	0.96314746	0.92592305	0.95627093	0.9327324	0.95114994	0.93815446	2035-05-28	tropics	25	0.94475424	0.96314746	0.92592305	0.95627093	0.9327324	0.95114994	0.93815446	2035-05-28	tropics	25	-0.01475668	-0.00973174	-0.019960469	-0.011615277	-0.018054318	-0.01301676	-0.016546547	2035-05-28	tropics	25	-0.01475668	-0.00973174	-0.019960469	-0.011615277	-0.018054318	-0.01301676	-0.016546547	GARW	2036-04-01
2035-05-29	tropics	25	0.9448259	0.963086	0.92594266	0.9563168	0.93267334	0.9511832	0.9381665	2035-05-29	tropics	25	0.9448259	0.963086	0.92594266	0.9563168	0.93267334	0.9511832	0.9381665	2035-05-29	tropics	25	-0.014755607	-0.009748244	-0.019960642	-0.011616899	-0.018054795	-0.013006628	-0.016560555	2035-05-29	tropics	25	-0.014755607	-0.009748244	-0.019960642	-0.011616899	-0.018054795	-0.013006628	-0.016560555	GARW	2036-04-01
2035-05-30	tropics	25	0.9448583	0.96302354	0.9259637	0.9563609	0.9326663	0.9513	0.938242	2035-05-30	tropics	25	0.9448583	0.96302354	0.9259637	0.9563609	0.9326663	0.9513	0.938242	2035-05-30	tropics	25	-0.014738321	-0.0097649805	-0.01995508	-0.011604072	-0.018079925	-0.012997508	-0.016568244	2035-05-30	tropics	25	-0.014738321	-0.0097649805	-0.01995508	-0.011604072	-0.018079925	-0.012997508	-0.016568244	GARW	2036-04-01
2035-05-31	tropics	25	0.9448807	0.96295965	0.92598593	0.9564032	0.9326627	0.95134276	0.9382515	2035-05-31	tropics	25	0.9448807	0.96295965	0.92598593	0.9564032	0.9326627	0.95134276	0.9382515	2035-05-31	tropics	25	-0.0147253275	-0.009781628	-0.019949371	-0.011592198	-0.018081928	-0.012970746	-0.01654905	2035-05-31	tropics	25	-0.0147253275	-0.009781628	-0.019949371	-0.011592198	-0.018081928	-0.012970746	-0.01654905	GARW	2036-04-01
2035-06-01	tropics	25	0.9449074	0.9628944	0.92600936	0.95644355	0.9326741	0.95137095	0.93819577	2035-06-01	tropics	25	0.9449074	0.9628944	0.92600936	0.95644355	0.9326741	0.95137095	0.93819577	2035-06-01	tropics	25	-0.014717698	-0.009798776	-0.019943297	-0.011580349	-0.01808374	-0.012953818	-0.016534626	2035-06-01	tropics	25	-0.014717698	-0.009798776	-0.019943297	-0.011580349	-0.01808374	-0.012953818	-0.016534626	GARW	2036-04-01
2035-06-02	tropics	25	0.9449194	0.9629073	0.92603374	0.9564771	0.9326663	0.9514099	0.9382721	2035-06-02	tropics	25	0.9449194	0.9629073	0.92603374	0.9564771	0.9326663	0.9514099	0.9382721	2035-06-02	tropics	25	-0.014711142	-0.009816049	-0.01993686	-0.011569237	-0.018081594	-0.01294601	-0.016551256	2035-06-02	tropics	25	-0.014711142	-0.009816049	-0.01993686	-0.011569237	-0.018081594	-0.01294601	-0.016551256	GARW	2036-04-01
2035-06-03	tropics	25	0.9449071	0.9629526	0.9260589	0.95649695	0.93265045	0.9514949	0.93829274	2035-06-03	tropics	25	0.9449071	0.9629526	0.9260589	0.95649695	0.93265045	0.9514949	0.93829274	2035-06-03	tropics	25	-0.014705777	-0.009827017	-0.01993016	-0.011558533	-0.018081117	-0.012938559	-0.016544223	2035-06-03	tropics	25	-0.014705777	-0.009827017	-0.01993016	-0.011558533	-0.018081117	-0.012938559	-0.016544223	GARW	2036-04-01
2035-06-04	tropics	25	0.94488686	0.96290517	0.92606354	0.956516	0.9326346	0.95155084	0.9383397	2035-06-04	tropics	25	0.94488686	0.96290517	0.92606354	0.956516	0.9326346	0.95155084	0.9383397	2035-06-04	tropics	25	-0.0147070885	-0.0098041715	-0.019923097	-0.0115531925	-0.018085409	-0.012915909	-0.016530633	2035-06-04	tropics	25	-0.0147070885	-0.0098041715	-0.019923097	-0.0115531925	-0.018085409	-0.012915909	-0.016530633	GARW	2036-04-01
2035-06-05	tropics	25	0.94484043	0.9628562	0.92605704	0.9565203	0.9326187	0.9515301	0.938354	2035-06-05	tropics	25	0.94484043	0.9628562	0.92605704	0.9565203	0.9326187	0.9515301	0.938354	2035-06-05	tropics	25	-0.014712095	-0.009814966	-0.01991865	-0.011547756	-0.018089723	-0.012898982	-0.016518235	2035-06-05	tropics	25	-0.014712095	-0.009814966	-0.01991865	-0.011547756	-0.018089723	-0.012898982	-0.016518235	GARW	2036-04-01
2035-06-06	tropics	25	0.94482625	0.9628058	0.92605144	0.9565416	0.9326026	0.95146763	0.9383614	2035-06-06	tropics	25	0.94482625	0.9628058	0.92605144	0.9565416	0.9326026	0.95146763	0.9383614	2035-06-06	tropics	25	-0.014722347	-0.009828	-0.019920284	-0.0115430355	-0.018094111	-0.012894928	-0.01651311	2035-06-06	tropics	25	-0.014722347	-0.009828	-0.019920284	-0.0115430355	-0.018094111	-0.012894928	-0.01651311	GARW	2036-04-01
2035-06-07	tropics	25	0.9448302	0.962754	0.9260464	0.9565868	0.9325774	0.95145863	0.9383061	2035-06-07	tropics	25	0.9448302	0.962754	0.9260464	0.9565868	0.9325774	0.95145863	0.9383061	2035-06-07	tropics	25	-0.01473093	-0.009841537	-0.019922042	-0.011541152	-0.018098712	-0.0129106045	-0.016504943	2035-06-07	tropics	25	-0.01473093	-0.009841537	-0.019922042	-0.011541152	-0.018098712	-0.0129106045	-0.016504943	GARW	2036-04-01
2035-06-08	tropics	25	0.9448036	0.962684	0.9260419	0.9566148	0.93255174	0.95143723	0.9382509	2035-06-08	tropics	25	0.9448036	0.962684	0.9260419	0.9566148	0.93255174	0.95143723	0.9382509	2035-06-08	tropics	25	-0.014725208	-0.009855288	-0.019923462	-0.011530089	-0.018104147	-0.012918472	-0.01651758	2035-06-08	tropics	25	-0.014725208	-0.009855288	-0.019923462	-0.011530089	-0.018104147	-0.012918472	-0.01651758	GARW	2036-04-01
2035-06-09	tropics	25	0.9448217	0.96263427	0.9260378	0.9566597	0.93253666	0.9514245	0.938195	2035-06-09	tropics	25	0.9448217	0.96263427	0.9260378	0.9566597	0.93253666	0.9514245	0.938195	2035-06-09	tropics	25	-0.014736414	-0.009871667	-0.019924765	-0.011521674	-0.018112231	-0.012920916	-0.016533077	2035-06-09	tropics	25	-0.014736414	-0.009871667	-0.019924765	-0.011521674	-0.018112231	-0.012920916	-0.016533077	GARW	2036-04-01
2035-06-10	tropics	25	0.9448166	0.96259224	0.92603266	0.95671576	0.9325048	0.95146793	0.938175	2035-06-10	tropics	25	0.9448166	0.96259224	0.92603266	0.95671576	0.9325048	0.95146793	0.938175	2035-06-10	tropics	25	-0.014733434	-0.009892374	-0.019925993	-0.01151352	-0.018116426	-0.012937307	-0.016555905	2035-06-10	tropics	25	-0.014733434	-0.009892374	-0.019925993	-0.01151352	-0.018116426	-0.012937307	-0.016555905	GARW	2036-04-01
2035-06-11	tropics	25	0.9448118	0.9625365	0.92602414	0.95673215	0.9324721	0.9514844	0.9382341	2035-06-11	tropics	25	0.9448118	0.9625365	0.92602414	0.95673215	0.9324721	0.9514844	0.9382341	2035-06-11	tropics	25	-0.014734507	-0.009898621	-0.01992697	-0.011496043	-0.018123914	-0.01291883	-0.01656282	2035-06-11	tropics	25	-0.014734507	-0.009898621	-0.01992697	-0.011496043	-0.018123914	-0.01291883	-0.01656282	GARW	2036-04-01
2035-06-12	tropics	25	0.9447989	0.9625215	0.92597437	0.95672566	0.9324471	0.95149744	0.93828	2035-06-12	tropics	25	0.9447989	0.9625215	0.92597437	0.95672566	0.9324471	0.95149744	0.93828	2035-06-12	tropics	25	-0.014735937	-0.009913599	-0.019929266	-0.011487794	-0.018133068	-0.012913704	-0.016547084	2035-06-12	tropics	25	-0.014735937	-0.009913599	-0.019929266	-0.011487794	-0.018133068	-0.012913704	-0.016547084	GARW	2036-04-01
2035-06-13	tropics	25	0.9447913	0.9625387	0.9259249	0.9567599	0.9324324	0.95150167	0.9382479	2035-06-13	tropics	25	0.9447913	0.9625387	0.9259249	0.9567599	0.9324324	0.95150167	0.9382479	2035-06-13	tropics	25	-0.01473546	-0.0099248225	-0.01993904	-0.011491323	-0.01814177	-0.012910008	-0.016534865	2035-06-13	tropics	25	-0.01473546	-0.0099248225	-0.01993904	-0.011491323	-0.01814177	-0.012910008	-0.016534865	GARW	2036-04-01
2035-06-14	tropics	25	0.94478405	0.9625553	0.9258502	0.95679814	0.9324259	0.9515275	0.9382644	2035-06-14	tropics	25	0.94478405	0.9625553	0.9258502	0.95679814	0.9324259	0.9515275	0.9382644	2035-06-14	tropics	25	-0.01474154	-0.0099202385	-0.019952731	-0.011481476	-0.0181458	-0.01290983	-0.016533434	2035-06-14	tropics	25	-0.01474154	-0.0099202385	-0.019952731	-0.011481476	-0.0181458	-0.01290983	-0.016533434	GARW	2036-04-01
2035-06-15	tropics	25	0.94479936	0.96257126	0.9257584	0.9569237	0.9323788	0.95164764	0.9383062	2035-06-15	tropics	25	0.94479936	0.96257126	0.9257584	0.9569237	0.9323788	0.95164764	0.9383062	2035-06-15	tropics	25	-0.014743805	-0.009915678	-0.019969355	-0.011473227	-0.018150115	-0.012904108	-0.016538799	2035-06-15	tropics	25	-0.014743805	-0.009915678	-0.019969355	-0.011473227	-0.018150115	-0.012904108	-0.016538799	GARW	2036-04-01
2035-06-16	tropics	25	0.9447396	0.96258676	0.9256646	0.95705444	0.9323409	0.9517664	0.93829346	2035-06-16	tropics	25	0.9447396	0.96258676	0.9256646	0.95705444	0.9323409	0.9517664	0.93829346	2035-06-16	tropics	25	-0.014736891	-0.009911356	-0.01999467	-0.011448074	-0.018157959	-0.012879968	-0.016526997	2035-06-16	tropics	25	-0.014736891	-0.009911356	-0.01999467	-0.011448074	-0.018157959	-0.012879968	-0.016526997	GARW	2036-04-01
2035-06-17	tropics	25	0.9447329	0.9626143	0.92557144	0.9570107	0.9323148	0.9517798	0.9383029	2035-06-17	tropics	25	0.9447329	0.9626143	0.92557144	0.9570107	0.9323148	0.9517798	0.9383029	2035-06-17	tropics	25	-0.014748573	-0.009907171	-0.020020759	-0.011411595	-0.018169308	-0.012847364	-0.016526043	2035-06-17	tropics	25	-0.014748573	-0.009907171	-0.020020759	-0.011411595	-0.018169308	-0.012847364	-0.016526043	GARW	2036-04-01
2035-06-18	tropics	25	0.94476646	0.96266335	0.92547905	0.9569543	0.9322872	0.9516902	0.93832225	2035-06-18	tropics	25	0.94476646	0.96266335	0.92547905	0.9569543	0.9322872	0.9516902	0.93832225	2035-06-18	tropics	25	-0.014758825	-0.009902193	-0.020046974	-0.011406279	-0.01817727	-0.01282388	-0.016526163	2035-06-18	tropics	25	-0.014758825	-0.009902193	-0.020046974	-0.011406279	-0.01817727	-0.01282388	-0.016526163	GARW	2036-04-01
2035-06-19	tropics	25	0.9447509	0.96270216	0.9254709	0.9569497	0.93225825	0.9516683	0.93832874	2035-06-19	tropics	25	0.9447509	0.96270216	0.9254709	0.9569497	0.93225825	0.9516683	0.93832874	2035-06-19	tropics	25	-0.01475054	-0.009891011	-0.020072859	-0.011421705	-0.018184518	-0.0128471255	-0.016521156	2035-06-19	tropics	25	-0.01475054	-0.009891011	-0.020072859	-0.011421705	-0.018184518	-0.0128471255	-0.016521156	GARW	2036-04-01
2035-06-20	tropics	25	0.944703	0.9627114	0.9255008	0.9569046	0.93222755	0.95178246	0.9382678	2035-06-20	tropics	25	0.944703	0.9627114	0.9255008	0.9569046	0.93222755	0.95178246	0.9382678	2035-06-20	tropics	25	-0.014747918	-0.009875477	-0.02008758	-0.011429	-0.018192625	-0.012872398	-0.016515374	2035-06-20	tropics	25	-0.014747918	-0.009875477	-0.02008758	-0.011429	-0.018192625	-0.012872398	-0.016515374	GARW	2036-04-01
2035-06-21	tropics	25	0.94467777	0.96272033	0.92553055	0.9568486	0.93219525	0.9518135	0.93828887	2035-06-21	tropics	25	0.94467777	0.96272033	0.92553055	0.9568486	0.93219525	0.9518135	0.93828887	2035-06-21	tropics	25	-0.014759779	-0.009872934	-0.020079229	-0.01143577	-0.018200826	-0.012842298	-0.016527653	2035-06-21	tropics	25	-0.014759779	-0.009872934	-0.020079229	-0.01143577	-0.018200826	-0.012842298	-0.016527653	GARW	2036-04-01
2035-06-22	tropics	25	0.9446841	0.9627289	0.9255394	0.9567734	0.9321628	0.95175475	0.9382379	2035-06-22	tropics	25	0.9446841	0.9627289	0.9255394	0.9567734	0.9321628	0.95175475	0.9382379	2035-06-22	tropics	25	-0.01477313	-0.0098705925	-0.020070914	-0.011449218	-0.018209672	-0.012818843	-0.016530514	2035-06-22	tropics	25	-0.01477313	-0.0098705925	-0.020070914	-0.011449218	-0.018209672	-0.012818843	-0.016530514	GARW	2036-04-01
2035-06-23	tropics	25	0.944605	0.9627371	0.925492	0.95679647	0.9321564	0.95166385	0.93821156	2035-06-23	tropics	25	0.944605	0.9627371	0.925492	0.95679647	0.9321564	0.95166385	0.93821156	2035-06-23	tropics	25	-0.014768958	-0.009867964	-0.020062646	-0.01146834	-0.018218804	-0.012831032	-0.016535997	2035-06-23	tropics	25	-0.014768958	-0.009867964	-0.020062646	-0.01146834	-0.018218804	-0.012831032	-0.016535997	GARW	2036-04-01
2035-06-24	tropics	25	0.9445429	0.962745	0.9254154	0.95679456	0.93217915	0.9516635	0.9381855	2035-06-24	tropics	25	0.9445429	0.962745	0.9254154	0.95679456	0.93217915	0.9516635	0.9381855	2035-06-24	tropics	25	-0.0147820115	-0.0098661175	-0.020072114	-0.0114726545	-0.018223476	-0.012861162	-0.016546547	2035-06-24	tropics	25	-0.0147820115	-0.0098661175	-0.020072114	-0.0114726545	-0.018223476	-0.012861162	-0.016546547	GARW	2036-04-01
2035-06-25	tropics	25	0.9444778	0.96275485	0.9253413	0.9568551	0.93220294	0.9516603	0.9381563	2035-06-25	tropics	25	0.9444778	0.96275485	0.9253413	0.9568551	0.93220294	0.9516603	0.9381563	2035-06-25	tropics	25	-0.014801979	-0.009863745	-0.020092512	-0.01146636	-0.018220235	-0.012861401	-0.016553402	2035-06-25	tropics	25	-0.014801979	-0.009863745	-0.020092512	-0.01146636	-0.018220235	-0.012861401	-0.016553402	GARW	2036-04-01
2035-06-26	tropics	25	0.9444615	0.96276665	0.9252698	0.95690787	0.93222106	0.9515731	0.93809533	2035-06-26	tropics	25	0.9444615	0.96276665	0.9252698	0.95690787	0.93222106	0.9515731	0.93809533	2035-06-26	tropics	25	-0.014819622	-0.009861487	-0.020113546	-0.01146555	-0.01821344	-0.012861073	-0.016560972	2035-06-26	tropics	25	-0.014819622	-0.009861487	-0.020113546	-0.01146555	-0.01821344	-0.012861073	-0.016560972	GARW	2036-04-01
2035-06-27	tropics	25	0.9444646	0.96277773	0.9252007	0.9569049	0.9321959	0.9515866	0.9380729	2035-06-27	tropics	25	0.9444646	0.96277773	0.9252007	0.9569049	0.9321959	0.9515866	0.9380729	2035-06-27	tropics	25	-0.01483202	-0.009858357	-0.020133715	-0.011443066	-0.018206835	-0.012883872	-0.01657474	2035-06-27	tropics	25	-0.01483202	-0.009858357	-0.020133715	-0.011443066	-0.018206835	-0.012883872	-0.01657474	GARW	2036-04-01
2035-06-28	tropics	25	0.944453	0.9627882	0.92513406	0.9568899	0.93217033	0.95159316	0.9379927	2035-06-28	tropics	25	0.944453	0.9627882	0.92513406	0.9568899	0.93217033	0.95159316	0.9379927	2035-06-28	tropics	25	-0.014829159	-0.00985515	-0.020153273	-0.011439049	-0.018210411	-0.012885362	-0.0165869	2035-06-28	tropics	25	-0.014829159	-0.00985515	-0.020153273	-0.011439049	-0.018210411	-0.012885362	-0.0165869	GARW	2036-04-01
2035-06-29	tropics	25	0.94443023	0.962798	0.92506963	0.9568753	0.9321527	0.9516239	0.9379049	2035-06-29	tropics	25	0.94443023	0.962798	0.92506963	0.9568753	0.9321527	0.9516239	0.9379049	2035-06-29	tropics	25	-0.014832377	-0.009852354	-0.0201721	-0.01144321	-0.018217469	-0.012886018	-0.016599596	2035-06-29	tropics	25	-0.014832377	-0.009852354	-0.0201721	-0.01144321	-0.018217469	-0.012886018	-0.016599596	GARW	2036-04-01
2035-06-30	tropics	25	0.9443952	0.9628072	0.92500746	0.9568485	0.93212336	0.9516543	0.9378233	2035-06-30	tropics	25	0.9443952	0.9628072	0.92500746	0.9568485	0.93212336	0.9516543	0.9378233	2035-06-30	tropics	25	-0.014835358	-0.009849582	-0.020190304	-0.011447073	-0.01822338	-0.012877494	-0.016625404	2035-06-30	tropics	25	-0.014835358	-0.009849582	-0.020190304	-0.011447073	-0.01822338	-0.012877494	-0.016625404	GARW	2036-04-01
2035-07-01	tropics	25	0.9444231	0.9628157	0.92494744	0.9568217	0.9320917	0.95166785	0.93776274	2035-07-01	tropics	25	0.9444231	0.9628157	0.92494744	0.9568217	0.9320917	0.95166785	0.93776274	2035-07-01	tropics	25	-0.014849901	-0.009847221	-0.020207893	-0.011452796	-0.018216252	-0.012869239	-0.016647875	2035-07-01	tropics	25	-0.014849901	-0.009847221	-0.020207893	-0.011452796	-0.018216252	-0.012869239	-0.016647875	GARW	2036-04-01
2035-07-02	tropics	25	0.9444263	0.962827	0.9248894	0.95680296	0.9320263	0.9516587	0.9377419	2035-07-02	tropics	25	0.9444263	0.962827	0.9248894	0.95680296	0.9320263	0.9516587	0.9377419	2035-07-02	tropics	25	-0.014844179	-0.009844795	-0.020224938	-0.011458647	-0.018239165	-0.012863845	-0.016666293	2035-07-02	tropics	25	-0.014844179	-0.009844795	-0.020224938	-0.011458647	-0.018239165	-0.012863845	-0.016666293	GARW	2036-04-01
2035-07-03	tropics	25	0.9444255	0.9628364	0.9248333	0.95678633	0.9319988	0.951607	0.93771964	2035-07-03	tropics	25	0.9444255	0.9628364	0.9248333	0.95678633	0.9319988	0.951607	0.93771964	2035-07-03	tropics	25	-0.014841676	-0.009842381	-0.020241175	-0.0114665385	-0.01825645	-0.012861669	-0.016673982	2035-07-03	tropics	25	-0.014841676	-0.009842381	-0.020241175	-0.0114665385	-0.01825645	-0.012861669	-0.016673982	GARW	2036-04-01
2035-07-04	tropics	25	0.94440997	0.962839	0.9247791	0.95680034	0.9319468	0.95150733	0.9377301	2035-07-04	tropics	25	0.94440997	0.962839	0.9247791	0.95680034	0.9319468	0.95150733	0.9377301	2035-07-04	tropics	25	-0.014839411	-0.009837904	-0.02025716	-0.011470891	-0.018264389	-0.012872577	-0.016683817	2035-07-04	tropics	25	-0.014839411	-0.009837904	-0.02025716	-0.011470891	-0.018264389	-0.012872577	-0.016683817	GARW	2036-04-01
2035-07-05	tropics	25	0.944381	0.96285725	0.9247267	0.95684797	0.93189555	0.9513965	0.9377333	2035-07-05	tropics	25	0.944381	0.96285725	0.9247267	0.95684797	0.93189555	0.9513965	0.9377333	2035-07-05	tropics	25	-0.0148435235	-0.009839115	-0.020272406	-0.011473681	-0.018276941	-0.012895346	-0.01668331	2035-07-05	tropics	25	-0.0148435235	-0.009839115	-0.020272406	-0.011473681	-0.018276941	-0.012895346	-0.01668331	GARW	2036-04-01
2035-07-06	tropics	25	0.9443543	0.96287596	0.924676	0.95687354	0.93183786	0.9513144	0.9376933	2035-07-06	tropics	25	0.9443543	0.96287596	0.924676	0.95687354	0.93183786	0.9513144	0.9376933	2035-07-06	tropics	25	-0.014849782	-0.0098347645	-0.020287279	-0.011460579	-0.018291105	-0.012925088	-0.01668024	2035-07-06	tropics	25	-0.014849782	-0.0098347645	-0.020287279	-0.011460579	-0.018291105	-0.012925088	-0.01668024	GARW	2036-04-01
2035-07-07	tropics	25	0.9443137	0.9628968	0.9246269	0.95687795	0.93177277	0.9513213	0.93762684	2035-07-07	tropics	25	0.9443137	0.9628968	0.9246269	0.95687795	0.93177277	0.9513213	0.93762684	2035-07-07	tropics	25	-0.014858007	-0.009829573	-0.02030148	-0.0114493845	-0.01830541	-0.012952745	-0.016684324	2035-07-07	tropics	25	-0.014858007	-0.009829573	-0.02030148	-0.0114493845	-0.01830541	-0.012952745	-0.016684324	GARW	2036-04-01
2035-07-08	tropics	25	0.9442787	0.9629231	0.92457926	0.95688015	0.931719	0.95129955	0.9376154	2035-07-08	tropics	25	0.9442787	0.9629231	0.92457926	0.95688015	0.931719	0.95129955	0.9376154	2035-07-08	tropics	25	-0.014868259	-0.009824758	-0.020315612	-0.011447942	-0.018323112	-0.012955844	-0.016707331	2035-07-08	tropics	25	-0.014868259	-0.009824758	-0.020315612	-0.011447942	-0.018323112	-0.012955844	-0.016707331	GARW	2036-04-01
2035-07-09	tropics	25	0.944234	0.96296316	0.9245331	0.95687026	0.9316755	0.95127296	0.937617	2035-07-09	tropics	25	0.944234	0.96296316	0.9245331	0.95687026	0.9316755	0.95127296	0.937617	2035-07-09	tropics	25	-0.014877379	-0.009817552	-0.02032881	-0.011447133	-0.018340897	-0.012960196	-0.016713113	2035-07-09	tropics	25	-0.014877379	-0.009817552	-0.02032881	-0.011447133	-0.018340897	-0.012960196	-0.016713113	GARW	2036-04-01
2035-07-10	tropics	25	0.9442122	0.96302533	0.9244295	0.95685494	0.9316324	0.9512514	0.9375767	2035-07-10	tropics	25	0.9442122	0.96302533	0.9244295	0.95685494	0.9316324	0.9512514	0.9375767	2035-07-10	tropics	25	-0.014890492	-0.009810482	-0.020341948	-0.011448277	-0.018353116	-0.01296705	-0.01671514	2035-07-10	tropics	25	-0.014890492	-0.009810482	-0.020341948	-0.011448277	-0.018353116	-0.01296705	-0.01671514	GARW	2036-04-01
2035-07-11	tropics	25	0.94415665	0.9630832	0.9242893	0.9568049	0.9315897	0.9512006	0.93754864	2035-07-11	tropics	25	0.94415665	0.9630832	0.9242893	0.9568049	0.9315897	0.9512006	0.93754864	2035-07-11	tropics	25	-0.014897108	-0.009793446	-0.020360982	-0.011452091	-0.018364977	-0.012974769	-0.016718358	2035-07-11	tropics	25	-0.014897108	-0.009793446	-0.020360982	-0.011452091	-0.018364977	-0.012974769	-0.016718358	GARW	2036-04-01
2035-07-12	tropics	25	0.94407004	0.9631016	0.9241495	0.9567329	0.93156785	0.95120883	0.9375526	2035-07-12	tropics	25	0.94407004	0.9631016	0.9241495	0.9567329	0.93156785	0.95120883	0.9375526	2035-07-12	tropics	25	-0.0149078965	-0.00977704	-0.020400321	-0.011460757	-0.018376982	-0.012983948	-0.016732156	2035-07-12	tropics	25	-0.0149078965	-0.00977704	-0.020400321	-0.011460757	-0.018376982	-0.012983948	-0.016732156	GARW	2036-04-01
2035-07-13	tropics	25	0.9439653	0.9631182	0.92400676	0.95665437	0.9315043	0.9512282	0.937528	2035-07-13	tropics	25	0.9439653	0.9631182	0.92400676	0.95665437	0.9315043	0.9512282	0.937528	2035-07-13	tropics	25	-0.014932036	-0.009768469	-0.020439273	-0.0114797605	-0.018387472	-0.012991637	-0.016732067	2035-07-13	tropics	25	-0.014932036	-0.009768469	-0.020439273	-0.0114797605	-0.018387472	-0.012991637	-0.016732067	GARW	2036-04-01
2035-07-14	tropics	25	0.9439185	0.96313304	0.9238578	0.9565992	0.931446	0.9511697	0.9374498	2035-07-14	tropics	25	0.9439185	0.96313304	0.9238578	0.9565992	0.931446	0.9511697	0.9374498	2035-07-14	tropics	25	-0.014956474	-0.009763981	-0.020478314	-0.011499978	-0.018396307	-0.012980789	-0.016729861	2035-07-14	tropics	25	-0.014956474	-0.009763981	-0.020478314	-0.011499978	-0.018396307	-0.012980789	-0.016729861	GARW	2036-04-01
2035-07-15	tropics	25	0.9439188	0.96314615	0.9238198	0.95651984	0.93139476	0.95107275	0.9374258	2035-07-15	tropics	25	0.9439188	0.96314615	0.9238198	0.95651984	0.93139476	0.95107275	0.9374258	2035-07-15	tropics	25	-0.014976561	-0.00975968	-0.020520115	-0.011519861	-0.01841582	-0.012994647	-0.01675123	2035-07-15	tropics	25	-0.014976561	-0.00975968	-0.020520115	-0.011519861	-0.01841582	-0.012994647	-0.01675123	GARW	2036-04-01
2035-07-16	tropics	25	0.94389766	0.9631576	0.9238169	0.95653236	0.9313438	0.95099354	0.9373565	2035-07-16	tropics	25	0.94389766	0.9631576	0.9238169	0.95653236	0.9313438	0.95099354	0.9373565	2035-07-16	tropics	25	-0.014979899	-0.009756033	-0.020545634	-0.011543489	-0.018430173	-0.013009518	-0.016763717	2035-07-16	tropics	25	-0.014979899	-0.009756033	-0.020545634	-0.011543489	-0.018430173	-0.013009518	-0.016763717	GARW	2036-04-01
2035-07-17	tropics	25	0.94384944	0.96316737	0.9238152	0.9564264	0.9312931	0.9509688	0.9373095	2035-07-17	tropics	25	0.94384944	0.96316737	0.9238152	0.9564264	0.9312931	0.9509688	0.9373095	2035-07-17	tropics	25	-0.014983952	-0.009752912	-0.02054657	-0.011530792	-0.018444335	-0.013043135	-0.01677686	2035-07-17	tropics	25	-0.014983952	-0.009752912	-0.02054657	-0.011530792	-0.018444335	-0.013043135	-0.01677686	GARW	2036-04-01
2035-07-18	tropics	25	0.9438044	0.96317554	0.9238144	0.9563359	0.9312425	0.9509562	0.9372823	2035-07-18	tropics	25	0.9438044	0.96317554	0.9238144	0.9563359	0.9312425	0.9509562	0.9372823	2035-07-18	tropics	25	-0.014993608	-0.009749929	-0.020547275	-0.011559368	-0.018458366	-0.01305154	-0.016793698	2035-07-18	tropics	25	-0.014993608	-0.009749929	-0.020547275	-0.011559368	-0.018458366	-0.01305154	-0.016793698	GARW	2036-04-01
2035-07-19	tropics	25	0.9437455	0.96318233	0.92381394	0.95634645	0.93109226	0.95099354	0.9372408	2035-07-19	tropics	25	0.9437455	0.96318233	0.92381394	0.95634645	0.93109226	0.95099354	0.9372408	2035-07-19	tropics	25	-0.015004873	-0.009747701	-0.020547405	-0.011588349	-0.018472504	-0.013055176	-0.016806185	2035-07-19	tropics	25	-0.015004873	-0.009747701	-0.020547405	-0.011588349	-0.018472504	-0.013055176	-0.016806185	GARW	2036-04-01
2035-07-20	tropics	25	0.9437212	0.9631875	0.9238117	0.9563556	0.9308888	0.95099413	0.93715805	2035-07-20	tropics	25	0.9437212	0.9631875	0.9238117	0.9563556	0.9308888	0.95099413	0.93715805	2035-07-20	tropics	25	-0.01502496	-0.009745659	-0.02054753	-0.0115926275	-0.01849692	-0.013052553	-0.01680854	2035-07-20	tropics	25	-0.01502496	-0.009745659	-0.02054753	-0.0115926275	-0.01849692	-0.013052553	-0.01680854	GARW	2036-04-01
2035-07-21	tropics	25	0.9436975	0.9631914	0.92381024	0.9563631	0.9307913	0.9509527	0.9370637	2035-07-21	tropics	25	0.9436975	0.9631914	0.92381024	0.9563631	0.9307913	0.9509527	0.9370637	2035-07-21	tropics	25	-0.015031993	-0.009744196	-0.020548066	-0.0115899695	-0.018558228	-0.013041019	-0.016831398	2035-07-21	tropics	25	-0.015031993	-0.009744196	-0.020548066	-0.0115899695	-0.018558228	-0.013041019	-0.016831398	GARW	2036-04-01
2035-07-22	tropics	25	0.94366515	0.96319383	0.92380947	0.95639235	0.93064135	0.95092356	0.93699217	2035-07-22	tropics	25	0.94366515	0.96319383	0.92380947	0.95639235	0.93064135	0.95092356	0.93699217	2035-07-22	tropics	25	-0.015039146	-0.009743034	-0.020548563	-0.011587872	-0.018593479	-0.013055474	-0.016857207	2035-07-22	tropics	25	-0.015039146	-0.009743034	-0.020548563	-0.011587872	-0.018593479	-0.013055474	-0.016857207	GARW	2036-04-01
2035-07-23	tropics	25	0.943609	0.96319497	0.92373705	0.956539	0.93057436	0.9509467	0.93692136	2035-07-23	tropics	25	0.943609	0.96319497	0.92373705	0.956539	0.93057436	0.9509467	0.93692136	2035-07-23	tropics	25	-0.015047789	-0.009742286	-0.020548766	-0.011586036	-0.018630743	-0.013060927	-0.016878188	2035-07-23	tropics	25	-0.015047789	-0.009742286	-0.020548766	-0.011586036	-0.018630743	-0.013060927	-0.016878188	GARW	2036-04-01
2035-07-24	tropics	25	0.94351125	0.96319485	0.9236613	0.9565039	0.930389	0.9509419	0.9368347	2035-07-24	tropics	25	0.94351125	0.96319485	0.9236613	0.9565039	0.930389	0.9509419	0.9368347	2035-07-24	tropics	25	-0.015058041	-0.009741702	-0.020561246	-0.011553776	-0.018651735	-0.013058603	-0.016898692	2035-07-24	tropics	25	-0.015058041	-0.009741702	-0.020561246	-0.011553776	-0.018651735	-0.013058603	-0.016898692	GARW	2036-04-01
2035-07-25	tropics	25	0.94345176	0.9631935	0.923581	0.956467	0.9302046	0.9509517	0.9367546	2035-07-25	tropics	25	0.94345176	0.9631935	0.923581	0.956467	0.9302046	0.9509517	0.9367546	2035-07-25	tropics	25	-0.015081525	-0.009741708	-0.020582419	-0.011545337	-0.018695677	-0.0130600035	-0.016919345	2035-07-25	tropics	25	-0.015081525	-0.009741708	-0.020582419	-0.011545337	-0.018695677	-0.0130600035	-0.016919345	GARW	2036-04-01
2035-07-26	tropics	25	0.9433881	0.963154	0.9235002	0.95641863	0.93004125	0.95092964	0.9367584	2035-07-26	tropics	25	0.9433881	0.963154	0.9235002	0.95641863	0.93004125	0.95092964	0.9367584	2035-07-26	tropics	25	-0.015102625	-0.00974189	-0.020604266	-0.011555291	-0.018747186	-0.013057381	-0.016941726	2035-07-26	tropics	25	-0.015102625	-0.00974189	-0.020604266	-0.011555291	-0.018747186	-0.013057381	-0.016941726	GARW	2036-04-01
2035-07-27	tropics	25	0.94336206	0.9630984	0.9234194	0.9563758	0.9299657	0.95091915	0.93674123	2035-07-27	tropics	25	0.94336206	0.9630984	0.9234194	0.9563758	0.9299657	0.95091915	0.93674123	2035-07-27	tropics	25	-0.015120804	-0.009747219	-0.020626988	-0.011567045	-0.018796682	-0.013062149	-0.016950697	2035-07-27	tropics	25	-0.015120804	-0.009747219	-0.020626988	-0.011567045	-0.018796682	-0.013062149	-0.016950697	GARW	2036-04-01
2035-07-28	tropics	25	0.9433366	0.96304154	0.9233386	0.95637417	0.92992395	0.9509001	0.93673635	2035-07-28	tropics	25	0.9433366	0.96304154	0.9233386	0.95637417	0.92992395	0.9509001	0.93673635	2035-07-28	tropics	25	-0.01513046	-0.0097622145	-0.020649537	-0.011579323	-0.0188254	-0.013065696	-0.016954124	2035-07-28	tropics	25	-0.01513046	-0.0097622145	-0.020649537	-0.011579323	-0.0188254	-0.013065696	-0.016954124	GARW	2036-04-01
2035-07-29	tropics	25	0.94330704	0.96301025	0.9232579	0.9563416	0.92990166	0.95088804	0.93673223	2035-07-29	tropics	25	0.94330704	0.96301025	0.9232579	0.9563416	0.92990166	0.95088804	0.93673223	2035-07-29	tropics	25	-0.01513648	-0.009777228	-0.020672161	-0.011586214	-0.0188416	-0.013068169	-0.016955197	2035-07-29	tropics	25	-0.01513648	-0.009777228	-0.020672161	-0.011586214	-0.0188416	-0.013068169	-0.016955197	GARW	2036-04-01
2035-07-30	tropics	25	0.94332314	0.96301687	0.92317736	0.9563789	0.9298781	0.95088845	0.9367186	2035-07-30	tropics	25	0.94332314	0.96301687	0.92317736	0.9563789	0.9298781	0.95088845	0.9367186	2035-07-30	tropics	25	-0.015144825	-0.009792597	-0.020694727	-0.011583853	-0.018847644	-0.013074249	-0.01695615	2035-07-30	tropics	25	-0.015144825	-0.009792597	-0.020694727	-0.011583853	-0.018847644	-0.013074249	-0.01695615	GARW	2036-04-01
2035-07-31	tropics	25	0.943297	0.9630225	0.9230913	0.9564218	0.9298533	0.95089257	0.9366826	2035-07-31	tropics	25	0.943297	0.9630225	0.9230913	0.9564218	0.9298533	0.95089257	0.9366826	2035-07-31	tropics	25	-0.015144944	-0.009790404	-0.020717423	-0.011589027	-0.018854117	-0.013075322	-0.016959697	2035-07-31	tropics	25	-0.015144944	-0.009790404	-0.020717423	-0.011589027	-0.018854117	-0.013075322	-0.016959697	GARW	2036-04-01
2035-08-01	tropics	25	0.9432926	0.963028	0.9229784	0.9564457	0.9298272	0.95089316	0.93661284	2035-08-01	tropics	25	0.9432926	0.963028	0.9229784	0.9564457	0.9298272	0.95089316	0.93661284	2035-08-01	tropics	25	-0.015147746	-0.009788892	-0.020739764	-0.011573803	-0.018860793	-0.013074368	-0.016963512	2035-08-01	tropics	25	-0.015147746	-0.009788892	-0.020739764	-0.011573803	-0.018860793	-0.013074368	-0.016963512	GARW	2036-04-01
2035-08-02	tropics	25	0.9432799	0.9630336	0.92286855	0.9564696	0.9297996	0.95086145	0.9366098	2035-08-02	tropics	25	0.9432799	0.9630336	0.92286855	0.9564696	0.9297996	0.95086145	0.9366098	2035-08-02	tropics	25	-0.015151322	-0.009787382	-0.020770093	-0.01156727	-0.01886778	-0.013073087	-0.016984046	2035-08-02	tropics	25	-0.015151322	-0.009787382	-0.020770093	-0.01156727	-0.01886778	-0.013073087	-0.016984046	GARW	2036-04-01
2035-08-03	tropics	25	0.94325995	0.9630393	0.92280805	0.9565419	0.9297704	0.95086074	0.9366117	2035-08-03	tropics	25	0.94325995	0.9630393	0.92280805	0.9565419	0.9297704	0.95086074	0.9366117	2035-08-03	tropics	25	-0.01515305	-0.009785859	-0.02080128	-0.011560917	-0.018875409	-0.01308012	-0.016991973	2035-08-03	tropics	25	-0.01515305	-0.009785859	-0.02080128	-0.011560917	-0.018875409	-0.01308012	-0.016991973	GARW	2036-04-01
2035-08-04	tropics	25	0.943221	0.96304506	0.9227882	0.95664966	0.929707	0.9508426	0.93655473	2035-08-04	tropics	25	0.943221	0.96304506	0.9227882	0.95664966	0.929707	0.9508426	0.93655473	2035-08-04	tropics	25	-0.015158534	-0.009784336	-0.020827051	-0.011553383	-0.018883323	-0.013082594	-0.016991109	2035-08-04	tropics	25	-0.015158534	-0.009784336	-0.020827051	-0.011553383	-0.018883323	-0.013082594	-0.016991109	GARW	2036-04-01
2035-08-05	tropics	25	0.943184	0.9630467	0.9227705	0.9566291	0.9296442	0.9508024	0.9365014	2035-08-05	tropics	25	0.943184	0.9630467	0.9227705	0.9566291	0.9296442	0.9508024	0.9365014	2035-08-05	tropics	25	-0.015164673	-0.009782859	-0.020832876	-0.011513138	-0.018897915	-0.013084888	-0.017000824	2035-08-05	tropics	25	-0.015164673	-0.009782859	-0.020832876	-0.011513138	-0.018897915	-0.013084888	-0.017000824	GARW	2036-04-01
2035-08-06	tropics	25	0.9431716	0.9630465	0.9227547	0.95658606	0.92958343	0.9507792	0.9364436	2035-08-06	tropics	25	0.9431716	0.9630465	0.9227547	0.95658606	0.92958343	0.9507792	0.9364436	2035-08-06	tropics	25	-0.015178084	-0.0097817555	-0.02083805	-0.01151104	-0.018915594	-0.013099402	-0.01701641	2035-08-06	tropics	25	-0.015178084	-0.0097817555	-0.02083805	-0.01151104	-0.018915594	-0.013099402	-0.01701641	GARW	2036-04-01
2035-08-07	tropics	25	0.9431758	0.9630449	0.9227409	0.9565454	0.9295244	0.9507686	0.9364208	2035-08-07	tropics	25	0.9431758	0.9630449	0.9227409	0.9565454	0.9295244	0.9507686	0.9364208	2035-08-07	tropics	25	-0.015186071	-0.009781536	-0.020842617	-0.011522603	-0.018932605	-0.013105005	-0.01703149	2035-08-07	tropics	25	-0.015186071	-0.009781536	-0.020842617	-0.011522603	-0.018932605	-0.013105005	-0.01703149	GARW	2036-04-01
2035-08-08	tropics	25	0.9431162	0.963042	0.92272896	0.9565079	0.92947775	0.9507475	0.9363854	2035-08-08	tropics	25	0.9431162	0.963042	0.92272896	0.9565079	0.92947775	0.9507475	0.9363854	2035-08-08	tropics	25	-0.015182734	-0.009781855	-0.020846637	-0.011534191	-0.018949294	-0.0131061375	-0.017041892	2035-08-08	tropics	25	-0.015182734	-0.009781855	-0.020846637	-0.011534191	-0.018949294	-0.0131061375	-0.017041892	GARW	2036-04-01
2035-08-09	tropics	25	0.9430611	0.9630393	0.9227187	0.95650786	0.9294329	0.9506968	0.93634486	2035-08-09	tropics	25	0.9430611	0.9630393	0.9227187	0.95650786	0.9294329	0.9506968	0.93634486	2035-08-09	tropics	25	-0.015191734	-0.009782595	-0.020850247	-0.011544431	-0.018963505	-0.013109922	-0.017049193	2035-08-09	tropics	25	-0.015191734	-0.009782595	-0.020850247	-0.011544431	-0.018963505	-0.013109922	-0.017049193	GARW	2036-04-01
2035-08-10	tropics	25	0.94302696	0.96303594	0.9227101	0.9565086	0.9293899	0.9506673	0.93630373	2035-08-10	tropics	25	0.94302696	0.96303594	0.9227101	0.9565086	0.9293899	0.9506673	0.93630373	2035-08-10	tropics	25	-0.015213668	-0.009783355	-0.020853108	-0.011548294	-0.01897614	-0.013121337	-0.01706022	2035-08-10	tropics	25	-0.015213668	-0.009783355	-0.020853108	-0.011548294	-0.01897614	-0.013121337	-0.01706022	GARW	2036-04-01
2035-08-11	tropics	25	0.94297564	0.9630314	0.922703	0.95645773	0.9293485	0.9506601	0.9362793	2035-08-11	tropics	25	0.94297564	0.9630314	0.922703	0.95645773	0.9293485	0.9506601	0.9362793	2035-08-11	tropics	25	-0.015219331	-0.009784203	-0.02085579	-0.011547375	-0.018988276	-0.013134211	-0.017071635	2035-08-11	tropics	25	-0.015219331	-0.009784203	-0.02085579	-0.011547375	-0.018988276	-0.013134211	-0.017071635	GARW	2036-04-01
2035-08-12	tropics	25	0.942961	0.96301794	0.9226974	0.9564086	0.929346	0.9506365	0.9362665	2035-08-12	tropics	25	0.942961	0.96301794	0.9226974	0.9564086	0.929346	0.9506365	0.9362665	2035-08-12	tropics	25	-0.015233457	-0.009785228	-0.020857912	-0.011556899	-0.01899997	-0.013135761	-0.017082065	2035-08-12	tropics	25	-0.015233457	-0.009785228	-0.020857912	-0.011556899	-0.01899997	-0.013135761	-0.017082065	GARW	2036-04-01
2035-08-13	tropics	25	0.9429677	0.9630027	0.9226931	0.9563674	0.92936236	0.95060974	0.9362217	2035-08-13	tropics	25	0.9429677	0.9630027	0.9226931	0.9563674	0.92936236	0.95060974	0.9362217	2035-08-13	tropics	25	-0.015245199	-0.009788033	-0.020859541	-0.011570418	-0.01900797	-0.013140738	-0.017086059	2035-08-13	tropics	25	-0.015245199	-0.009788033	-0.020859541	-0.011570418	-0.01900797	-0.013140738	-0.017086059	GARW	2036-04-01
2035-08-14	tropics	25	0.94298255	0.96298707	0.92269003	0.9564029	0.9292653	0.950571	0.9361757	2035-08-14	tropics	25	0.94298255	0.96298707	0.92269003	0.9564029	0.9292653	0.950571	0.9361757	2035-08-14	tropics	25	-0.015239537	-0.009792139	-0.020860976	-0.011583341	-0.018999208	-0.01314798	-0.017093867	2035-08-14	tropics	25	-0.015239537	-0.009792139	-0.020860976	-0.011583341	-0.018999208	-0.01314798	-0.017093867	GARW	2036-04-01
2035-08-15	tropics	25	0.9429174	0.9629712	0.9226881	0.9564397	0.92927086	0.95050263	0.93612885	2035-08-15	tropics	25	0.9429174	0.9629712	0.9226881	0.9564397	0.92927086	0.95050263	0.93612885	2035-08-15	tropics	25	-0.015240967	-0.009796284	-0.020861793	-0.011580338	-0.01901778	-0.013156295	-0.017106384	2035-08-15	tropics	25	-0.015240967	-0.009796284	-0.020861793	-0.011580338	-0.01901778	-0.013156295	-0.017106384	GARW	2036-04-01
2035-08-16	tropics	25	0.9428271	0.9629552	0.9226868	0.9564776	0.9292625	0.9504116	0.9360812	2035-08-16	tropics	25	0.9428271	0.9629552	0.9226868	0.9564776	0.9292625	0.9504116	0.9360812	2035-08-16	tropics	25	-0.01524806	-0.009800418	-0.020862633	-0.011570395	-0.019028794	-0.013171405	-0.017119288	2035-08-16	tropics	25	-0.01524806	-0.009800418	-0.020862633	-0.011570395	-0.019028794	-0.013171405	-0.017119288	GARW	2036-04-01
2035-08-17	tropics	25	0.94272196	0.9629389	0.9226859	0.95654505	0.9291703	0.9503091	0.9360395	2035-08-17	tropics	25	0.94272196	0.9629389	0.9226859	0.95654505	0.9291703	0.9503091	0.9360395	2035-08-17	tropics	25	-0.015268743	-0.009804903	-0.020862829	-0.011560274	-0.019031882	-0.013194412	-0.017132461	2035-08-17	tropics	25	-0.015268743	-0.009804903	-0.020862829	-0.011560274	-0.019031882	-0.013194412	-0.017132461	GARW	2036-04-01
2035-08-18	tropics	25	0.942636	0.9629225	0.922686	0.9565742	0.92911	0.9502734	0.9360056	2035-08-18	tropics	25	0.942636	0.9629225	0.922686	0.9565742	0.92911	0.9502734	0.9360056	2035-08-18	tropics	25	-0.015297711	-0.009809188	-0.020863269	-0.011545038	-0.019045794	-0.013222426	-0.017145455	2035-08-18	tropics	25	-0.015297711	-0.009809188	-0.020863269	-0.011545038	-0.019045794	-0.013222426	-0.017145455	GARW	2036-04-01
2035-08-19	tropics	25	0.9425665	0.96290606	0.92268705	0.9566104	0.92902136	0.95024234	0.93597174	2035-08-19	tropics	25	0.9425665	0.96290606	0.92268705	0.9566104	0.92902136	0.95024234	0.93597174	2035-08-19	tropics	25	-0.015324771	-0.009813643	-0.020863364	-0.011534144	-0.019064223	-0.013235152	-0.017154843	2035-08-19	tropics	25	-0.015324771	-0.009813643	-0.020863364	-0.011534144	-0.019064223	-0.013235152	-0.017154843	GARW	2036-04-01
2035-08-20	tropics	25	0.9424986	0.9629069	0.9226806	0.956606	0.92900574	0.95026433	0.935938	2035-08-20	tropics	25	0.9424986	0.9629069	0.9226806	0.956606	0.92900574	0.95026433	0.935938	2035-08-20	tropics	25	-0.015344143	-0.009817974	-0.020863114	-0.011524046	-0.019082714	-0.013253778	-0.017164111	2035-08-20	tropics	25	-0.015344143	-0.009817974	-0.020863114	-0.011524046	-0.019082714	-0.013253778	-0.017164111	GARW	2036-04-01
2035-08-21	tropics	25	0.9424292	0.9629235	0.9226469	0.9565587	0.92899513	0.95027506	0.93590444	2035-08-21	tropics	25	0.9424292	0.9629235	0.9226469	0.9565587	0.92899513	0.95027506	0.93590444	2035-08-21	tropics	25	-0.015362918	-0.009821102	-0.020862626	-0.011516606	-0.019098544	-0.013246536	-0.017173588	2035-08-21	tropics	25	-0.015362918	-0.009821102	-0.020862626	-0.011516606	-0.019098544	-0.013246536	-0.017173588	GARW	2036-04-01
2035-08-22	tropics	25	0.94236034	0.96294063	0.9226115	0.95653653	0.9289904	0.95028687	0.9358776	2035-08-22	tropics	25	0.94236034	0.96294063	0.9226115	0.95653653	0.9289904	0.95028687	0.9358776	2035-08-22	tropics	25	-0.015381515	-0.009816764	-0.020870687	-0.011529364	-0.019101894	-0.013243258	-0.017182887	2035-08-22	tropics	25	-0.015381515	-0.009816764	-0.020870687	-0.011529364	-0.019101894	-0.013243258	-0.017182887	GARW	2036-04-01
2035-08-23	tropics	25	0.942307	0.9629581	0.92257684	0.95653105	0.92898816	0.9502707	0.93588424	2035-08-23	tropics	25	0.942307	0.9629581	0.92257684	0.95653105	0.92898816	0.9502707	0.93588424	2035-08-23	tropics	25	-0.015401185	-0.009811992	-0.02088055	-0.011540056	-0.019103218	-0.013240099	-0.017192021	2035-08-23	tropics	25	-0.015401185	-0.009811992	-0.02088055	-0.011540056	-0.019103218	-0.013240099	-0.017192021	GARW	2036-04-01
2035-08-24	tropics	25	0.9422609	0.9629759	0.9225431	0.95652294	0.92898077	0.9502263	0.9359192	2035-08-24	tropics	25	0.9422609	0.9629759	0.9225431	0.95652294	0.92898077	0.9502263	0.9359192	2035-08-24	tropics	25	-0.01541388	-0.009807459	-0.020890236	-0.011540962	-0.019104028	-0.013241202	-0.017195374	2035-08-24	tropics	25	-0.01541388	-0.009807459	-0.020890236	-0.011540962	-0.019104028	-0.013241202	-0.017195374	GARW	2036-04-01
2035-08-25	tropics	25	0.94221437	0.962994	0.9224883	0.9565095	0.928936	0.9501971	0.93582743	2035-08-25	tropics	25	0.94221437	0.962994	0.9224883	0.9565095	0.928936	0.9501971	0.93582743	2035-08-25	tropics	25	-0.015433311	-0.009802688	-0.020899761	-0.011542978	-0.019104565	-0.013247937	-0.017185956	2035-08-25	tropics	25	-0.015433311	-0.009802688	-0.020899761	-0.011542978	-0.019104565	-0.013247937	-0.017185956	GARW	2036-04-01
2035-08-26	tropics	25	0.942254	0.9630122	0.9224057	0.95649004	0.92889136	0.95019454	0.9357858	2035-08-26	tropics	25	0.942254	0.9630122	0.9224057	0.95649004	0.92889136	0.95019454	0.9357858	2035-08-26	tropics	25	-0.015443087	-0.009797849	-0.020910012	-0.011545553	-0.019114101	-0.013262212	-0.017193004	2035-08-26	tropics	25	-0.015443087	-0.009797849	-0.020910012	-0.011545553	-0.019114101	-0.013262212	-0.017193004	GARW	2036-04-01
2035-08-27	tropics	25	0.9422351	0.9630389	0.92232364	0.95646995	0.9288467	0.9502262	0.9357816	2035-08-27	tropics	25	0.9422351	0.9630389	0.92232364	0.95646995	0.9288467	0.9502262	0.9357816	2035-08-27	tropics	25	-0.015442729	-0.009792941	-0.02093315	-0.011550965	-0.019126523	-0.013264865	-0.0172216	2035-08-27	tropics	25	-0.015442729	-0.009792941	-0.02093315	-0.011550965	-0.019126523	-0.013264865	-0.0172216	GARW	2036-04-01
2035-08-28	tropics	25	0.94215614	0.96310186	0.92224205	0.9564491	0.92880225	0.95017546	0.93576056	2035-08-28	tropics	25	0.94215614	0.96310186	0.92224205	0.9564491	0.92880225	0.95017546	0.93576056	2035-08-28	tropics	25	-0.015440166	-0.009787969	-0.020956265	-0.011556376	-0.019138908	-0.013254166	-0.017220348	2035-08-28	tropics	25	-0.015440166	-0.009787969	-0.020956265	-0.011556376	-0.019138908	-0.013254166	-0.017220348	GARW	2036-04-01
2035-08-29	tropics	25	0.9421007	0.9631178	0.92217207	0.9564276	0.928737	0.9501316	0.9356665	2035-08-29	tropics	25	0.9421007	0.9631178	0.92217207	0.9564276	0.928737	0.9501316	0.9356665	2035-08-29	tropics	25	-0.015455663	-0.009772846	-0.020979075	-0.011561717	-0.019151414	-0.013263017	-0.017217398	2035-08-29	tropics	25	-0.015455663	-0.009772846	-0.020979075	-0.011561717	-0.019151414	-0.013263017	-0.017217398	GARW	2036-04-01
2035-08-30	tropics	25	0.94203246	0.9631124	0.92216307	0.9563982	0.9286327	0.95009154	0.9356166	2035-08-30	tropics	25	0.94203246	0.9631124	0.92216307	0.9563982	0.9286327	0.95009154	0.9356166	2035-08-30	tropics	25	-0.015472829	-0.009762138	-0.02100185	-0.011567605	-0.019163787	-0.0132749975	-0.017243505	2035-08-30	tropics	25	-0.015472829	-0.009762138	-0.02100185	-0.011567605	-0.019163787	-0.0132749975	-0.017243505	GARW	2036-04-01
2035-08-31	tropics	25	0.9419974	0.96309954	0.92214864	0.9563405	0.9285704	0.9501091	0.93551797	2035-08-31	tropics	25	0.9419974	0.96309954	0.92214864	0.9563405	0.9285704	0.9501091	0.93551797	2035-08-31	tropics	25	-0.015491188	-0.009763711	-0.02100808	-0.011573518	-0.019192403	-0.013289273	-0.017258465	2035-08-31	tropics	25	-0.015491188	-0.009763711	-0.02100808	-0.011573518	-0.019192403	-0.013289273	-0.017258465	GARW	2036-04-01
2035-09-01	tropics	25	0.9419481	0.9631017	0.9221339	0.9562865	0.92852753	0.95009255	0.9354	2035-09-01	tropics	25	0.9419481	0.9631017	0.9221339	0.9562865	0.92852753	0.95009255	0.9354	2035-09-01	tropics	25	-0.015504539	-0.00976586	-0.021012124	-0.011588109	-0.01921169	-0.013287455	-0.0172804	2035-09-01	tropics	25	-0.015504539	-0.00976586	-0.021012124	-0.011588109	-0.01921169	-0.013287455	-0.0172804	GARW	2036-04-01
2035-09-02	tropics	25	0.94189996	0.9631055	0.9221268	0.9562365	0.9284936	0.95008534	0.9353189	2035-09-02	tropics	25	0.94189996	0.9631055	0.9221268	0.9562365	0.9284936	0.95008534	0.9353189	2035-09-02	tropics	25	-0.0155159235	-0.009767392	-0.02101619	-0.01160332	-0.01922853	-0.013289124	-0.017313704	2035-09-02	tropics	25	-0.0155159235	-0.009767392	-0.02101619	-0.01160332	-0.01922853	-0.013289124	-0.017313704	GARW	2036-04-01
2035-09-03	tropics	25	0.9418769	0.96310765	0.9221312	0.95622563	0.9284597	0.9501042	0.9352559	2035-09-03	tropics	25	0.9418769	0.96310765	0.9221312	0.95622563	0.9284597	0.9501042	0.9352559	2035-09-03	tropics	25	-0.015529335	-0.009766042	-0.021020195	-0.011617376	-0.019238323	-0.013296545	-0.017340392	2035-09-03	tropics	25	-0.015529335	-0.009766042	-0.021020195	-0.011617376	-0.019238323	-0.013296545	-0.017340392	GARW	2036-04-01
2035-09-04	tropics	25	0.94185317	0.9631098	0.9220797	0.95626795	0.9284294	0.9501253	0.93522274	2035-09-04	tropics	25	0.94185317	0.9631098	0.9220797	0.95626795	0.9284294	0.9501253	0.93522274	2035-09-04	tropics	25	-0.015537858	-0.009765306	-0.021019045	-0.011628664	-0.019247662	-0.013289124	-0.017361209	2035-09-04	tropics	25	-0.015537858	-0.009765306	-0.021019045	-0.011628664	-0.019247662	-0.013289124	-0.017361209	GARW	2036-04-01
2035-09-05	tropics	25	0.9418286	0.9631104	0.92202824	0.9562862	0.92836726	0.9501053	0.9351942	2035-09-05	tropics	25	0.9418286	0.9631104	0.92202824	0.9562862	0.92836726	0.9501053	0.9351942	2035-09-05	tropics	25	-0.0155444145	-0.009764722	-0.021027599	-0.011617232	-0.019256497	-0.013281658	-0.017371342	2035-09-05	tropics	25	-0.0155444145	-0.009764722	-0.021027599	-0.011617232	-0.019256497	-0.013281658	-0.017371342	GARW	2036-04-01
2035-09-06	tropics	25	0.94177914	0.9631091	0.9219769	0.95629305	0.92829734	0.9500842	0.93519497	2035-09-06	tropics	25	0.94177914	0.9631091	0.9219769	0.95629305	0.92829734	0.9500842	0.93519497	2035-09-06	tropics	25	-0.015550971	-0.009764441	-0.021042155	-0.011606384	-0.019270062	-0.013286084	-0.01738049	2035-09-06	tropics	25	-0.015550971	-0.009764441	-0.021042155	-0.011606384	-0.019270062	-0.013286084	-0.01738049	GARW	2036-04-01
2035-09-07	tropics	25	0.94174147	0.9631057	0.9219258	0.9563438	0.9282386	0.9500335	0.9352098	2035-09-07	tropics	25	0.94174147	0.9631057	0.9219258	0.9563438	0.9282386	0.9500335	0.9352098	2035-09-07	tropics	25	-0.015561998	-0.009764519	-0.021056404	-0.01161089	-0.0192899	-0.013291538	-0.017383128	2035-09-07	tropics	25	-0.015561998	-0.009764519	-0.021056404	-0.01161089	-0.0192899	-0.013291538	-0.017383128	GARW	2036-04-01
2035-09-08	tropics	25	0.94173914	0.96310025	0.92187476	0.9564418	0.92818975	0.94998163	0.9352585	2035-09-08	tropics	25	0.94173914	0.96310025	0.92187476	0.9564418	0.92818975	0.94998163	0.9352585	2035-09-08	tropics	25	-0.015576005	-0.009765249	-0.021070838	-0.011597491	-0.019308005	-0.013301581	-0.017379671	2035-09-08	tropics	25	-0.015576005	-0.009765249	-0.021070838	-0.011597491	-0.019308005	-0.013301581	-0.017379671	GARW	2036-04-01
2035-09-09	tropics	25	0.9417279	0.9630926	0.9218239	0.9565025	0.9281454	0.9499266	0.935268	2035-09-09	tropics	25	0.9417279	0.9630926	0.9218239	0.9565025	0.9281454	0.9499266	0.935268	2035-09-09	tropics	25	-0.015577972	-0.009766575	-0.02108519	-0.011579657	-0.019322088	-0.013317138	-0.017370924	2035-09-09	tropics	25	-0.015577972	-0.009766575	-0.02108519	-0.011579657	-0.019322088	-0.013317138	-0.017370924	GARW	2036-04-01
2035-09-10	tropics	25	0.94172704	0.9630827	0.9217734	0.95655483	0.928119	0.9498695	0.9352411	2035-09-10	tropics	25	0.94172704	0.9630827	0.9217734	0.95655483	0.928119	0.9498695	0.9352411	2035-09-10	tropics	25	-0.015579313	-0.0097683715	-0.021099327	-0.011554718	-0.019334963	-0.013331324	-0.017359287	2035-09-10	tropics	25	-0.015579313	-0.0097683715	-0.021099327	-0.011554718	-0.019334963	-0.013331324	-0.017359287	GARW	2036-04-01
2035-09-11	tropics	25	0.9417281	0.96307033	0.921723	0.9565915	0.92815405	0.9498079	0.9352245	2035-09-11	tropics	25	0.9417281	0.96307033	0.921723	0.9565915	0.92815405	0.9498079	0.9352245	2035-09-11	tropics	25	-0.015581787	-0.00977065	-0.021113561	-0.011540402	-0.019346442	-0.01334697	-0.017367095	2035-09-11	tropics	25	-0.015581787	-0.00977065	-0.021113561	-0.011540402	-0.019346442	-0.01334697	-0.017367095	GARW	2036-04-01
2035-09-12	tropics	25	0.9417294	0.96305597	0.92167294	0.9566232	0.92814296	0.9497249	0.93524104	2035-09-12	tropics	25	0.9417294	0.96305597	0.92167294	0.9566232	0.92814296	0.9497249	0.93524104	2035-09-12	tropics	25	-0.015581638	-0.009773935	-0.021127744	-0.011528422	-0.01933973	-0.013363004	-0.017372921	2035-09-12	tropics	25	-0.015581638	-0.009773935	-0.021127744	-0.011528422	-0.01933973	-0.013363004	-0.017372921	GARW	2036-04-01
2035-09-13	tropics	25	0.94169366	0.9630547	0.9216232	0.9566522	0.9280807	0.949655	0.93526113	2035-09-13	tropics	25	0.94169366	0.9630547	0.9216232	0.9566522	0.9280807	0.949655	0.93526113	2035-09-13	tropics	25	-0.015581071	-0.009777463	-0.021141825	-0.011519755	-0.019333487	-0.01338312	-0.017371446	2035-09-13	tropics	25	-0.015581071	-0.009777463	-0.021141825	-0.011519755	-0.019333487	-0.01338312	-0.017371446	GARW	2036-04-01
2035-09-14	tropics	25	0.9416879	0.9630529	0.9215738	0.95667195	0.928025	0.9495796	0.935287	2035-09-14	tropics	25	0.9416879	0.9630529	0.9215738	0.95667195	0.928025	0.9495796	0.935287	2035-09-14	tropics	25	-0.015592307	-0.009779397	-0.021155778	-0.01151141	-0.01935153	-0.01340273	-0.017366782	2035-09-14	tropics	25	-0.015592307	-0.009779397	-0.021155778	-0.01151141	-0.01935153	-0.01340273	-0.017366782	GARW	2036-04-01
2035-09-15	tropics	25	0.9416892	0.9630506	0.92152476	0.95665354	0.9279757	0.9495263	0.9353142	2035-09-15	tropics	25	0.9416892	0.9630506	0.92152476	0.95665354	0.9279757	0.9495263	0.9353142	2035-09-15	tropics	25	-0.0155906975	-0.009779889	-0.021169702	-0.011503601	-0.019367527	-0.013424844	-0.017359719	2035-09-15	tropics	25	-0.0155906975	-0.009779889	-0.021169702	-0.011503601	-0.019367527	-0.013424844	-0.017359719	GARW	2036-04-01
2035-09-16	tropics	25	0.9417106	0.96304774	0.92147607	0.9566337	0.9279486	0.9495665	0.93534255	2035-09-16	tropics	25	0.9417106	0.96304774	0.92147607	0.9566337	0.9279486	0.9495665	0.93534255	2035-09-16	tropics	25	-0.015594274	-0.009780473	-0.021183388	-0.011506689	-0.019382035	-0.013441801	-0.017352372	2035-09-16	tropics	25	-0.015594274	-0.009780473	-0.021183388	-0.011506689	-0.019382035	-0.013441801	-0.017352372	GARW	2036-04-01
2035-09-17	tropics	25	0.9417349	0.9630444	0.92138845	0.9566107	0.9280175	0.9495934	0.935372	2035-09-17	tropics	25	0.9417349	0.9630444	0.92138845	0.9566107	0.9280175	0.9495934	0.935372	2035-09-17	tropics	25	-0.015588552	-0.009781087	-0.021197177	-0.011511744	-0.019394577	-0.013437986	-0.017344698	2035-09-17	tropics	25	-0.015588552	-0.009781087	-0.021197177	-0.011511744	-0.019394577	-0.013437986	-0.017344698	GARW	2036-04-01
2035-09-18	tropics	25	0.94172686	0.9630254	0.9212995	0.9566665	0.9279835	0.9495984	0.9354026	2035-09-18	tropics	25	0.94172686	0.9630254	0.9212995	0.9566665	0.9279835	0.9495984	0.9354026	2035-09-18	tropics	25	-0.0155824125	-0.009782077	-0.021217497	-0.011518038	-0.019380903	-0.013430625	-0.017336532	2035-09-18	tropics	25	-0.0155824125	-0.009782077	-0.021217497	-0.011518038	-0.019380903	-0.013430625	-0.017336532	GARW	2036-04-01
2035-09-19	tropics	25	0.94171274	0.963	0.92121124	0.9566908	0.92794985	0.94963646	0.93543416	2035-09-19	tropics	25	0.94171274	0.963	0.92121124	0.9566908	0.92794985	0.94963646	0.93543416	2035-09-19	tropics	25	-0.015580267	-0.009784923	-0.021242492	-0.011512328	-0.019380385	-0.013426185	-0.017328233	2035-09-19	tropics	25	-0.015580267	-0.009784923	-0.021242492	-0.011512328	-0.019380385	-0.013426185	-0.017328233	GARW	2036-04-01
2035-09-20	tropics	25	0.9417322	0.96297455	0.9211237	0.9567337	0.9279264	0.949604	0.9354253	2035-09-20	tropics	25	0.9417322	0.96297455	0.9211237	0.9567337	0.9279264	0.949604	0.9354253	2035-09-20	tropics	25	-0.015584379	-0.0097918995	-0.021267299	-0.011498129	-0.01938982	-0.013415277	-0.017319664	2035-09-20	tropics	25	-0.015584379	-0.0097918995	-0.021267299	-0.011498129	-0.01938982	-0.013415277	-0.017319664	GARW	2036-04-01
2035-09-21	tropics	25	0.94171786	0.962949	0.9210368	0.956858	0.9279209	0.9495749	0.9353474	2035-09-21	tropics	25	0.94171786	0.962949	0.9210368	0.956858	0.9279209	0.9495749	0.9353474	2035-09-21	tropics	25	-0.015583307	-0.009798719	-0.021291893	-0.011499346	-0.019399125	-0.013421208	-0.017310694	2035-09-21	tropics	25	-0.015583307	-0.009798719	-0.021291893	-0.011499346	-0.019399125	-0.013421208	-0.017310694	GARW	2036-04-01
2035-09-22	tropics	25	0.94170433	0.9629233	0.9209506	0.95688707	0.9279054	0.94955593	0.93526864	2035-09-22	tropics	25	0.94170433	0.9629233	0.9209506	0.95688707	0.9279054	0.94955593	0.93526864	2035-09-22	tropics	25	-0.01558277	-0.009805562	-0.021316353	-0.011465538	-0.01940674	-0.013431221	-0.017332181	2035-09-22	tropics	25	-0.01558277	-0.009805562	-0.021316353	-0.011465538	-0.01940674	-0.013431221	-0.017332181	GARW	2036-04-01
2035-09-23	tropics	25	0.9416903	0.96289766	0.92086047	0.9569062	0.92788076	0.9495391	0.9351893	2035-09-23	tropics	25	0.9416903	0.96289766	0.92086047	0.9569062	0.92788076	0.9495391	0.9351893	2035-09-23	tropics	25	-0.015586555	-0.009812411	-0.021340612	-0.011446667	-0.019403167	-0.013436407	-0.017353863	2035-09-23	tropics	25	-0.015586555	-0.009812411	-0.021340612	-0.011446667	-0.019403167	-0.013436407	-0.017353863	GARW	2036-04-01
2035-09-24	tropics	25	0.9416192	0.96287364	0.9207696	0.95692104	0.9278624	0.9495243	0.9351094	2035-09-24	tropics	25	0.9416192	0.96287364	0.9207696	0.95692104	0.9278624	0.9495243	0.9351094	2035-09-24	tropics	25	-0.015590042	-0.009819352	-0.021365246	-0.011443174	-0.01940996	-0.013441384	-0.017375723	2035-09-24	tropics	25	-0.015590042	-0.009819352	-0.021365246	-0.011443174	-0.01940996	-0.013441384	-0.017375723	GARW	2036-04-01
2035-09-25	tropics	25	0.9416545	0.96285146	0.9206792	0.95693284	0.92789894	0.9495088	0.935052	2035-09-25	tropics	25	0.9416545	0.96285146	0.9206792	0.95693284	0.92789894	0.9495088	0.935052	2035-09-25	tropics	25	-0.015604377	-0.009826243	-0.021390915	-0.011437303	-0.019416595	-0.013445526	-0.01739785	2035-09-25	tropics	25	-0.015604377	-0.009826243	-0.021390915	-0.011437303	-0.019416595	-0.013445526	-0.01739785	GARW	2036-04-01
2035-09-26	tropics	25	0.9417237	0.96281576	0.9206816	0.9569394	0.9278315	0.949477	0.93503404	2035-09-26	tropics	25	0.9417237	0.96281576	0.9206816	0.9569394	0.9278315	0.949477	0.93503404	2035-09-26	tropics	25	-0.0156086385	-0.009832215	-0.021416204	-0.011433887	-0.019415407	-0.013449192	-0.017418578	2035-09-26	tropics	25	-0.0156086385	-0.009832215	-0.021416204	-0.011433887	-0.019415407	-0.013449192	-0.017418578	GARW	2036-04-01
2035-09-27	tropics	25	0.9417368	0.96276426	0.9206921	0.95694184	0.92780256	0.94944626	0.9350346	2035-09-27	tropics	25	0.9417368	0.96276426	0.9206921	0.95694184	0.92780256	0.94944626	0.9350346	2035-09-27	tropics	25	-0.015589893	-0.009838795	-0.0214261	-0.011431557	-0.0194195	-0.013456628	-0.017427012	2035-09-27	tropics	25	-0.015589893	-0.009838795	-0.0214261	-0.011431557	-0.0194195	-0.013456628	-0.017427012	GARW	2036-04-01
2035-09-28	tropics	25	0.9417112	0.96271247	0.92069256	0.95694655	0.9277895	0.9494166	0.9350351	2035-09-28	tropics	25	0.9417112	0.96271247	0.92069256	0.95694655	0.9277895	0.9494166	0.9350351	2035-09-28	tropics	25	-0.015576258	-0.009852736	-0.021423135	-0.011431045	-0.019432228	-0.013465032	-0.017426804	2035-09-28	tropics	25	-0.015576258	-0.009852736	-0.021423135	-0.011431045	-0.019432228	-0.013465032	-0.017426804	GARW	2036-04-01
2035-09-29	tropics	25	0.9417476	0.96265894	0.9206334	0.9569704	0.927803	0.94938797	0.93505317	2035-09-29	tropics	25	0.9417476	0.96265894	0.9206334	0.9569704	0.927803	0.94938797	0.93505317	2035-09-29	tropics	25	-0.015585482	-0.00986662	-0.021420082	-0.011430066	-0.019437343	-0.013473198	-0.017426535	2035-09-29	tropics	25	-0.015585482	-0.00986662	-0.021420082	-0.011430066	-0.019437343	-0.013473198	-0.017426535	GARW	2036-04-01
2035-09-30	tropics	25	0.9417709	0.9625941	0.92055666	0.9569839	0.9278237	0.9493604	0.9350747	2035-09-30	tropics	25	0.9417709	0.9625941	0.92055666	0.9569839	0.9278237	0.9493604	0.9350747	2035-09-30	tropics	25	-0.015584469	-0.009880789	-0.021432007	-0.011428511	-0.019435983	-0.013481155	-0.017423883	2035-09-30	tropics	25	-0.015584469	-0.009880789	-0.021432007	-0.011428511	-0.019435983	-0.013481155	-0.017423883	GARW	2036-04-01
2035-10-01	tropics	25	0.9417721	0.96253633	0.92045933	0.95699525	0.92781794	0.9493527	0.93509275	2035-10-01	tropics	25	0.9417721	0.96253633	0.92045933	0.95699525	0.92781794	0.9493527	0.93509275	2035-10-01	tropics	25	-0.015566155	-0.009897854	-0.021449864	-0.011420323	-0.01943102	-0.013488799	-0.017417923	2035-10-01	tropics	25	-0.015566155	-0.009897854	-0.021449864	-0.011420323	-0.01943102	-0.013488799	-0.017417923	GARW	2036-04-01
2035-10-02	tropics	25	0.9417454	0.9624774	0.9203631	0.95700717	0.92783844	0.94936186	0.93507177	2035-10-02	tropics	25	0.9417454	0.9624774	0.9203631	0.95700717	0.92783844	0.94936186	0.93507177	2035-10-02	tropics	25	-0.015577093	-0.009913342	-0.0214774	-0.011416842	-0.019429706	-0.013494343	-0.01741188	2035-10-02	tropics	25	-0.015577093	-0.009913342	-0.0214774	-0.011416842	-0.019429706	-0.013494343	-0.01741188	GARW	2036-04-01
2035-10-03	tropics	25	0.94173604	0.96241736	0.92026824	0.9570239	0.9278593	0.9493708	0.9350805	2035-10-03	tropics	25	0.94173604	0.96241736	0.92026824	0.9570239	0.9278593	0.9493708	0.9350805	2035-10-03	tropics	25	-0.015572846	-0.009929171	-0.021504462	-0.011414625	-0.019426428	-0.013491958	-0.017423697	2035-10-03	tropics	25	-0.015572846	-0.009929171	-0.021504462	-0.011414625	-0.019426428	-0.013491958	-0.017423697	GARW	2036-04-01
2035-10-04	tropics	25	0.9417469	0.9623582	0.92017454	0.9570436	0.92784184	0.94937944	0.9350255	2035-10-04	tropics	25	0.9417469	0.9623582	0.92017454	0.9570436	0.92784184	0.94937944	0.9350255	2035-10-04	tropics	25	-0.015580058	-0.009945202	-0.021531237	-0.0114103565	-0.01942068	-0.013489351	-0.017408296	2035-10-04	tropics	25	-0.015580058	-0.009945202	-0.021531237	-0.0114103565	-0.01942068	-0.013489351	-0.017408296	GARW	2036-04-01
2035-10-05	tropics	25	0.9417565	0.9622975	0.9200822	0.957066	0.927801	0.9493855	0.9349859	2035-10-05	tropics	25	0.9417565	0.9622975	0.9200822	0.957066	0.927801	0.9493855	0.9349859	2035-10-05	tropics	25	-0.015577048	-0.009961154	-0.021557653	-0.011405439	-0.019419251	-0.013486996	-0.017423507	2035-10-05	tropics	25	-0.015577048	-0.009961154	-0.021557653	-0.011405439	-0.019419251	-0.013486996	-0.017423507	GARW	2036-04-01
2035-10-06	tropics	25	0.94176245	0.9622874	0.9199914	0.95709157	0.9277491	0.9493841	0.93499124	2035-10-06	tropics	25	0.94176245	0.9622874	0.9199914	0.95709157	0.9277491	0.9493841	0.93499124	2035-10-06	tropics	25	-0.015574247	-0.009977426	-0.021583762	-0.011399633	-0.019430708	-0.013484985	-0.01743767	2035-10-06	tropics	25	-0.015574247	-0.009977426	-0.021583762	-0.011399633	-0.019430708	-0.013484985	-0.01743767	GARW	2036-04-01
2035-10-07	tropics	25	0.94175494	0.96231264	0.91992265	0.957114	0.9276892	0.9493711	0.9350005	2035-10-07	tropics	25	0.94175494	0.96231264	0.91992265	0.957114	0.9276892	0.9493711	0.9350005	2035-10-07	tropics	25	-0.015571743	-0.009988242	-0.021609342	-0.011392951	-0.019442981	-0.013483882	-0.017439492	2035-10-07	tropics	25	-0.015571743	-0.009988242	-0.021609342	-0.011392951	-0.019442981	-0.013483882	-0.017439492	GARW	2036-04-01
2035-10-08	tropics	25	0.94174683	0.96229744	0.91989565	0.95713407	0.9276367	0.9493581	0.9350221	2035-10-08	tropics	25	0.94174683	0.96229744	0.91989565	0.95713407	0.9276367	0.9493581	0.9350221	2035-10-08	tropics	25	-0.015573084	-0.00998184	-0.021634612	-0.01138562	-0.019459799	-0.013487101	-0.0174371	2035-10-08	tropics	25	-0.015573084	-0.00998184	-0.021634612	-0.01138562	-0.019459799	-0.013487101	-0.0174371	GARW	2036-04-01
2035-10-09	tropics	25	0.9417401	0.9622507	0.9198683	0.9571425	0.9276115	0.9493066	0.93504304	2035-10-09	tropics	25	0.9417401	0.9622507	0.9198683	0.9571425	0.9276115	0.9493066	0.93504304	2035-10-09	tropics	25	-0.015575133	-0.0099788625	-0.021642644	-0.011382103	-0.019476395	-0.013490751	-0.017432295	2035-10-09	tropics	25	-0.015575133	-0.0099788625	-0.021642644	-0.011382103	-0.019476395	-0.013490751	-0.017432295	GARW	2036-04-01
2035-10-10	tropics	25	0.9417417	0.9622191	0.91984046	0.9571351	0.9275887	0.94925404	0.93502724	2035-10-10	tropics	25	0.9417417	0.9622191	0.91984046	0.9571351	0.9275887	0.94925404	0.93502724	2035-10-10	tropics	25	-0.01557751	-0.0099914335	-0.0216503	-0.011375559	-0.019485166	-0.01350081	-0.017426528	2035-10-10	tropics	25	-0.01557751	-0.0099914335	-0.0216503	-0.011375559	-0.019485166	-0.01350081	-0.017426528	GARW	2036-04-01
2035-10-11	tropics	25	0.94174016	0.9621867	0.9197886	0.957124	0.92756605	0.94918454	0.93496674	2035-10-11	tropics	25	0.94174016	0.9621867	0.9197886	0.957124	0.92756605	0.94918454	0.93496674	2035-10-11	tropics	25	-0.015578389	-0.010001443	-0.021658	-0.011377096	-0.019491516	-0.013515219	-0.01742898	2035-10-11	tropics	25	-0.015578389	-0.010001443	-0.021658	-0.011377096	-0.019491516	-0.013515219	-0.01742898	GARW	2036-04-01
2035-10-12	tropics	25	0.9417726	0.9621535	0.9197768	0.95711803	0.92753357	0.949143	0.9349131	2035-10-12	tropics	25	0.9417726	0.9621535	0.9197768	0.95711803	0.92753357	0.949143	0.9349131	2035-10-12	tropics	25	-0.015576027	-0.010010147	-0.021671647	-0.011380017	-0.0194978	-0.013530314	-0.017435733	2035-10-12	tropics	25	-0.015576027	-0.010010147	-0.021671647	-0.011380017	-0.0194978	-0.013530314	-0.017435733	GARW	2036-04-01
2035-10-13	tropics	25	0.9418068	0.96217626	0.9197674	0.95716876	0.9275047	0.9491606	0.93494004	2035-10-13	tropics	25	0.9418068	0.96217626	0.9197674	0.95716876	0.9275047	0.9491606	0.93494004	2035-10-13	tropics	25	-0.015574798	-0.0100189615	-0.021678042	-0.011383171	-0.019504052	-0.013546549	-0.017455213	2035-10-13	tropics	25	-0.015574798	-0.0100189615	-0.021678042	-0.011383171	-0.019504052	-0.013546549	-0.017455213	GARW	2036-04-01
2035-10-14	tropics	25	0.9418054	0.96222234	0.9197603	0.95718926	0.9274822	0.949182	0.93498397	2035-10-14	tropics	25	0.9418054	0.96222234	0.9197603	0.95718926	0.9274822	0.949182	0.93498397	2035-10-14	tropics	25	-0.01556322	-0.010019998	-0.021680828	-0.011374087	-0.019514164	-0.013547987	-0.017455563	2035-10-14	tropics	25	-0.01556322	-0.010019998	-0.021680828	-0.011374087	-0.019514164	-0.013547987	-0.017455563	GARW	2036-04-01
2035-10-15	tropics	25	0.94175434	0.9622657	0.91975576	0.9571916	0.92746574	0.9491625	0.93502766	2035-10-15	tropics	25	0.94175434	0.9622657	0.91975576	0.9571916	0.92746574	0.9491625	0.93502766	2035-10-15	tropics	25	-0.015556924	-0.010008008	-0.021683142	-0.011363792	-0.019521723	-0.013541929	-0.017445229	2035-10-15	tropics	25	-0.015556924	-0.010008008	-0.021683142	-0.011363792	-0.019521723	-0.013541929	-0.017445229	GARW	2036-04-01
2035-10-16	tropics	25	0.9417927	0.96226645	0.9197538	0.95719373	0.92745024	0.9491341	0.93503606	2035-10-16	tropics	25	0.9417927	0.96226645	0.9197538	0.95719373	0.92745024	0.9491341	0.93503606	2035-10-16	tropics	25	-0.015572719	-0.009995986	-0.021684589	-0.01136306	-0.01952641	-0.01354298	-0.017432991	2035-10-16	tropics	25	-0.015572719	-0.009995986	-0.021684589	-0.01136306	-0.01952641	-0.01354298	-0.017432991	GARW	2036-04-01
2035-10-17	tropics	25	0.94177246	0.96223116	0.91974604	0.9571944	0.9274344	0.94906855	0.93499124	2035-10-17	tropics	25	0.94177246	0.96223116	0.91974604	0.9571944	0.9274344	0.94906855	0.93499124	2035-10-17	tropics	25	-0.015569612	-0.009988439	-0.021685567	-0.0113625955	-0.019531338	-0.0135497525	-0.017426124	2035-10-17	tropics	25	-0.015569612	-0.009988439	-0.021685567	-0.0113625955	-0.019531338	-0.0135497525	-0.017426124	GARW	2036-04-01
2035-10-18	tropics	25	0.9417858	0.96219635	0.91973484	0.9571901	0.9274186	0.94904596	0.93492615	2035-10-18	tropics	25	0.9417858	0.96219635	0.91973484	0.9571901	0.9274186	0.94904596	0.93492615	2035-10-18	tropics	25	-0.015565753	-0.009998167	-0.021686854	-0.011361814	-0.019534465	-0.013562225	-0.017431132	2035-10-18	tropics	25	-0.015565753	-0.009998167	-0.021686854	-0.011361814	-0.019534465	-0.013562225	-0.017431132	GARW	2036-04-01
2035-10-19	tropics	25	0.94172996	0.962162	0.91964835	0.957182	0.9274318	0.94900453	0.93486977	2035-10-19	tropics	25	0.94172996	0.962162	0.91964835	0.957182	0.9274318	0.94900453	0.93486977	2035-10-19	tropics	25	-0.015567869	-0.010007525	-0.021688962	-0.0113626495	-0.019540608	-0.013575107	-0.017451089	2035-10-19	tropics	25	-0.015567869	-0.010007525	-0.021688962	-0.0113626495	-0.019540608	-0.013575107	-0.017451089	GARW	2036-04-01
2035-10-20	tropics	25	0.94176555	0.96212834	0.9195637	0.95717317	0.9274442	0.9490305	0.93483543	2035-10-20	tropics	25	0.94176555	0.96212834	0.9195637	0.95717317	0.9274442	0.9490305	0.93483543	2035-10-20	tropics	25	-0.015571624	-0.010016888	-0.021706196	-0.011364574	-0.019539112	-0.013584763	-0.017466784	2035-10-20	tropics	25	-0.015571624	-0.010016888	-0.021706196	-0.011364574	-0.019539112	-0.013584763	-0.017466784	GARW	2036-04-01
2035-10-21	tropics	25	0.941772	0.96209526	0.91948104	0.9571636	0.9274446	0.949054	0.93491584	2035-10-21	tropics	25	0.941772	0.96209526	0.91948104	0.9571636	0.9274446	0.949054	0.93491584	2035-10-21	tropics	25	-0.015577115	-0.010025889	-0.02173012	-0.011366905	-0.019535173	-0.013583716	-0.01748211	2035-10-21	tropics	25	-0.015577115	-0.010025889	-0.02173012	-0.011366905	-0.019535173	-0.013583716	-0.01748211	GARW	2036-04-01
2035-10-22	tropics	25	0.9417926	0.96206284	0.91940045	0.9571531	0.9274491	0.9490508	0.9349214	2035-10-22	tropics	25	0.9417926	0.96206284	0.91940045	0.9571531	0.9274491	0.9490508	0.9349214	2035-10-22	tropics	25	-0.015567884	-0.010034946	-0.021753697	-0.011369336	-0.019534655	-0.013577003	-0.017467905	2035-10-22	tropics	25	-0.015567884	-0.010034946	-0.021753697	-0.011369336	-0.019534655	-0.013577003	-0.017467905	GARW	2036-04-01
2035-10-23	tropics	25	0.94181883	0.96203125	0.9193221	0.95714325	0.9274568	0.94904196	0.93492126	2035-10-23	tropics	25	0.94181883	0.96203125	0.9193221	0.95714325	0.9274568	0.94904196	0.93492126	2035-10-23	tropics	25	-0.015566289	-0.010043815	-0.021776397	-0.011372233	-0.01953371	-0.013574768	-0.017455883	2035-10-23	tropics	25	-0.015566289	-0.010043815	-0.021776397	-0.011372233	-0.01953371	-0.013574768	-0.017455883	GARW	2036-04-01
2035-10-24	tropics	25	0.9418478	0.9620003	0.91925174	0.95714545	0.9274679	0.94903076	0.9348918	2035-10-24	tropics	25	0.9418478	0.9620003	0.91925174	0.95714545	0.9274679	0.94903076	0.9348918	2035-10-24	tropics	25	-0.015559375	-0.010052326	-0.021798823	-0.011377028	-0.019531915	-0.013577107	-0.0174576	2035-10-24	tropics	25	-0.015559375	-0.010052326	-0.021798823	-0.011377028	-0.019531915	-0.013577107	-0.0174576	GARW	2036-04-01
2035-10-25	tropics	25	0.94187754	0.9619701	0.9192112	0.9571456	0.9274821	0.9490521	0.9348594	2035-10-25	tropics	25	0.94187754	0.9619701	0.9192112	0.9571456	0.9274821	0.9490521	0.9348594	2035-10-25	tropics	25	-0.0155518055	-0.010060782	-0.021820351	-0.011375424	-0.019529177	-0.013579853	-0.017463308	2035-10-25	tropics	25	-0.0155518055	-0.010060782	-0.021820351	-0.011375424	-0.019529177	-0.013579853	-0.017463308	GARW	2036-04-01
2035-10-26	tropics	25	0.9418788	0.96194035	0.9191712	0.9571382	0.9274769	0.94911045	0.9348302	2035-10-26	tropics	25	0.9418788	0.96194035	0.9191712	0.9571382	0.9274769	0.94911045	0.9348302	2035-10-26	tropics	25	-0.01554136	-0.0100689735	-0.02183358	-0.0113752335	-0.019525548	-0.013581127	-0.01747233	2035-10-26	tropics	25	-0.01554136	-0.0100689735	-0.02183358	-0.0113752335	-0.019525548	-0.013581127	-0.01747233	GARW	2036-04-01
2035-10-27	tropics	25	0.94187945	0.96191114	0.91913176	0.9571277	0.92741275	0.9491519	0.93481445	2035-10-27	tropics	25	0.94187945	0.96191114	0.91913176	0.9571277	0.92741275	0.9491519	0.93481445	2035-10-27	tropics	25	-0.015539914	-0.010077122	-0.021844843	-0.011376256	-0.019520974	-0.013565488	-0.01748088	2035-10-27	tropics	25	-0.015539914	-0.010077122	-0.021844843	-0.011376256	-0.019520974	-0.013565488	-0.01748088	GARW	2036-04-01
2035-10-28	tropics	25	0.94189173	0.96188223	0.91907245	0.9571163	0.9274162	0.94912815	0.9348004	2035-10-28	tropics	25	0.94189173	0.96188223	0.91907245	0.9571163	0.9274162	0.94912815	0.9348004	2035-10-28	tropics	25	-0.015539635	-0.010084888	-0.021855945	-0.011379063	-0.019536251	-0.013552003	-0.0174863	2035-10-28	tropics	25	-0.015539635	-0.010084888	-0.021855945	-0.011379063	-0.019536251	-0.013552003	-0.0174863	GARW	2036-04-01
2035-10-29	tropics	25	0.9419087	0.9618536	0.91896456	0.9571042	0.92742133	0.9491674	0.9347879	2035-10-29	tropics	25	0.9419087	0.9618536	0.91896456	0.9571042	0.92742133	0.9491674	0.9347879	2035-10-29	tropics	25	-0.015539333	-0.010092729	-0.021867022	-0.011382011	-0.019542238	-0.013551921	-0.017490303	2035-10-29	tropics	25	-0.015539333	-0.010092729	-0.021867022	-0.011382011	-0.019542238	-0.013551921	-0.017490303	GARW	2036-04-01
2035-10-30	tropics	25	0.9419259	0.96182513	0.9188483	0.9570562	0.927424	0.9492035	0.9347778	2035-10-30	tropics	25	0.9419259	0.96182513	0.9188483	0.9570562	0.927424	0.9492035	0.9347778	2035-10-30	tropics	25	-0.015532762	-0.010100445	-0.021895304	-0.01138517	-0.01954064	-0.013547733	-0.017494045	2035-10-30	tropics	25	-0.015532762	-0.010100445	-0.021895304	-0.01138517	-0.01954064	-0.013547733	-0.017494045	GARW	2036-04-01
2035-10-31	tropics	25	0.941953	0.96179664	0.9187262	0.95709133	0.9274244	0.9492396	0.9347844	2035-10-31	tropics	25	0.941953	0.96179664	0.9187262	0.95709133	0.9274244	0.9492396	0.9347844	2035-10-31	tropics	25	-0.015528459	-0.010108123	-0.021926908	-0.011393854	-0.019539619	-0.013537653	-0.01749714	2035-10-31	tropics	25	-0.015528459	-0.010108123	-0.021926908	-0.011393854	-0.019539619	-0.013537653	-0.01749714	GARW	2036-04-01
2035-11-01	tropics	25	0.94197726	0.96176815	0.9185874	0.95707005	0.9274224	0.94927365	0.9348043	2035-11-01	tropics	25	0.94197726	0.96176815	0.9185874	0.95707005	0.9274224	0.94927365	0.9348043	2035-11-01	tropics	25	-0.015521974	-0.010115895	-0.021960841	-0.011389926	-0.019539243	-0.013527654	-0.01749774	2035-11-01	tropics	25	-0.015521974	-0.010115895	-0.021960841	-0.011389926	-0.019539243	-0.013527654	-0.01749774	GARW	2036-04-01
2035-11-02	tropics	25	0.941965	0.96177584	0.91848	0.9570151	0.92741793	0.9493	0.934777	2035-11-02	tropics	25	0.941965	0.96177584	0.91848	0.9570151	0.92741793	0.9493	0.934777	2035-11-02	tropics	25	-0.015515311	-0.010123461	-0.022001868	-0.0113924565	-0.019539619	-0.013518214	-0.017490657	2035-11-02	tropics	25	-0.015515311	-0.010123461	-0.022001868	-0.0113924565	-0.019539619	-0.013518214	-0.017490657	GARW	2036-04-01
2035-11-03	tropics	25	0.941962	0.96180195	0.9183733	0.9570157	0.92741114	0.9492958	0.9347728	2035-11-03	tropics	25	0.941962	0.96180195	0.9183733	0.9570157	0.92741114	0.9492958	0.9347728	2035-11-03	tropics	25	-0.015512794	-0.010126923	-0.022032136	-0.011406099	-0.019540468	-0.013509154	-0.017496206	2035-11-03	tropics	25	-0.015512794	-0.010126923	-0.022032136	-0.011406099	-0.019540468	-0.013509154	-0.017496206	GARW	2036-04-01
2035-11-04	tropics	25	0.9419763	0.96180934	0.91826713	0.95704764	0.9274193	0.94927996	0.93474376	2035-11-04	tropics	25	0.9419763	0.96180934	0.91826713	0.95704764	0.9274193	0.94927996	0.93474376	2035-11-04	tropics	25	-0.015518412	-0.010119983	-0.02206215	-0.01141381	-0.019542322	-0.013508379	-0.017497174	2035-11-04	tropics	25	-0.015518412	-0.010119983	-0.02206215	-0.01141381	-0.019542322	-0.013508379	-0.017497174	GARW	2036-04-01
2035-11-05	tropics	25	0.94198996	0.9617678	0.9181597	0.95704406	0.92746496	0.9491972	0.9347409	2035-11-05	tropics	25	0.94198996	0.9617678	0.9181597	0.95704406	0.92746496	0.9491972	0.9347409	2035-11-05	tropics	25	-0.015514366	-0.0101126665	-0.022092054	-0.011405167	-0.019543743	-0.013509721	-0.01750695	2035-11-05	tropics	25	-0.015514366	-0.0101126665	-0.022092054	-0.011405167	-0.019543743	-0.013509721	-0.01750695	GARW	2036-04-01
2035-11-06	tropics	25	0.94202536	0.96173644	0.91805005	0.95703846	0.9275112	0.9491607	0.93473923	2035-11-06	tropics	25	0.94202536	0.96173644	0.91805005	0.95703846	0.9275112	0.9491607	0.93473923	2035-11-06	tropics	25	-0.015510626	-0.010122278	-0.022121768	-0.011402178	-0.019533167	-0.013525158	-0.017507883	2035-11-06	tropics	25	-0.015510626	-0.010122278	-0.022121768	-0.011402178	-0.019533167	-0.013525158	-0.017507883	GARW	2036-04-01
2035-11-07	tropics	25	0.94206953	0.96169674	0.9180096	0.95703256	0.9274747	0.9491512	0.9347386	2035-11-07	tropics	25	0.94206953	0.96169674	0.9180096	0.95703256	0.9274747	0.9491512	0.9347386	2035-11-07	tropics	25	-0.015503926	-0.01013198	-0.022152849	-0.011403797	-0.019520238	-0.013544813	-0.017508488	2035-11-07	tropics	25	-0.015503926	-0.01013198	-0.022152849	-0.011403797	-0.019520238	-0.013544813	-0.017508488	GARW	2036-04-01
2035-11-08	tropics	25	0.9420928	0.96160614	0.91797704	0.9570265	0.9273453	0.9491729	0.934739	2035-11-08	tropics	25	0.9420928	0.96160614	0.91797704	0.9570265	0.9273453	0.9491729	0.934739	2035-11-08	tropics	25	-0.015491559	-0.010139849	-0.022172006	-0.011405263	-0.019510921	-0.0135475695	-0.017508708	2035-11-08	tropics	25	-0.015491559	-0.010139849	-0.022172006	-0.011405263	-0.019510921	-0.0135475695	-0.017508708	GARW	2036-04-01
2035-11-09	tropics	25	0.94220376	0.96155435	0.91794413	0.9570149	0.9273185	0.94917464	0.93473524	2035-11-09	tropics	25	0.94220376	0.96155435	0.91794413	0.9570149	0.9273185	0.94917464	0.93473524	2035-11-09	tropics	25	-0.01548589	-0.010160866	-0.022181159	-0.011406995	-0.01955033	-0.013545036	-0.017508745	2035-11-09	tropics	25	-0.01548589	-0.010160866	-0.022181159	-0.011406995	-0.01955033	-0.013545036	-0.017508745	GARW	2036-04-01
2035-11-10	tropics	25	0.9421326	0.96155936	0.9179093	0.9569961	0.9272962	0.9491749	0.9347267	2035-11-10	tropics	25	0.9421326	0.96155936	0.9179093	0.9569961	0.9272962	0.9491749	0.9347267	2035-11-10	tropics	25	-0.01545969	-0.010184388	-0.022190306	-0.011408596	-0.019566486	-0.013541143	-0.017508622	2035-11-10	tropics	25	-0.01545969	-0.010184388	-0.022190306	-0.011408596	-0.019566486	-0.013541143	-0.017508622	GARW	2036-04-01
2035-11-11	tropics	25	0.9421761	0.96156347	0.9178735	0.9569753	0.9272732	0.9492165	0.9347177	2035-11-11	tropics	25	0.9421761	0.96156347	0.9178735	0.9569753	0.9272732	0.9492165	0.9347177	2035-11-11	tropics	25	-0.015457468	-0.010183033	-0.022199977	-0.011414684	-0.01957266	-0.013543393	-0.017510995	2035-11-11	tropics	25	-0.015457468	-0.010183033	-0.022199977	-0.011414684	-0.01957266	-0.013543393	-0.017510995	GARW	2036-04-01
2035-11-12	tropics	25	0.9421636	0.96156645	0.91783714	0.9569661	0.92724764	0.94925785	0.9347085	2035-11-12	tropics	25	0.9421636	0.96156645	0.91783714	0.9569661	0.92724764	0.94925785	0.9347085	2035-11-12	tropics	25	-0.015463121	-0.010181771	-0.022209873	-0.011416763	-0.019579064	-0.013534725	-0.017513445	2035-11-12	tropics	25	-0.015463121	-0.010181771	-0.022209873	-0.011416763	-0.019579064	-0.013534725	-0.017513445	GARW	2036-04-01
2035-11-13	tropics	25	0.94214326	0.9615681	0.9178109	0.9569562	0.9272296	0.94929874	0.9346241	2035-11-13	tropics	25	0.94214326	0.9615681	0.9178109	0.9569562	0.9272296	0.94929874	0.9346241	2035-11-13	tropics	25	-0.015459534	-0.010180825	-0.0222201	-0.011422894	-0.019585878	-0.013523407	-0.01751599	2035-11-13	tropics	25	-0.015459534	-0.010180825	-0.0222201	-0.011422894	-0.019585878	-0.013523407	-0.01751599	GARW	2036-04-01
2035-11-14	tropics	25	0.9421704	0.96156836	0.9178029	0.95694566	0.92721885	0.94933903	0.9345484	2035-11-14	tropics	25	0.9421704	0.96156836	0.9178029	0.95694566	0.92721885	0.94933903	0.9345484	2035-11-14	tropics	25	-0.015464932	-0.010180203	-0.02223033	-0.011425593	-0.019592592	-0.013512295	-0.017530449	2035-11-14	tropics	25	-0.015464932	-0.010180203	-0.02223033	-0.011425593	-0.019592592	-0.013512295	-0.017530449	GARW	2036-04-01
2035-11-15	tropics	25	0.9421964	0.961567	0.91779214	0.95693445	0.9272047	0.9493785	0.9343864	2035-11-15	tropics	25	0.9421964	0.961567	0.91779214	0.95693445	0.9272047	0.9493785	0.9343864	2035-11-15	tropics	25	-0.015463615	-0.01017993	-0.022232352	-0.0114282975	-0.019595336	-0.013501152	-0.017555546	2035-11-15	tropics	25	-0.015463615	-0.01017993	-0.022232352	-0.0114282975	-0.019595336	-0.013501152	-0.017555546	GARW	2036-04-01
2035-11-16	tropics	25	0.9421576	0.96157074	0.9177385	0.9569224	0.92718697	0.9494051	0.9343021	2035-11-16	tropics	25	0.9421576	0.96157074	0.9177385	0.9569224	0.92718697	0.9494051	0.9343021	2035-11-16	tropics	25	-0.015452851	-0.010180141	-0.022235025	-0.011431305	-0.019598797	-0.01349023	-0.01758953	2035-11-16	tropics	25	-0.015452851	-0.010180141	-0.022235025	-0.011431305	-0.019598797	-0.01349023	-0.01758953	GARW	2036-04-01
2035-11-17	tropics	25	0.94215286	0.9616208	0.9176747	0.9569097	0.9271696	0.94940656	0.9342099	2035-11-17	tropics	25	0.94215286	0.9616208	0.9176747	0.9569097	0.9271696	0.94940656	0.9342099	2035-11-17	tropics	25	-0.0154607	-0.010180807	-0.02224535	-0.011434485	-0.019603333	-0.013481714	-0.01762269	2035-11-17	tropics	25	-0.0154607	-0.010180807	-0.02224535	-0.011434485	-0.019603333	-0.013481714	-0.01762269	GARW	2036-04-01
2035-11-18	tropics	25	0.9421149	0.9617095	0.9176076	0.9568961	0.9271502	0.9493945	0.93419397	2035-11-18	tropics	25	0.9421149	0.9617095	0.9176076	0.9568961	0.9271502	0.9493945	0.93419397	2035-11-18	tropics	25	-0.015463803	-0.010171277	-0.022262443	-0.011437862	-0.019608438	-0.01347765	-0.017651789	2035-11-18	tropics	25	-0.015463803	-0.010171277	-0.022262443	-0.011437862	-0.019608438	-0.01347765	-0.017651789	GARW	2036-04-01
2035-11-19	tropics	25	0.94211566	0.96179575	0.9175369	0.9568819	0.92714983	0.9493725	0.93406117	2035-11-19	tropics	25	0.94211566	0.96179575	0.9175369	0.9568819	0.92714983	0.9493725	0.93406117	2035-11-19	tropics	25	-0.015473029	-0.010150601	-0.02228097	-0.011441389	-0.019613456	-0.013479896	-0.017652601	2035-11-19	tropics	25	-0.015473029	-0.010150601	-0.02228097	-0.011441389	-0.019613456	-0.013479896	-0.017652601	GARW	2036-04-01
2035-11-20	tropics	25	0.94209385	0.96177745	0.91748947	0.9568666	0.9271556	0.94933754	0.93396854	2035-11-20	tropics	25	0.94209385	0.96177745	0.91748947	0.9568666	0.9271556	0.94933754	0.93396854	2035-11-20	tropics	25	-0.015471237	-0.010126947	-0.022300398	-0.011445289	-0.019617349	-0.01348535	-0.017682403	2035-11-20	tropics	25	-0.015471237	-0.010126947	-0.022300398	-0.011445289	-0.019617349	-0.01348535	-0.017682403	GARW	2036-04-01
2035-11-21	tropics	25	0.94208825	0.9617208	0.9174406	0.9568506	0.92704606	0.94932115	0.9339112	2035-11-21	tropics	25	0.94208825	0.9617208	0.9174406	0.9568506	0.92704606	0.94932115	0.9339112	2035-11-21	tropics	25	-0.015480265	-0.010117912	-0.022316527	-0.011449201	-0.0196136	-0.0134932585	-0.017712504	2035-11-21	tropics	25	-0.015480265	-0.010117912	-0.022316527	-0.011449201	-0.0196136	-0.0134932585	-0.017712504	GARW	2036-04-01
2035-11-22	tropics	25	0.9420365	0.9616332	0.91738755	0.9568336	0.9269943	0.94933516	0.93389225	2035-11-22	tropics	25	0.9420365	0.9616332	0.91738755	0.9568336	0.9269943	0.94933516	0.93389225	2035-11-22	tropics	25	-0.015481219	-0.010132968	-0.022329716	-0.011453495	-0.019638842	-0.013503591	-0.017732896	2035-11-22	tropics	25	-0.015481219	-0.010132968	-0.022329716	-0.011453495	-0.019638842	-0.013503591	-0.017732896	GARW	2036-04-01
2035-11-23	tropics	25	0.94198215	0.9615615	0.9173297	0.9568157	0.926946	0.9492413	0.9339192	2035-11-23	tropics	25	0.94198215	0.9615615	0.9173297	0.9568157	0.926946	0.9492413	0.9339192	2035-11-23	tropics	25	-0.015490875	-0.010148669	-0.02234421	-0.011457998	-0.019654293	-0.013499234	-0.017743036	2035-11-23	tropics	25	-0.015490875	-0.010148669	-0.02234421	-0.011457998	-0.019654293	-0.013499234	-0.017743036	GARW	2036-04-01
2035-11-24	tropics	25	0.941898	0.96150917	0.9172671	0.95679694	0.9268919	0.9492473	0.9338749	2035-11-24	tropics	25	0.941898	0.96150917	0.9172671	0.95679694	0.9268919	0.9492473	0.9338749	2035-11-24	tropics	25	-0.0155055225	-0.010176678	-0.022359937	-0.011462754	-0.01966704	-0.013516348	-0.01773902	2035-11-24	tropics	25	-0.0155055225	-0.010176678	-0.022359937	-0.011462754	-0.01966704	-0.013516348	-0.01773902	GARW	2036-04-01
2035-11-25	tropics	25	0.94179034	0.96145433	0.9171991	0.95677716	0.9268319	0.94922036	0.93378115	2035-11-25	tropics	25	0.94179034	0.96145433	0.9171991	0.95677716	0.9268319	0.94922036	0.93378115	2035-11-25	tropics	25	-0.015523404	-0.01019066	-0.022376953	-0.011467773	-0.019681638	-0.013523327	-0.017741596	2035-11-25	tropics	25	-0.015523404	-0.01019066	-0.022376953	-0.011467773	-0.019681638	-0.013523327	-0.017741596	GARW	2036-04-01
2035-11-26	tropics	25	0.9417335	0.9613971	0.9171255	0.9567564	0.9267657	0.94910276	0.93364275	2035-11-26	tropics	25	0.9417335	0.9613971	0.9171255	0.9567564	0.9267657	0.94910276	0.93364275	2035-11-26	tropics	25	-0.015552737	-0.010205097	-0.022395587	-0.011472983	-0.019697612	-0.013524065	-0.017764326	2035-11-26	tropics	25	-0.015552737	-0.010205097	-0.022395587	-0.011472983	-0.019697612	-0.013524065	-0.017764326	GARW	2036-04-01
2035-11-27	tropics	25	0.9417311	0.9613374	0.917046	0.9567346	0.92669296	0.94903594	0.9336255	2035-11-27	tropics	25	0.9417311	0.9613374	0.917046	0.9567346	0.92669296	0.94903594	0.9336255	2035-11-27	tropics	25	-0.0155751705	-0.010220253	-0.022415655	-0.0114784995	-0.019715453	-0.013549015	-0.017799195	2035-11-27	tropics	25	-0.0155751705	-0.010220253	-0.022415655	-0.0114784995	-0.019715453	-0.013549015	-0.017799195	GARW	2036-04-01
2035-11-28	tropics	25	0.9416496	0.9612983	0.91696024	0.95666635	0.9266135	0.9489471	0.93356967	2035-11-28	tropics	25	0.9416496	0.9612983	0.91696024	0.95666635	0.9266135	0.9489471	0.93356967	2035-11-28	tropics	25	-0.015580352	-0.010236211	-0.02243721	-0.01148437	-0.019734949	-0.013570853	-0.017814647	2035-11-28	tropics	25	-0.015580352	-0.010236211	-0.02243721	-0.01148437	-0.019734949	-0.013570853	-0.017814647	GARW	2036-04-01
2035-11-29	tropics	25	0.9416108	0.9612677	0.9168678	0.95651037	0.926527	0.94882274	0.9335046	2035-11-29	tropics	25	0.9416108	0.9612677	0.9168678	0.95651037	0.926527	0.94882274	0.9335046	2035-11-29	tropics	25	-0.01559383	-0.010249885	-0.022460798	-0.011495941	-0.019756328	-0.0135947615	-0.017823368	2035-11-29	tropics	25	-0.01559383	-0.010249885	-0.022460798	-0.011495941	-0.019756328	-0.0135947615	-0.017823368	GARW	2036-04-01
2035-11-30	tropics	25	0.9415494	0.9612347	0.91676843	0.95650333	0.92643434	0.9487202	0.9334652	2035-11-30	tropics	25	0.9415494	0.9612347	0.91676843	0.95650333	0.92643434	0.9487202	0.9334652	2035-11-30	tropics	25	-0.015609893	-0.010257957	-0.022486096	-0.011531136	-0.01977973	-0.013624556	-0.017846152	2035-11-30	tropics	25	-0.015609893	-0.010257957	-0.022486096	-0.011531136	-0.01977973	-0.013624556	-0.017846152	GARW	2036-04-01
2035-12-01	tropics	25	0.94150865	0.9611991	0.9166618	0.9564073	0.92643905	0.9486868	0.9334261	2035-12-01	tropics	25	0.94150865	0.9611991	0.9166618	0.9564073	0.92643905	0.9486868	0.9334261	2035-12-01	tropics	25	-0.015622791	-0.010266578	-0.022513313	-0.011539888	-0.019805163	-0.013655167	-0.01785665	2035-12-01	tropics	25	-0.015622791	-0.010266578	-0.022513313	-0.011539888	-0.019805163	-0.013655167	-0.01785665	GARW	2036-04-01
2035-12-02	tropics	25	0.9414898	0.9611872	0.9165476	0.9563306	0.9264535	0.9487235	0.933378	2035-12-02	tropics	25	0.9414898	0.9611872	0.9165476	0.9563306	0.9264535	0.9487235	0.933378	2035-12-02	tropics	25	-0.015639603	-0.0102759	-0.022542357	-0.01156447	-0.019815749	-0.013671447	-0.017865025	2035-12-02	tropics	25	-0.015639603	-0.0102759	-0.022542357	-0.01156447	-0.019815749	-0.013671447	-0.017865025	GARW	2036-04-01
2035-12-03	tropics	25	0.941463	0.9612127	0.9164249	0.95634645	0.9263602	0.9486664	0.93332237	2035-12-03	tropics	25	0.941463	0.9612127	0.9164249	0.95634645	0.9263602	0.9486664	0.93332237	2035-12-03	tropics	25	-0.015644431	-0.010285535	-0.02257389	-0.011592029	-0.019811917	-0.013669476	-0.01788307	2035-12-03	tropics	25	-0.015644431	-0.010285535	-0.02257389	-0.011592029	-0.019811917	-0.013669476	-0.01788307	GARW	2036-04-01
2035-12-04	tropics	25	0.9413927	0.9612383	0.9162901	0.95627856	0.92625123	0.94866216	0.933308	2035-12-04	tropics	25	0.9413927	0.9612383	0.9162901	0.95627856	0.92625123	0.94866216	0.933308	2035-12-04	tropics	25	-0.015651345	-0.010278752	-0.022607261	-0.011590691	-0.019824594	-0.013670008	-0.01788579	2035-12-04	tropics	25	-0.015651345	-0.010278752	-0.022607261	-0.011590691	-0.019824594	-0.013670008	-0.01788579	GARW	2036-04-01
2035-12-05	tropics	25	0.9412931	0.9612566	0.9161467	0.95620865	0.9261417	0.9486852	0.9332568	2035-12-05	tropics	25	0.9412931	0.9612566	0.9161467	0.95620865	0.9261417	0.9486852	0.9332568	2035-12-05	tropics	25	-0.015665561	-0.010271742	-0.022644019	-0.011603129	-0.019855231	-0.013695346	-0.017905995	2035-12-05	tropics	25	-0.015665561	-0.010271742	-0.022644019	-0.011603129	-0.019855231	-0.013695346	-0.017905995	GARW	2036-04-01
2035-12-06	tropics	25	0.9411375	0.9612616	0.91602993	0.9561331	0.92603225	0.94864684	0.93327326	2035-12-06	tropics	25	0.9411375	0.9612616	0.91602993	0.9561331	0.92603225	0.94864684	0.93327326	2035-12-06	tropics	25	-0.015690446	-0.010264905	-0.022683522	-0.011621824	-0.019885397	-0.013671892	-0.017914638	2035-12-06	tropics	25	-0.015690446	-0.010264905	-0.022683522	-0.011621824	-0.019885397	-0.013671892	-0.017914638	GARW	2036-04-01
2035-12-07	tropics	25	0.94107664	0.9612634	0.9159859	0.9560383	0.92598647	0.94860375	0.9332586	2035-12-07	tropics	25	0.94107664	0.9612634	0.9159859	0.9560383	0.92598647	0.94860375	0.9332586	2035-12-07	tropics	25	-0.01572451	-0.010262986	-0.022725474	-0.011641215	-0.019916672	-0.013681492	-0.017915651	2035-12-07	tropics	25	-0.01572451	-0.010262986	-0.022725474	-0.011641215	-0.019916672	-0.013681492	-0.017915651	GARW	2036-04-01
2035-12-08	tropics	25	0.94100356	0.96126175	0.91593564	0.9559394	0.9259387	0.9485476	0.9331788	2035-12-08	tropics	25	0.94100356	0.96126175	0.91593564	0.9559394	0.9259387	0.9485476	0.9331788	2035-12-08	tropics	25	-0.015754849	-0.010262128	-0.022739599	-0.011665364	-0.019935697	-0.013692834	-0.01791142	2035-12-08	tropics	25	-0.015754849	-0.010262128	-0.022739599	-0.011665364	-0.019935697	-0.013692834	-0.01791142	GARW	2036-04-01
2035-12-09	tropics	25	0.94092214	0.96125615	0.9158532	0.95583653	0.9258886	0.9485034	0.9330992	2035-12-09	tropics	25	0.94092214	0.96125615	0.9158532	0.95583653	0.9258886	0.9485034	0.9330992	2035-12-09	tropics	25	-0.015772745	-0.010262186	-0.022753093	-0.011691822	-0.01994862	-0.013705947	-0.017932266	2035-12-09	tropics	25	-0.015772745	-0.010262186	-0.022753093	-0.011691822	-0.01994862	-0.013705947	-0.017932266	GARW	2036-04-01
2035-12-10	tropics	25	0.9408338	0.9612462	0.9157087	0.9557837	0.9258357	0.9485049	0.93300354	2035-12-10	tropics	25	0.9408338	0.9612462	0.9157087	0.9557837	0.9258357	0.9485049	0.93300354	2035-12-10	tropics	25	-0.015792727	-0.010263213	-0.022768395	-0.011719037	-0.019962382	-0.013724361	-0.017954156	2035-12-10	tropics	25	-0.015792727	-0.010263213	-0.022768395	-0.011719037	-0.019962382	-0.013724361	-0.017954156	GARW	2036-04-01
2035-12-11	tropics	25	0.94078755	0.9612314	0.9155588	0.95563084	0.92577994	0.9485577	0.9328941	2035-12-11	tropics	25	0.94078755	0.9612314	0.9155588	0.95563084	0.92577994	0.9485577	0.9328941	2035-12-11	tropics	25	-0.015818775	-0.010265449	-0.0228074	-0.011738657	-0.019976724	-0.013723734	-0.017976545	2035-12-11	tropics	25	-0.015818775	-0.010265449	-0.0228074	-0.011738657	-0.019976724	-0.013723734	-0.017976545	GARW	2036-04-01
2035-12-12	tropics	25	0.9406773	0.96121144	0.9154032	0.9555634	0.92572445	0.9485477	0.9328184	2035-12-12	tropics	25	0.9406773	0.96121144	0.9154032	0.9555634	0.92572445	0.9485477	0.9328184	2035-12-12	tropics	25	-0.01583317	-0.01026883	-0.022849018	-0.011772878	-0.019992089	-0.013718313	-0.018010415	2035-12-12	tropics	25	-0.01583317	-0.01026883	-0.022849018	-0.011772878	-0.019992089	-0.013718313	-0.018010415	GARW	2036-04-01
2035-12-13	tropics	25	0.94060636	0.96118593	0.9153154	0.9554604	0.9256715	0.94852376	0.93271464	2035-12-13	tropics	25	0.94060636	0.96118593	0.9153154	0.9554604	0.9256715	0.94852376	0.93271464	2035-12-13	tropics	25	-0.015862674	-0.010273588	-0.022892315	-0.011788322	-0.020007538	-0.013706021	-0.018028885	2035-12-13	tropics	25	-0.015862674	-0.010273588	-0.022892315	-0.011788322	-0.020007538	-0.013706021	-0.018028885	GARW	2036-04-01
2035-12-14	tropics	25	0.9404553	0.9611544	0.9152843	0.95537883	0.925526	0.9485179	0.9325905	2035-12-14	tropics	25	0.9404553	0.9611544	0.9152843	0.95537883	0.925526	0.9485179	0.9325905	2035-12-14	tropics	25	-0.015881628	-0.010279956	-0.022931095	-0.011822881	-0.02002287	-0.013719838	-0.018060416	2035-12-14	tropics	25	-0.015881628	-0.010279956	-0.022931095	-0.011822881	-0.02002287	-0.013719838	-0.018060416	GARW	2036-04-01
2035-12-15	tropics	25	0.9403369	0.9611164	0.9152415	0.95529705	0.92535985	0.94850975	0.93246686	2035-12-15	tropics	25	0.9403369	0.9611164	0.9152415	0.95529705	0.92535985	0.94850975	0.93246686	2035-12-15	tropics	25	-0.01591134	-0.010287791	-0.022938902	-0.011845583	-0.020051563	-0.013713155	-0.018091902	2035-12-15	tropics	25	-0.01591134	-0.010287791	-0.022938902	-0.011845583	-0.020051563	-0.013713155	-0.018091902	GARW	2036-04-01
2035-12-16	tropics	25	0.9401763	0.96107155	0.9152145	0.95520675	0.9251159	0.94826686	0.9323344	2035-12-16	tropics	25	0.9401763	0.96107155	0.9152145	0.95520675	0.9251159	0.94826686	0.9323344	2035-12-16	tropics	25	-0.015955418	-0.010297315	-0.02294991	-0.011866899	-0.020097053	-0.013714336	-0.01812321	2035-12-16	tropics	25	-0.015955418	-0.010297315	-0.02294991	-0.011866899	-0.020097053	-0.013714336	-0.01812321	GARW	2036-04-01
2035-12-17	tropics	25	0.93997693	0.9610194	0.9152314	0.9551473	0.9249426	0.9482359	0.9322008	2035-12-17	tropics	25	0.93997693	0.9610194	0.9152314	0.9551473	0.9249426	0.9482359	0.9322008	2035-12-17	tropics	25	-0.015986143	-0.010308603	-0.02296277	-0.011890467	-0.02014808	-0.013762799	-0.01816079	2035-12-17	tropics	25	-0.015986143	-0.010308603	-0.02296277	-0.011890467	-0.02014808	-0.013762799	-0.01816079	GARW	2036-04-01
2035-12-18	tropics	25	0.93985	0.9609597	0.9151794	0.9551197	0.92477685	0.94818646	0.9320554	2035-12-18	tropics	25	0.93985	0.9609597	0.9151794	0.9551197	0.92477685	0.94818646	0.9320554	2035-12-18	tropics	25	-0.016043488	-0.010321952	-0.022959141	-0.011913985	-0.020212686	-0.013793798	-0.018196613	2035-12-18	tropics	25	-0.016043488	-0.010321952	-0.022959141	-0.011913985	-0.020212686	-0.013793798	-0.018196613	GARW	2036-04-01
2035-12-19	tropics	25	0.9396844	0.96089673	0.91511846	0.95508856	0.924566	0.9480233	0.9319298	2035-12-19	tropics	25	0.9396844	0.96089673	0.91511846	0.95508856	0.924566	0.9480233	0.9319298	2035-12-19	tropics	25	-0.016088724	-0.010337261	-0.022965929	-0.011921324	-0.020255292	-0.013804574	-0.018236473	2035-12-19	tropics	25	-0.016088724	-0.010337261	-0.022965929	-0.011921324	-0.020255292	-0.013804574	-0.018236473	GARW	2036-04-01
2035-12-20	tropics	25	0.9395583	0.9608268	0.915051	0.95504314	0.9243514	0.9478475	0.93180776	2035-12-20	tropics	25	0.9395583	0.9608268	0.915051	0.95504314	0.9243514	0.9478475	0.93180776	2035-12-20	tropics	25	-0.016123265	-0.010354023	-0.022982268	-0.011929291	-0.02031492	-0.01383519	-0.018274143	2035-12-20	tropics	25	-0.016123265	-0.010354023	-0.022982268	-0.011929291	-0.02031492	-0.01383519	-0.018274143	GARW	2036-04-01
2035-12-21	tropics	25	0.9393813	0.9607958	0.9149766	0.9549855	0.9241138	0.94765526	0.9316301	2035-12-21	tropics	25	0.9393813	0.9607958	0.9149766	0.9549855	0.9241138	0.94765526	0.9316301	2035-12-21	tropics	25	-0.016165763	-0.01037191	-0.023000758	-0.011939749	-0.020373488	-0.0138820335	-0.018307388	2035-12-21	tropics	25	-0.016165763	-0.01037191	-0.023000758	-0.011939749	-0.020373488	-0.0138820335	-0.018307388	GARW	2036-04-01
2035-12-22	tropics	25	0.93926203	0.9607879	0.9148943	0.9549556	0.92386717	0.9474584	0.9314609	2035-12-22	tropics	25	0.93926203	0.9607879	0.9148943	0.9549556	0.92386717	0.9474584	0.9314609	2035-12-22	tropics	25	-0.016216159	-0.0103875175	-0.023020823	-0.011953634	-0.020437758	-0.013937153	-0.018347144	2035-12-22	tropics	25	-0.016216159	-0.0103875175	-0.023020823	-0.011953634	-0.020437758	-0.013937153	-0.018347144	GARW	2036-04-01
2035-12-23	tropics	25	0.9391043	0.9607721	0.9148494	0.9549	0.9236396	0.9472889	0.93141204	2035-12-23	tropics	25	0.9391043	0.9607721	0.9148494	0.9549	0.9236396	0.9472889	0.93141204	2035-12-23	tropics	25	-0.016243815	-0.010388721	-0.023043085	-0.01196435	-0.020505529	-0.013989256	-0.018405914	2035-12-23	tropics	25	-0.016243815	-0.010388721	-0.023043085	-0.01196435	-0.020505529	-0.013989256	-0.018405914	GARW	2036-04-01
2035-12-24	tropics	25	0.9389357	0.960748	0.91481525	0.9547326	0.923368	0.94713134	0.9312418	2035-12-24	tropics	25	0.9389357	0.960748	0.91481525	0.9547326	0.923368	0.94713134	0.9312418	2035-12-24	tropics	25	-0.016286194	-0.010392203	-0.0230618	-0.011975796	-0.020572817	-0.014041007	-0.018425405	2035-12-24	tropics	25	-0.016286194	-0.010392203	-0.0230618	-0.011975796	-0.020572817	-0.014041007	-0.018425405	GARW	2036-04-01
2035-12-25	tropics	25	0.9388037	0.9607151	0.91465425	0.95454705	0.923096	0.9470077	0.93108237	2035-12-25	tropics	25	0.9388037	0.9607151	0.91465425	0.95454705	0.923096	0.9470077	0.93108237	2035-12-25	tropics	25	-0.016334862	-0.010397765	-0.02307097	-0.012015135	-0.020643735	-0.014083417	-0.018458173	2035-12-25	tropics	25	-0.016334862	-0.010397765	-0.02307097	-0.012015135	-0.020643735	-0.014083417	-0.018458173	GARW	2036-04-01
2035-12-26	tropics	25	0.9386728	0.9606115	0.9144103	0.95435596	0.92304325	0.94682425	0.93099284	2035-12-26	tropics	25	0.9386728	0.9606115	0.9144103	0.95435596	0.92304325	0.94682425	0.93099284	2035-12-26	tropics	25	-0.016371965	-0.010405704	-0.023098072	-0.012059141	-0.020718848	-0.014116861	-0.018507108	2035-12-26	tropics	25	-0.016371965	-0.010405704	-0.023098072	-0.012059141	-0.020718848	-0.014116861	-0.018507108	GARW	2036-04-01
2035-12-27	tropics	25	0.9384672	0.96044296	0.91413873	0.9541424	0.922849	0.94664186	0.9308593	2035-12-27	tropics	25	0.9384672	0.96044296	0.91413873	0.9541424	0.922849	0.94664186	0.9308593	2035-12-27	tropics	25	-0.016406804	-0.010419925	-0.02316088	-0.012112853	-0.02076894	-0.014165256	-0.018537834	2035-12-27	tropics	25	-0.016406804	-0.010419925	-0.02316088	-0.012112853	-0.02076894	-0.014165256	-0.018537834	GARW	2036-04-01
2035-12-28	tropics	25	0.9382087	0.9602441	0.913894	0.9538993	0.9225409	0.94646966	0.93068355	2035-12-28	tropics	25	0.9382087	0.9602441	0.913894	0.9538993	0.9225409	0.94646966	0.93068355	2035-12-28	tropics	25	-0.016452193	-0.010465832	-0.023237148	-0.012164382	-0.02078318	-0.014214192	-0.018566161	2035-12-28	tropics	25	-0.016452193	-0.010465832	-0.023237148	-0.012164382	-0.02078318	-0.014214192	-0.018566161	GARW	2036-04-01
2035-12-29	tropics	25	0.93804437	0.9600572	0.91364944	0.95362055	0.92235905	0.9462782	0.9304095	2035-12-29	tropics	25	0.93804437	0.9600572	0.91364944	0.95362055	0.92235905	0.9462782	0.9304095	2035-12-29	tropics	25	-0.016522765	-0.0105126975	-0.023309488	-0.0122318	-0.020874906	-0.014263615	-0.01861322	2035-12-29	tropics	25	-0.016522765	-0.0105126975	-0.023309488	-0.0122318	-0.020874906	-0.014263615	-0.01861322	GARW	2036-04-01
2035-12-30	tropics	25	0.9379208	0.95988744	0.91339713	0.953443	0.9220585	0.94611645	0.9301996	2035-12-30	tropics	25	0.9379208	0.95988744	0.91339713	0.953443	0.9220585	0.94611645	0.9301996	2035-12-30	tropics	25	-0.016586661	-0.010570743	-0.023377573	-0.012301464	-0.020933067	-0.01431115	-0.01868093	2035-12-30	tropics	25	-0.016586661	-0.010570743	-0.023377573	-0.012301464	-0.020933067	-0.01431115	-0.01868093	GARW	2036-04-01
2035-12-31	tropics	25	0.9376786	0.9597078	0.9131355	0.9531929	0.92176795	0.9459851	0.93009555	2035-12-31	tropics	25	0.9376786	0.9597078	0.9131355	0.9531929	0.92176795	0.9459851	0.93009555	2035-12-31	tropics	25	-0.01660937	-0.010615433	-0.023448046	-0.012354303	-0.021007622	-0.014361769	-0.018754825	2035-12-31	tropics	25	-0.01660937	-0.010615433	-0.023448046	-0.012354303	-0.021007622	-0.014361769	-0.018754825	GARW	2036-04-01
2036-01-01	tropics	25	0.93743384	0.95951784	0.9128655	0.95298296	0.9214792	0.9458064	0.92989075	2036-01-01	tropics	25	0.93743384	0.95951784	0.9128655	0.95298296	0.9214792	0.9458064	0.92989075	2036-01-01	tropics	25	-0.0166713	-0.010662963	-0.023520917	-0.0124215195	-0.021090556	-0.014398292	-0.018783689	2036-01-01	tropics	25	-0.0166713	-0.010662963	-0.023520917	-0.0124215195	-0.021090556	-0.014398292	-0.018783689	GARW	2036-04-01
2036-01-02	tropics	25	0.9371847	0.9593172	0.912588	0.95288646	0.9211936	0.9456147	0.92973757	2036-01-02	tropics	25	0.9371847	0.9593172	0.912588	0.95288646	0.9211936	0.9456147	0.92973757	2036-01-02	tropics	25	-0.016738534	-0.010713181	-0.02359653	-0.0124860415	-0.021171248	-0.014441952	-0.01883328	2036-01-02	tropics	25	-0.016738534	-0.010713181	-0.02359653	-0.0124860415	-0.021171248	-0.014441952	-0.01883328	GARW	2036-04-01
2036-01-03	tropics	25	0.9369989	0.9591057	0.9123031	0.9527575	0.92091	0.9454402	0.92951655	2036-01-03	tropics	25	0.9369989	0.9591057	0.9123031	0.9527575	0.92091	0.9454402	0.92951655	2036-01-03	tropics	25	-0.016806543	-0.010766247	-0.023674231	-0.012517382	-0.021251833	-0.014497414	-0.01887852	2036-01-03	tropics	25	-0.016806543	-0.010766247	-0.023674231	-0.012517382	-0.021251833	-0.014497414	-0.01887852	GARW	2036-04-01
2036-01-04	tropics	25	0.93678546	0.9588829	0.9119859	0.95260906	0.9206107	0.9450696	0.9292272	2036-01-04	tropics	25	0.93678546	0.9588829	0.9119859	0.95260906	0.9206107	0.9450696	0.9292272	2036-01-04	tropics	25	-0.016863614	-0.010822412	-0.023753932	-0.012550656	-0.021330118	-0.0145429745	-0.018927097	2036-01-04	tropics	25	-0.016863614	-0.010822412	-0.023753932	-0.012550656	-0.021330118	-0.0145429745	-0.018927097	GARW	2036-04-01
2036-01-05	tropics	25	0.9365833	0.95864856	0.9116418	0.9524381	0.9203261	0.9448386	0.9289532	2036-01-05	tropics	25	0.9365833	0.95864856	0.9116418	0.9524381	0.9203261	0.9448386	0.9289532	2036-01-05	tropics	25	-0.016922444	-0.010881368	-0.0238388	-0.01258854	-0.02141577	-0.0146279745	-0.019006848	2036-01-05	tropics	25	-0.016922444	-0.010881368	-0.0238388	-0.01258854	-0.02141577	-0.0146279745	-0.019006848	GARW	2036-04-01
2036-01-06	tropics	25	0.9363724	0.95840245	0.91129243	0.95225084	0.9200393	0.9445195	0.92867666	2036-01-06	tropics	25	0.9363724	0.95840245	0.91129243	0.95225084	0.9200393	0.9445195	0.92867666	2036-01-06	tropics	25	-0.016976923	-0.01094357	-0.023935456	-0.012633341	-0.021494925	-0.014700754	-0.019087166	2036-01-06	tropics	25	-0.016976923	-0.01094357	-0.023935456	-0.012633341	-0.021494925	-0.014700754	-0.019087166	GARW	2036-04-01
2036-01-07	tropics	25	0.9361558	0.9581441	0.91094095	0.95204645	0.9197232	0.9441947	0.9283323	2036-01-07	tropics	25	0.9361558	0.9581441	0.91094095	0.95204645	0.9197232	0.9441947	0.9283323	2036-01-07	tropics	25	-0.01703453	-0.011008802	-0.024033874	-0.012682686	-0.021575356	-0.014777992	-0.019159362	2036-01-07	tropics	25	-0.01703453	-0.011008802	-0.024033874	-0.012682686	-0.021575356	-0.014777992	-0.019159362	GARW	2036-04-01
2036-01-08	tropics	25	0.93595684	0.9578758	0.91058755	0.9518246	0.91944206	0.9438733	0.9279986	2036-01-08	tropics	25	0.93595684	0.9578758	0.91058755	0.9518246	0.91944206	0.9438733	0.9279986	2036-01-08	tropics	25	-0.017093837	-0.011077603	-0.024133474	-0.012736296	-0.021663796	-0.014871828	-0.019248396	2036-01-08	tropics	25	-0.017093837	-0.011077603	-0.024133474	-0.012736296	-0.021663796	-0.014871828	-0.019248396	GARW	2036-04-01
2036-01-09	tropics	25	0.935701	0.95758975	0.91022325	0.9515708	0.919147	0.9435918	0.9276572	2036-01-09	tropics	25	0.935701	0.95758975	0.91022325	0.9515708	0.919147	0.9435918	0.9276572	2036-01-09	tropics	25	-0.017148674	-0.011149409	-0.024233311	-0.012794991	-0.021738792	-0.014961183	-0.019344002	2036-01-09	tropics	25	-0.017148674	-0.011149409	-0.024233311	-0.012794991	-0.021738792	-0.014961183	-0.019344002	GARW	2036-04-01
2036-01-10	tropics	25	0.9354696	0.9572931	0.90989316	0.9512836	0.9188494	0.9433222	0.9272663	2036-01-10	tropics	25	0.9354696	0.9572931	0.90989316	0.9512836	0.9188494	0.9433222	0.9272663	2036-01-10	tropics	25	-0.01721716	-0.011222435	-0.024333801	-0.012859654	-0.021823775	-0.015039489	-0.019437522	2036-01-10	tropics	25	-0.01721716	-0.011222435	-0.024333801	-0.012859654	-0.021823775	-0.015039489	-0.019437522	GARW	2036-04-01
2036-01-11	tropics	25	0.9352216	0.956983	0.9096029	0.95092285	0.918549	0.94305164	0.9268918	2036-01-11	tropics	25	0.9352216	0.956983	0.9096029	0.95092285	0.918549	0.94305164	0.9268918	2036-01-11	tropics	25	-0.017281532	-0.011303931	-0.024436558	-0.012934983	-0.02190783	-0.015118405	-0.019543007	2036-01-11	tropics	25	-0.017281532	-0.011303931	-0.024436558	-0.012934983	-0.02190783	-0.015118405	-0.019543007	GARW	2036-04-01
2036-01-12	tropics	25	0.9348401	0.95664036	0.90930206	0.95067525	0.91824263	0.94273734	0.92658275	2036-01-12	tropics	25	0.9348401	0.95664036	0.90930206	0.95067525	0.91824263	0.94273734	0.92658275	2036-01-12	tropics	25	-0.017349392	-0.01138642	-0.02451797	-0.013023699	-0.021991502	-0.015185643	-0.019651085	2036-01-12	tropics	25	-0.017349392	-0.01138642	-0.02451797	-0.013023699	-0.021991502	-0.015185643	-0.019651085	GARW	2036-04-01
2036-01-13	tropics	25	0.93437654	0.95629525	0.9089851	0.9503323	0.91793036	0.94239193	0.92620814	2036-01-13	tropics	25	0.93437654	0.95629525	0.9089851	0.9503323	0.91793036	0.94239193	0.92620814	2036-01-13	tropics	25	-0.017433897	-0.011473725	-0.024601812	-0.013099435	-0.022077013	-0.015270576	-0.019735128	2036-01-13	tropics	25	-0.017433897	-0.011473725	-0.024601812	-0.013099435	-0.022077013	-0.015270576	-0.019735128	GARW	2036-04-01
2036-01-14	tropics	25	0.9339933	0.95596755	0.90870917	0.9499425	0.9176125	0.9420173	0.9258381	2036-01-14	tropics	25	0.9339933	0.95596755	0.90870917	0.9499425	0.9176125	0.9420173	0.9258381	2036-01-14	tropics	25	-0.017561853	-0.011569484	-0.024690205	-0.0131883165	-0.022164404	-0.015372023	-0.0198389	2036-01-14	tropics	25	-0.017561853	-0.011569484	-0.024690205	-0.0131883165	-0.022164404	-0.015372023	-0.0198389	GARW	2036-04-01
2036-01-15	tropics	25	0.9336212	0.95568997	0.9084554	0.94955635	0.91728944	0.94161165	0.9255638	2036-01-15	tropics	25	0.9336212	0.95568997	0.9084554	0.94955635	0.91728944	0.94161165	0.9255638	2036-01-15	tropics	25	-0.017676353	-0.0116605945	-0.02478112	-0.013294499	-0.022253107	-0.015463889	-0.019944608	2036-01-15	tropics	25	-0.017676353	-0.0116605945	-0.02478112	-0.013294499	-0.022253107	-0.015463889	-0.019944608	GARW	2036-04-01
2036-01-16	tropics	25	0.9332563	0.9554562	0.9082014	0.94911593	0.9169614	0.94118124	0.92522985	2036-01-16	tropics	25	0.9332563	0.9554562	0.9082014	0.94911593	0.9169614	0.94118124	0.92522985	2036-01-16	tropics	25	-0.01777777	-0.011746092	-0.024848938	-0.0133973835	-0.022343528	-0.015567645	-0.02003023	2036-01-16	tropics	25	-0.01777777	-0.011746092	-0.024848938	-0.0133973835	-0.022343528	-0.015567645	-0.02003023	GARW	2036-04-01
2036-01-17	tropics	25	0.93283474	0.95522267	0.9079455	0.94866043	0.9166645	0.94089836	0.924983	2036-01-17	tropics	25	0.93283474	0.95522267	0.9079455	0.94866043	0.9166645	0.94089836	0.924983	2036-01-17	tropics	25	-0.017875671	-0.011808869	-0.024920797	-0.01351144	-0.022435475	-0.015691534	-0.020111412	2036-01-17	tropics	25	-0.017875671	-0.011808869	-0.024920797	-0.01351144	-0.022435475	-0.015691534	-0.020111412	GARW	2036-04-01
2036-01-18	tropics	25	0.9325348	0.9549266	0.9075661	0.9482307	0.9163043	0.9405915	0.9247247	2036-01-18	tropics	25	0.9325348	0.9549266	0.9075661	0.9482307	0.9163043	0.9405915	0.9247247	2036-01-18	tropics	25	-0.017998666	-0.0118724555	-0.024993097	-0.013634348	-0.02252332	-0.015784554	-0.020203024	2036-01-18	tropics	25	-0.017998666	-0.0118724555	-0.024993097	-0.013634348	-0.02252332	-0.015784554	-0.020203024	GARW	2036-04-01
2036-01-19	tropics	25	0.9321637	0.95460296	0.9071411	0.9479482	0.91601455	0.9402037	0.92442864	2036-01-19	tropics	25	0.9321637	0.95460296	0.9071411	0.9479482	0.91601455	0.9402037	0.92442864	2036-01-19	tropics	25	-0.018087149	-0.011944034	-0.025083035	-0.013761295	-0.022617768	-0.015866056	-0.020261854	2036-01-19	tropics	25	-0.018087149	-0.011944034	-0.025083035	-0.013761295	-0.022617768	-0.015866056	-0.020261854	GARW	2036-04-01
2036-01-20	tropics	25	0.9318625	0.95427006	0.90671223	0.9476044	0.91575974	0.93982893	0.9240989	2036-01-20	tropics	25	0.9318625	0.95427006	0.90671223	0.9476044	0.91575974	0.93982893	0.9240989	2036-01-20	tropics	25	-0.018176436	-0.012030996	-0.025203567	-0.013849591	-0.022710431	-0.015959322	-0.02034381	2036-01-20	tropics	25	-0.018176436	-0.012030996	-0.025203567	-0.013849591	-0.022710431	-0.015959322	-0.02034381	GARW	2036-04-01
2036-01-21	tropics	25	0.9314976	0.9539281	0.9062798	0.947069	0.91548264	0.9394796	0.92370206	2036-01-21	tropics	25	0.9314976	0.9539281	0.9062798	0.947069	0.91548264	0.9394796	0.92370206	2036-01-21	tropics	25	-0.01827684	-0.012120458	-0.02532509	-0.01392373	-0.02278341	-0.016066134	-0.020427972	2036-01-21	tropics	25	-0.01827684	-0.012120458	-0.02532509	-0.01392373	-0.02278341	-0.016066134	-0.020427972	GARW	2036-04-01
2036-01-22	tropics	25	0.931059	0.95358545	0.905844	0.94664216	0.9152159	0.9390896	0.9232882	2036-01-22	tropics	25	0.931059	0.95358545	0.905844	0.94664216	0.9152159	0.9390896	0.9232882	2036-01-22	tropics	25	-0.018360555	-0.012212401	-0.025447667	-0.014062331	-0.022868562	-0.016154647	-0.020537436	2036-01-22	tropics	25	-0.018360555	-0.012212401	-0.025447667	-0.014062331	-0.022868562	-0.016154647	-0.020537436	GARW	2036-04-01
2036-01-23	tropics	25	0.9307141	0.95329505	0.905405	0.9462669	0.91476697	0.938703	0.9228356	2036-01-23	tropics	25	0.9307141	0.95329505	0.905405	0.9462669	0.91476697	0.938703	0.9228356	2036-01-23	tropics	25	-0.018481642	-0.012306921	-0.025571698	-0.014196232	-0.022922743	-0.016267441	-0.020647079	2036-01-23	tropics	25	-0.018481642	-0.012306921	-0.025571698	-0.014196232	-0.022922743	-0.016267441	-0.020647079	GARW	2036-04-01
2036-01-24	tropics	25	0.93041337	0.9529959	0.9049887	0.94586533	0.91445917	0.9383153	0.92243123	2036-01-24	tropics	25	0.93041337	0.9529959	0.9049887	0.94586533	0.91445917	0.9383153	0.92243123	2036-01-24	tropics	25	-0.018593192	-0.012389592	-0.025696069	-0.014298383	-0.02305336	-0.016373664	-0.020773053	2036-01-24	tropics	25	-0.018593192	-0.012389592	-0.025696069	-0.014298383	-0.02305336	-0.016373664	-0.020773053	GARW	2036-04-01
2036-01-25	tropics	25	0.93010426	0.9526947	0.9046259	0.9456146	0.9141444	0.93785816	0.92207706	2036-01-25	tropics	25	0.93010426	0.9526947	0.9046259	0.9456146	0.9141444	0.93785816	0.92207706	2036-01-25	tropics	25	-0.018676102	-0.012470023	-0.025821745	-0.014397847	-0.023142552	-0.016475916	-0.020891547	2036-01-25	tropics	25	-0.018676102	-0.012470023	-0.025821745	-0.014397847	-0.023142552	-0.016475916	-0.020891547	GARW	2036-04-01
2036-01-26	tropics	25	0.92963386	0.9523865	0.90419775	0.9453111	0.913775	0.93744785	0.9216707	2036-01-26	tropics	25	0.92963386	0.9523865	0.90419775	0.9453111	0.913775	0.93744785	0.9216707	2036-01-26	tropics	25	-0.0187608	-0.012551876	-0.025923569	-0.014485354	-0.023230564	-0.01660493	-0.020998567	2036-01-26	tropics	25	-0.0187608	-0.012551876	-0.025923569	-0.014485354	-0.023230564	-0.01660493	-0.020998567	GARW	2036-04-01
2036-01-27	tropics	25	0.929116	0.9520532	0.9037204	0.94470906	0.91322803	0.93709946	0.9211574	2036-01-27	tropics	25	0.929116	0.9520532	0.9037204	0.94470906	0.91322803	0.93709946	0.9211574	2036-01-27	tropics	25	-0.018871069	-0.012634949	-0.026040917	-0.014566698	-0.0233207	-0.016717732	-0.021093786	2036-01-27	tropics	25	-0.018871069	-0.012634949	-0.026040917	-0.014566698	-0.0233207	-0.016717732	-0.021093786	GARW	2036-04-01
2036-01-28	tropics	25	0.9286332	0.95160323	0.9031927	0.94422185	0.91274726	0.936704	0.9206341	2036-01-28	tropics	25	0.9286332	0.95160323	0.9031927	0.94422185	0.91274726	0.936704	0.9206341	2036-01-28	tropics	25	-0.019014597	-0.012720127	-0.026167184	-0.014696901	-0.023470962	-0.016823068	-0.021236569	2036-01-28	tropics	25	-0.019014597	-0.012720127	-0.026167184	-0.014696901	-0.023470962	-0.016823068	-0.021236569	GARW	2036-04-01
2036-01-29	tropics	25	0.9282299	0.9511438	0.9026641	0.94382954	0.91236615	0.9362987	0.92010975	2036-01-29	tropics	25	0.9282299	0.9511438	0.9026641	0.94382954	0.91236615	0.9362987	0.92010975	2036-01-29	tropics	25	-0.019159585	-0.012833577	-0.026317814	-0.014862659	-0.023620987	-0.016927183	-0.021382332	2036-01-29	tropics	25	-0.019159585	-0.012833577	-0.026317814	-0.014862659	-0.023620987	-0.016927183	-0.021382332	GARW	2036-04-01
2036-01-30	tropics	25	0.92781836	0.95067555	0.90212035	0.94342136	0.9119994	0.93582886	0.91966903	2036-01-30	tropics	25	0.92781836	0.95067555	0.90212035	0.94342136	0.9119994	0.93582886	0.91966903	2036-01-30	tropics	25	-0.019258976	-0.012957862	-0.02646866	-0.014962949	-0.023724247	-0.017031685	-0.021530807	2036-01-30	tropics	25	-0.019258976	-0.012957862	-0.02646866	-0.014962949	-0.023724247	-0.017031685	-0.021530807	GARW	2036-04-01
2036-01-31	tropics	25	0.9274912	0.9501986	0.90157545	0.9430519	0.9116471	0.9353652	0.9191971	2036-01-31	tropics	25	0.9274912	0.9501986	0.90157545	0.9430519	0.9116471	0.9353652	0.9191971	2036-01-31	tropics	25	-0.019388258	-0.013084472	-0.026622191	-0.015074386	-0.023834396	-0.017158687	-0.021671921	2036-01-31	tropics	25	-0.019388258	-0.013084472	-0.026622191	-0.015074386	-0.023834396	-0.017158687	-0.021671921	GARW	2036-04-01
2036-02-01	tropics	25	0.92700374	0.9497296	0.9010321	0.94274193	0.91113824	0.9349419	0.91862977	2036-02-01	tropics	25	0.92700374	0.9497296	0.9010321	0.94274193	0.91113824	0.9349419	0.91862977	2036-02-01	tropics	25	-0.01947999	-0.013213721	-0.026778167	-0.01518592	-0.02393372	-0.017280668	-0.021781057	2036-02-01	tropics	25	-0.01947999	-0.013213721	-0.026778167	-0.01518592	-0.02393372	-0.017280668	-0.021781057	GARW	2036-04-01
2036-02-02	tropics	25	0.92656934	0.9492819	0.9005521	0.9424188	0.9106382	0.9345151	0.9181242	2036-02-02	tropics	25	0.92656934	0.9492819	0.9005521	0.9424188	0.9106382	0.9345151	0.9181242	2036-02-02	tropics	25	-0.019602299	-0.01334509	-0.026933908	-0.015270301	-0.024058234	-0.017409116	-0.021944731	2036-02-02	tropics	25	-0.019602299	-0.01334509	-0.026933908	-0.015270301	-0.024058234	-0.017409116	-0.021944731	GARW	2036-04-01
2036-02-03	tropics	25	0.92613125	0.94883245	0.9000729	0.942043	0.91018355	0.93405807	0.9176109	2036-02-03	tropics	25	0.92613125	0.94883245	0.9000729	0.942043	0.91018355	0.93405807	0.9176109	2036-02-03	tropics	25	-0.019733727	-0.0134675335	-0.027077664	-0.015356912	-0.024207521	-0.017528668	-0.022103429	2036-02-03	tropics	25	-0.019733727	-0.0134675335	-0.027077664	-0.015356912	-0.024207521	-0.017528668	-0.022103429	GARW	2036-04-01
2036-02-04	tropics	25	0.9256062	0.94842845	0.8995934	0.94152266	0.9097118	0.9335572	0.9172473	2036-02-04	tropics	25	0.9256062	0.94842845	0.8995934	0.94152266	0.9097118	0.9335572	0.9172473	2036-02-04	tropics	25	-0.019848943	-0.013590126	-0.027214836	-0.015449466	-0.024343347	-0.017645895	-0.022236943	2036-02-04	tropics	25	-0.019848943	-0.013590126	-0.027214836	-0.015449466	-0.024343347	-0.017645895	-0.022236943	GARW	2036-04-01
2036-02-05	tropics	25	0.9251319	0.9480657	0.8991137	0.9411521	0.9092297	0.9331422	0.91672546	2036-02-05	tropics	25	0.9251319	0.9480657	0.8991137	0.9411521	0.9092297	0.9331422	0.91672546	2036-02-05	tropics	25	-0.019993097	-0.013708436	-0.0273521	-0.015585014	-0.024467766	-0.017788008	-0.022358805	2036-02-05	tropics	25	-0.019993097	-0.013708436	-0.0273521	-0.015585014	-0.024467766	-0.017788008	-0.022358805	GARW	2036-04-01
2036-02-06	tropics	25	0.92474425	0.9477299	0.89863414	0.94102144	0.90873754	0.9326367	0.9161657	2036-02-06	tropics	25	0.92474425	0.9477299	0.89863414	0.94102144	0.90873754	0.9326367	0.9161657	2036-02-06	tropics	25	-0.02012676	-0.013807927	-0.027489532	-0.01572683	-0.024603486	-0.017905787	-0.022485286	2036-02-06	tropics	25	-0.02012676	-0.013807927	-0.027489532	-0.01572683	-0.024603486	-0.017905787	-0.022485286	GARW	2036-04-01
2036-02-07	tropics	25	0.92428064	0.947321	0.89815503	0.9406048	0.9082353	0.9321204	0.915701	2036-02-07	tropics	25	0.92428064	0.947321	0.89815503	0.9406048	0.9082353	0.9321204	0.915701	2036-02-07	tropics	25	-0.020260274	-0.013895076	-0.027627064	-0.015761608	-0.024741815	-0.018037409	-0.022636414	2036-02-07	tropics	25	-0.020260274	-0.013895076	-0.027627064	-0.015761608	-0.024741815	-0.018037409	-0.022636414	GARW	2036-04-01
2036-02-08	tropics	25	0.9237733	0.94684565	0.89767665	0.9399275	0.90772325	0.9317947	0.9153569	2036-02-08	tropics	25	0.9237733	0.94684565	0.89767665	0.9399275	0.90772325	0.9317947	0.9153569	2036-02-08	tropics	25	-0.020360768	-0.014006398	-0.027764535	-0.015839744	-0.024883473	-0.018178225	-0.022777319	2036-02-08	tropics	25	-0.020360768	-0.014006398	-0.027764535	-0.015839744	-0.024883473	-0.018178225	-0.022777319	GARW	2036-04-01
2036-02-09	tropics	25	0.923288	0.9463458	0.8971933	0.93930817	0.90720135	0.9312498	0.9149333	2036-02-09	tropics	25	0.923288	0.9463458	0.8971933	0.93930817	0.90720135	0.9312498	0.9149333	2036-02-09	tropics	25	-0.020509243	-0.014128347	-0.027901834	-0.016007736	-0.025027955	-0.01828599	-0.022889167	2036-02-09	tropics	25	-0.020509243	-0.014128347	-0.027901834	-0.016007736	-0.025027955	-0.01828599	-0.022889167	GARW	2036-04-01
2036-02-10	tropics	25	0.92285967	0.94594723	0.89670855	0.938891	0.9066696	0.9306011	0.91447693	2036-02-10	tropics	25	0.92285967	0.94594723	0.89670855	0.938891	0.9066696	0.9306011	0.91447693	2036-02-10	tropics	25	-0.02065444	-0.014271538	-0.028040076	-0.016194724	-0.025175225	-0.018412352	-0.022985399	2036-02-10	tropics	25	-0.02065444	-0.014271538	-0.028040076	-0.016194724	-0.025175225	-0.018412352	-0.022985399	GARW	2036-04-01
2036-02-11	tropics	25	0.92242956	0.945541	0.8962249	0.9384545	0.9061283	0.93020695	0.91395104	2036-02-11	tropics	25	0.92242956	0.945541	0.8962249	0.9384545	0.9061283	0.93020695	0.91395104	2036-02-11	tropics	25	-0.020771325	-0.014384606	-0.028179085	-0.016319145	-0.025325334	-0.018588915	-0.02312997	2036-02-11	tropics	25	-0.020771325	-0.014384606	-0.028179085	-0.016319145	-0.025325334	-0.018588915	-0.02312997	GARW	2036-04-01
2036-02-12	tropics	25	0.9220064	0.9451226	0.8957427	0.9379639	0.90542316	0.92977273	0.9135247	2036-02-12	tropics	25	0.9220064	0.9451226	0.8957427	0.9379639	0.90542316	0.92977273	0.9135247	2036-02-12	tropics	25	-0.020880878	-0.014493279	-0.028318394	-0.01643464	-0.025478411	-0.018730983	-0.023267388	2036-02-12	tropics	25	-0.020880878	-0.014493279	-0.028318394	-0.01643464	-0.025478411	-0.018730983	-0.023267388	GARW	2036-04-01
2036-02-13	tropics	25	0.92161345	0.9447079	0.8952621	0.9373866	0.9049405	0.9292791	0.91292906	2036-02-13	tropics	25	0.92161345	0.9447079	0.8952621	0.9373866	0.9049405	0.9292791	0.91292906	2036-02-13	tropics	25	-0.021015406	-0.014608187	-0.028457284	-0.016573055	-0.025661182	-0.018835962	-0.023393571	2036-02-13	tropics	25	-0.021015406	-0.014608187	-0.028457284	-0.016573055	-0.025661182	-0.018835962	-0.023393571	GARW	2036-04-01
2036-02-14	tropics	25	0.9212831	0.9442972	0.8946988	0.9367808	0.90432936	0.92882264	0.91248703	2036-02-14	tropics	25	0.9212831	0.9442972	0.8946988	0.9367808	0.90432936	0.92882264	0.91248703	2036-02-14	tropics	25	-0.021114469	-0.0147222495	-0.028595757	-0.016717983	-0.025826741	-0.018978462	-0.023544222	2036-02-14	tropics	25	-0.021114469	-0.0147222495	-0.028595757	-0.016717983	-0.025826741	-0.018978462	-0.023544222	GARW	2036-04-01
2036-02-15	tropics	25	0.9207395	0.9440071	0.89401937	0.93618685	0.9038266	0.9284085	0.91204107	2036-02-15	tropics	25	0.9207395	0.9440071	0.89401937	0.93618685	0.9038266	0.9284085	0.91204107	2036-02-15	tropics	25	-0.021215618	-0.014835286	-0.028736066	-0.0168837	-0.025984382	-0.019094884	-0.023689538	2036-02-15	tropics	25	-0.021215618	-0.014835286	-0.028736066	-0.0168837	-0.025984382	-0.019094884	-0.023689538	GARW	2036-04-01
2036-02-16	tropics	25	0.92036504	0.943655	0.8933442	0.9356349	0.90320385	0.9279727	0.9116237	2036-02-16	tropics	25	0.92036504	0.943655	0.8933442	0.9356349	0.90320385	0.9279727	0.9116237	2036-02-16	tropics	25	-0.021344423	-0.014927435	-0.028931927	-0.017049594	-0.026138593	-0.019226074	-0.023805916	2036-02-16	tropics	25	-0.021344423	-0.014927435	-0.028931927	-0.017049594	-0.026138593	-0.019226074	-0.023805916	GARW	2036-04-01
2036-02-17	tropics	25	0.9198843	0.94322395	0.8927694	0.93507236	0.90280586	0.92756474	0.91120917	2036-02-17	tropics	25	0.9198843	0.94322395	0.8927694	0.93507236	0.90280586	0.92756474	0.91120917	2036-02-17	tropics	25	-0.021475315	-0.015008297	-0.029127574	-0.017205454	-0.026306653	-0.019344926	-0.023939729	2036-02-17	tropics	25	-0.021475315	-0.015008297	-0.029127574	-0.017205454	-0.026306653	-0.019344926	-0.023939729	GARW	2036-04-01
2036-02-18	tropics	25	0.91934276	0.942788	0.8921861	0.9346438	0.902447	0.92715883	0.9106716	2036-02-18	tropics	25	0.91934276	0.942788	0.8921861	0.9346438	0.902447	0.92715883	0.9106716	2036-02-18	tropics	25	-0.021599352	-0.015126148	-0.029304868	-0.017360732	-0.026447367	-0.019466579	-0.024038732	2036-02-18	tropics	25	-0.021599352	-0.015126148	-0.029304868	-0.017360732	-0.026447367	-0.019466579	-0.024038732	GARW	2036-04-01
2036-02-19	tropics	25	0.9188603	0.9424192	0.89168316	0.93419164	0.9019793	0.92680573	0.90999234	2036-02-19	tropics	25	0.9188603	0.9424192	0.89168316	0.93419164	0.9019793	0.92680573	0.90999234	2036-02-19	tropics	25	-0.02174449	-0.015245183	-0.029471934	-0.017488817	-0.02654891	-0.019572288	-0.024189383	2036-02-19	tropics	25	-0.02174449	-0.015245183	-0.029471934	-0.017488817	-0.02654891	-0.019572288	-0.024189383	GARW	2036-04-01
2036-02-20	tropics	25	0.9184271	0.9420554	0.89121366	0.93386227	0.9014181	0.9264751	0.909544	2036-02-20	tropics	25	0.9184271	0.9420554	0.89121366	0.93386227	0.9014181	0.9264751	0.909544	2036-02-20	tropics	25	-0.021904409	-0.015354651	-0.029628407	-0.017610172	-0.02666905	-0.019675612	-0.02436614	2036-02-20	tropics	25	-0.021904409	-0.015354651	-0.029628407	-0.017610172	-0.02666905	-0.019675612	-0.02436614	GARW	2036-04-01
2036-02-21	tropics	25	0.91806495	0.9416915	0.89075094	0.9334127	0.90098506	0.9259975	0.9090567	2036-02-21	tropics	25	0.91806495	0.9416915	0.89075094	0.9334127	0.90098506	0.9259975	0.9090567	2036-02-21	tropics	25	-0.022004366	-0.015454487	-0.029764831	-0.01771454	-0.026818682	-0.019771516	-0.024534404	2036-02-21	tropics	25	-0.022004366	-0.015454487	-0.029764831	-0.01771454	-0.026818682	-0.019771516	-0.024534404	GARW	2036-04-01
2036-02-22	tropics	25	0.9175798	0.94132775	0.890175	0.9332015	0.90039265	0.92554796	0.9085969	2036-02-22	tropics	25	0.9175798	0.94132775	0.890175	0.9332015	0.90039265	0.92554796	0.9085969	2036-02-22	tropics	25	-0.02212727	-0.0155543955	-0.029899353	-0.017849993	-0.02694807	-0.019891247	-0.02466327	2036-02-22	tropics	25	-0.02212727	-0.0155543955	-0.029899353	-0.017849993	-0.02694807	-0.019891247	-0.02466327	GARW	2036-04-01
2036-02-23	tropics	25	0.91716945	0.9409645	0.88950545	0.93298167	0.8998414	0.9251654	0.9081146	2036-02-23	tropics	25	0.91716945	0.9409645	0.88950545	0.93298167	0.8998414	0.9251654	0.9081146	2036-02-23	tropics	25	-0.022256076	-0.015654454	-0.030042266	-0.017913476	-0.027113844	-0.020019472	-0.024784088	2036-02-23	tropics	25	-0.022256076	-0.015654454	-0.030042266	-0.017913476	-0.027113844	-0.020019472	-0.024784088	GARW	2036-04-01
2036-02-24	tropics	25	0.9167652	0.94062704	0.8888358	0.93276167	0.8995479	0.92475384	0.90767616	2036-02-24	tropics	25	0.9167652	0.94062704	0.8888358	0.93276167	0.8995479	0.92475384	0.90767616	2036-02-24	tropics	25	-0.022372186	-0.015754525	-0.03023593	-0.017973466	-0.02727821	-0.020136386	-0.02491504	2036-02-24	tropics	25	-0.022372186	-0.015754525	-0.03023593	-0.017973466	-0.02727821	-0.020136386	-0.02491504	GARW	2036-04-01
2036-02-25	tropics	25	0.91638196	0.9403886	0.88828784	0.93239725	0.8992416	0.9244658	0.90733576	2036-02-25	tropics	25	0.91638196	0.9403886	0.88828784	0.93239725	0.8992416	0.9244658	0.90733576	2036-02-25	tropics	25	-0.02249217	-0.015854245	-0.030429851	-0.018033857	-0.027384996	-0.020238966	-0.025058508	2036-02-25	tropics	25	-0.02249217	-0.015854245	-0.030429851	-0.018033857	-0.027384996	-0.020238966	-0.025058508	GARW	2036-04-01
2036-02-26	tropics	25	0.9159697	0.94022214	0.8877866	0.93186694	0.8989126	0.92413914	0.9069006	2036-02-26	tropics	25	0.9159697	0.94022214	0.8877866	0.93186694	0.8989126	0.92413914	0.9069006	2036-02-26	tropics	25	-0.022589624	-0.015930073	-0.03060773	-0.018127693	-0.027470827	-0.020334601	-0.025158525	2036-02-26	tropics	25	-0.022589624	-0.015930073	-0.03060773	-0.018127693	-0.027470827	-0.020334601	-0.025158525	GARW	2036-04-01
2036-02-27	tropics	25	0.9155693	0.9399373	0.8872725	0.93151456	0.8985022	0.92379975	0.90637326	2036-02-27	tropics	25	0.9155693	0.9399373	0.8872725	0.93151456	0.8985022	0.92379975	0.90637326	2036-02-27	tropics	25	-0.022715092	-0.015979022	-0.030752975	-0.018246176	-0.02756629	-0.02042365	-0.025265634	2036-02-27	tropics	25	-0.022715092	-0.015979022	-0.030752975	-0.018246176	-0.02756629	-0.02042365	-0.025265634	GARW	2036-04-01
2036-02-28	tropics	25	0.9151775	0.9395906	0.8867659	0.9311164	0.89805144	0.9234304	0.9058661	2036-02-28	tropics	25	0.9151775	0.9395906	0.8867659	0.9311164	0.89805144	0.9234304	0.9058661	2036-02-28	tropics	25	-0.022839963	-0.01603667	-0.030901037	-0.018359825	-0.02766323	-0.020512968	-0.025392205	2036-02-28	tropics	25	-0.022839963	-0.01603667	-0.030901037	-0.018359825	-0.02766323	-0.020512968	-0.025392205	GARW	2036-04-01
2036-02-29	tropics	25	0.9147568	0.93942815	0.8862661	0.93079144	0.89758503	0.92308	0.90542305	2036-02-29	tropics	25	0.9147568	0.93942815	0.8862661	0.93079144	0.89758503	0.92308	0.90542305	2036-02-29	tropics	25	-0.02292478	-0.016137937	-0.031048601	-0.018474562	-0.027799774	-0.020607144	-0.025581688	2036-02-29	tropics	25	-0.02292478	-0.016137937	-0.031048601	-0.018474562	-0.027799774	-0.020607144	-0.025581688	GARW	2036-04-01
2036-03-01	tropics	25	0.91439545	0.93932325	0.8858448	0.9305779	0.8970884	0.92274165	0.9049197	2036-03-01	tropics	25	0.91439545	0.93932325	0.8858448	0.9305779	0.8970884	0.92274165	0.9049197	2036-03-01	tropics	25	-0.023042858	-0.016203953	-0.031194432	-0.018568588	-0.027890254	-0.020718753	-0.025687456	2036-03-01	tropics	25	-0.023042858	-0.016203953	-0.031194432	-0.018568588	-0.027890254	-0.020718753	-0.025687456	GARW	2036-04-01
2036-03-02	tropics	25	0.9140227	0.9392164	0.8854315	0.9303205	0.8967029	0.92230916	0.9046465	2036-03-02	tropics	25	0.9140227	0.9392164	0.8854315	0.9303205	0.8967029	0.92230916	0.9046465	2036-03-02	tropics	25	-0.023168862	-0.01623368	-0.03132531	-0.018654346	-0.028074717	-0.020812184	-0.025838494	2036-03-02	tropics	25	-0.023168862	-0.01623368	-0.03132531	-0.018654346	-0.028074717	-0.020812184	-0.025838494	GARW	2036-04-01
2036-03-03	tropics	25	0.91384065	0.93911356	0.8850188	0.9297994	0.896446	0.9220945	0.90433544	2036-03-03	tropics	25	0.91384065	0.93911356	0.8850188	0.9297994	0.896446	0.9220945	0.90433544	2036-03-03	tropics	25	-0.023266375	-0.016262274	-0.031445358	-0.018699016	-0.028193163	-0.020927548	-0.02593571	2036-03-03	tropics	25	-0.023266375	-0.016262274	-0.031445358	-0.018699016	-0.028193163	-0.020927548	-0.02593571	GARW	2036-04-01
2036-03-04	tropics	25	0.91355586	0.9390167	0.8845259	0.9297225	0.89608973	0.92175937	0.9041887	2036-03-04	tropics	25	0.91355586	0.9390167	0.8845259	0.9297225	0.89608973	0.92175937	0.9041887	2036-03-04	tropics	25	-0.02333945	-0.016291229	-0.03156541	-0.018867102	-0.028258204	-0.021007806	-0.026025712	2036-03-04	tropics	25	-0.02333945	-0.016291229	-0.03156541	-0.018867102	-0.028258204	-0.021007806	-0.026025712	GARW	2036-04-01
2036-03-05	tropics	25	0.91330713	0.938922	0.88391894	0.92921346	0.8955467	0.92142326	0.9039329	2036-03-05	tropics	25	0.91330713	0.938922	0.88391894	0.92921346	0.8955467	0.92142326	0.9039329	2036-03-05	tropics	25	-0.023408175	-0.016318409	-0.03168756	-0.018892325	-0.028388906	-0.021087885	-0.026077926	2036-03-05	tropics	25	-0.023408175	-0.016318409	-0.03168756	-0.018892325	-0.028388906	-0.021087885	-0.026077926	GARW	2036-04-01
2036-03-06	tropics	25	0.91296244	0.9387044	0.88333607	0.928863	0.8950844	0.9210714	0.90357405	2036-03-06	tropics	25	0.91296244	0.9387044	0.88333607	0.928863	0.8950844	0.9210714	0.90357405	2036-03-06	tropics	25	-0.02347207	-0.01634418	-0.031864293	-0.018973984	-0.028505469	-0.021181941	-0.026124	2036-03-06	tropics	25	-0.02347207	-0.01634418	-0.031864293	-0.018973984	-0.028505469	-0.021181941	-0.026124	GARW	2036-04-01
2036-03-07	tropics	25	0.91289294	0.93869096	0.8828366	0.92860043	0.8946892	0.9207516	0.90342796	2036-03-07	tropics	25	0.91289294	0.93869096	0.8828366	0.92860043	0.8946892	0.9207516	0.90342796	2036-03-07	tropics	25	-0.023570895	-0.016405385	-0.03204087	-0.019124057	-0.028646063	-0.021280158	-0.026228547	2036-03-07	tropics	25	-0.023570895	-0.016405385	-0.03204087	-0.019124057	-0.028646063	-0.021280158	-0.026228547	GARW	2036-04-01
2036-03-08	tropics	25	0.9125061	0.93852	0.88233864	0.92848563	0.8943624	0.9204959	0.90327066	2036-03-08	tropics	25	0.9125061	0.93852	0.88233864	0.92848563	0.8943624	0.9204959	0.90327066	2036-03-08	tropics	25	-0.023619115	-0.016405325	-0.0321914	-0.019177224	-0.02877245	-0.0213705	-0.026291966	2036-03-08	tropics	25	-0.023619115	-0.016405325	-0.0321914	-0.019177224	-0.02877245	-0.0213705	-0.026291966	GARW	2036-04-01
2036-03-09	tropics	25	0.9122704	0.93808794	0.8818426	0.9283832	0.8940332	0.9203714	0.90281874	2036-03-09	tropics	25	0.9122704	0.93808794	0.8818426	0.9283832	0.8940332	0.9203714	0.90281874	2036-03-09	tropics	25	-0.02367574	-0.016442217	-0.032336425	-0.019241406	-0.028883051	-0.021454036	-0.026335895	2036-03-09	tropics	25	-0.02367574	-0.016442217	-0.032336425	-0.019241406	-0.028883051	-0.021454036	-0.026335895	GARW	2036-04-01
2036-03-10	tropics	25	0.9118624	0.93792796	0.88134897	0.9280959	0.8935444	0.9200828	0.9021761	2036-03-10	tropics	25	0.9118624	0.93792796	0.88134897	0.9280959	0.8935444	0.9200828	0.9021761	2036-03-10	tropics	25	-0.02376604	-0.016541615	-0.032481473	-0.019252563	-0.028966617	-0.021494508	-0.026447654	2036-03-10	tropics	25	-0.02376604	-0.016541615	-0.032481473	-0.019252563	-0.028966617	-0.021494508	-0.026447654	GARW	2036-04-01
2036-03-11	tropics	25	0.9114698	0.9377793	0.88085794	0.92789745	0.8928515	0.9199003	0.90175295	2036-03-11	tropics	25	0.9114698	0.9377793	0.88085794	0.92789745	0.8928515	0.9199003	0.90175295	2036-03-11	tropics	25	-0.023879528	-0.016612366	-0.032625407	-0.019334722	-0.02909789	-0.02155739	-0.026624292	2036-03-11	tropics	25	-0.023879528	-0.016612366	-0.032625407	-0.019334722	-0.02909789	-0.02155739	-0.026624292	GARW	2036-04-01
2036-03-12	tropics	25	0.9111078	0.93760276	0.88036996	0.92772895	0.8922891	0.91954386	0.9014095	2036-03-12	tropics	25	0.9111078	0.93760276	0.88036996	0.92772895	0.8922891	0.91954386	0.9014095	2036-03-12	tropics	25	-0.02396828	-0.016653458	-0.0327695	-0.019386113	-0.029274654	-0.021623641	-0.026727468	2036-03-12	tropics	25	-0.02396828	-0.016653458	-0.0327695	-0.019386113	-0.029274654	-0.021623641	-0.026727468	GARW	2036-04-01
2036-03-13	tropics	25	0.9107491	0.937296	0.8798855	0.9274974	0.8919875	0.91937256	0.90122133	2036-03-13	tropics	25	0.9107491	0.937296	0.8798855	0.9274974	0.8919875	0.91937256	0.90122133	2036-03-13	tropics	25	-0.024078548	-0.01669445	-0.032912027	-0.01943568	-0.029446697	-0.02172482	-0.026848555	2036-03-13	tropics	25	-0.024078548	-0.01669445	-0.032912027	-0.01943568	-0.029446697	-0.02172482	-0.026848555	GARW	2036-04-01
2036-03-14	tropics	25	0.91042686	0.9370839	0.8794048	0.9274827	0.8917685	0.9190044	0.9009703	2036-03-14	tropics	25	0.91042686	0.9370839	0.8794048	0.9274827	0.8917685	0.9190044	0.9009703	2036-03-14	tropics	25	-0.024212837	-0.016778262	-0.03305435	-0.019487035	-0.029568624	-0.02177146	-0.02691555	2036-03-14	tropics	25	-0.024212837	-0.016778262	-0.03305435	-0.019487035	-0.029568624	-0.02177146	-0.02691555	GARW	2036-04-01
2036-03-15	tropics	25	0.91008353	0.9368639	0.87892824	0.9274419	0.8915642	0.9186808	0.9008408	2036-03-15	tropics	25	0.91008353	0.9368639	0.87892824	0.9274419	0.8915642	0.9186808	0.9008408	2036-03-15	tropics	25	-0.024284005	-0.016831897	-0.03319513	-0.019523477	-0.029633928	-0.021879524	-0.026993155	2036-03-15	tropics	25	-0.024284005	-0.016831897	-0.03319513	-0.019523477	-0.029633928	-0.021879524	-0.026993155	GARW	2036-04-01
2036-03-16	tropics	25	0.90975136	0.93676597	0.8784562	0.9271141	0.8913547	0.91842985	0.90045804	2036-03-16	tropics	25	0.90975136	0.93676597	0.8784562	0.9271141	0.8913547	0.91842985	0.90045804	2036-03-16	tropics	25	-0.024378419	-0.016906328	-0.03333498	-0.019533789	-0.029691672	-0.021944657	-0.027023017	2036-03-16	tropics	25	-0.024378419	-0.016906328	-0.03333498	-0.019533789	-0.029691672	-0.021944657	-0.027023017	GARW	2036-04-01
2036-03-17	tropics	25	0.9094097	0.93667793	0.87797916	0.9271728	0.89078563	0.9180373	0.9002512	2036-03-17	tropics	25	0.9094097	0.93667793	0.87797916	0.9271728	0.89078563	0.9180373	0.9002512	2036-03-17	tropics	25	-0.024482608	-0.01693896	-0.033473562	-0.019586654	-0.029747939	-0.022037596	-0.027107477	2036-03-17	tropics	25	-0.024482608	-0.01693896	-0.033473562	-0.019586654	-0.029747939	-0.022037596	-0.027107477	GARW	2036-04-01
2036-03-18	tropics	25	0.9091476	0.93642366	0.87740296	0.9270398	0.89025956	0.91777116	0.9000576	2036-03-18	tropics	25	0.9091476	0.93642366	0.87740296	0.9270398	0.89025956	0.91777116	0.9000576	2036-03-18	tropics	25	-0.024571538	-0.016964668	-0.03361256	-0.01961477	-0.029874492	-0.022123024	-0.027222931	2036-03-18	tropics	25	-0.024571538	-0.016964668	-0.03361256	-0.01961477	-0.029874492	-0.022123024	-0.027222931	GARW	2036-04-01
2036-03-19	tropics	25	0.9089032	0.93613255	0.87671816	0.9266732	0.8898019	0.9176195	0.89964706	2036-03-19	tropics	25	0.9089032	0.93613255	0.87671816	0.9266732	0.8898019	0.9176195	0.89964706	2036-03-19	tropics	25	-0.024657369	-0.017011845	-0.03375612	-0.01962911	-0.03004465	-0.022228003	-0.027239382	2036-03-19	tropics	25	-0.024657369	-0.017011845	-0.03375612	-0.01962911	-0.03004465	-0.022228003	-0.027239382	GARW	2036-04-01
2036-03-20	tropics	25	0.90853465	0.93582517	0.87650985	0.9264567	0.8892094	0.9174614	0.8993254	2036-03-20	tropics	25	0.90853465	0.93582517	0.87650985	0.9264567	0.8892094	0.9174614	0.8993254	2036-03-20	tropics	25	-0.024723649	-0.017091138	-0.033968706	-0.019708706	-0.03015976	-0.0222397	-0.027359784	2036-03-20	tropics	25	-0.024723649	-0.017091138	-0.033968706	-0.019708706	-0.03015976	-0.0222397	-0.027359784	GARW	2036-04-01
2036-03-21	tropics	25	0.9082117	0.93570733	0.87646425	0.9262803	0.888673	0.9173342	0.898999	2036-03-21	tropics	25	0.9082117	0.93570733	0.87646425	0.9262803	0.888673	0.9173342	0.898999	2036-03-21	tropics	25	-0.024814904	-0.017174084	-0.034092303	-0.019803658	-0.030333972	-0.022324294	-0.02744484	2036-03-21	tropics	25	-0.024814904	-0.017174084	-0.034092303	-0.019803658	-0.030333972	-0.022324294	-0.02744484	GARW	2036-04-01
2036-03-22	tropics	25	0.90807974	0.9356018	0.8763942	0.92623276	0.8885259	0.9171852	0.89863634	2036-03-22	tropics	25	0.90807974	0.9356018	0.8763942	0.92623276	0.8885259	0.9171852	0.89863634	2036-03-22	tropics	25	-0.02492553	-0.01723559	-0.034110796	-0.019824183	-0.030501103	-0.022354662	-0.027549446	2036-03-22	tropics	25	-0.02492553	-0.01723559	-0.034110796	-0.019824183	-0.030501103	-0.022354662	-0.027549446	GARW	2036-04-01
2036-03-23	tropics	25	0.90792793	0.935362	0.8764224	0.92642796	0.88832843	0.9169512	0.8984133	2036-03-23	tropics	25	0.90792793	0.935362	0.8764224	0.92642796	0.88832843	0.9169512	0.8984133	2036-03-23	tropics	25	-0.02497983	-0.017254164	-0.034116346	-0.019894006	-0.030577373	-0.02239418	-0.02765268	2036-03-23	tropics	25	-0.02497983	-0.017254164	-0.034116346	-0.019894006	-0.030577373	-0.02239418	-0.02765268	GARW	2036-04-01
2036-03-24	tropics	25	0.90778804	0.9351219	0.876189	0.92638475	0.88773024	0.91677976	0.89816743	2036-03-24	tropics	25	0.90778804	0.9351219	0.876189	0.92638475	0.88773024	0.91677976	0.89816743	2036-03-24	tropics	25	-0.025003731	-0.017311689	-0.034130786	-0.01983676	-0.030618118	-0.022456527	-0.027732253	2036-03-24	tropics	25	-0.025003731	-0.017311689	-0.034130786	-0.01983676	-0.030618118	-0.022456527	-0.027732253	GARW	2036-04-01
2036-03-25	tropics	25	0.90740687	0.93491584	0.8754376	0.92630523	0.88748044	0.91673326	0.89790475	2036-03-25	tropics	25	0.90740687	0.93491584	0.8754376	0.92630523	0.88748044	0.91673326	0.89790475	2036-03-25	tropics	25	-0.025053859	-0.017378144	-0.03416326	-0.019819522	-0.030729175	-0.022526205	-0.027804375	2036-03-25	tropics	25	-0.025053859	-0.017378144	-0.03416326	-0.019819522	-0.030729175	-0.022526205	-0.027804375	GARW	2036-04-01
2036-03-26	tropics	25	0.9071971	0.93481666	0.87490416	0.9262047	0.8873535	0.9166492	0.8978032	2036-03-26	tropics	25	0.9071971	0.93481666	0.87490416	0.9262047	0.8873535	0.9166492	0.8978032	2036-03-26	tropics	25	-0.025112867	-0.01744448	-0.034323025	-0.019830333	-0.030901598	-0.022523433	-0.02787596	2036-03-26	tropics	25	-0.025112867	-0.01744448	-0.034323025	-0.019830333	-0.030901598	-0.022523433	-0.02787596	GARW	2036-04-01
2036-03-27	tropics	25	0.9068279	0.93473446	0.8744646	0.9261037	0.8867598	0.91681325	0.89741874	2036-03-27	tropics	25	0.9068279	0.93473446	0.8744646	0.9261037	0.8867598	0.91681325	0.89741874	2036-03-27	tropics	25	-0.025208116	-0.017478058	-0.03451836	-0.019869268	-0.030902361	-0.02256617	-0.027905643	2036-03-27	tropics	25	-0.025208116	-0.017478058	-0.03451836	-0.019869268	-0.030902361	-0.02256617	-0.027905643	GARW	2036-04-01
2036-03-28	tropics	25	0.9067356	0.9347181	0.87403524	0.926001	0.8860995	0.91668755	0.8971881	2036-03-28	tropics	25	0.9067356	0.9347181	0.87403524	0.926001	0.8860995	0.91668755	0.8971881	2036-03-28	tropics	25	-0.025310636	-0.017502297	-0.034648933	-0.019897118	-0.031039905	-0.02253002	-0.027985573	2036-03-28	tropics	25	-0.025310636	-0.017502297	-0.034648933	-0.019897118	-0.031039905	-0.02253002	-0.027985573	GARW	2036-04-01
2036-03-29	tropics	25	0.9067558	0.93459165	0.8736166	0.925972	0.8854037	0.91656125	0.8969046	2036-03-29	tropics	25	0.9067558	0.93459165	0.8736166	0.925972	0.8854037	0.91656125	0.8969046	2036-03-29	tropics	25	-0.025374413	-0.017521879	-0.034776043	-0.019925706	-0.031212281	-0.022518605	-0.028111339	2036-03-29	tropics	25	-0.025374413	-0.017521879	-0.034776043	-0.019925706	-0.031212281	-0.022518605	-0.028111339	GARW	2036-04-01
2036-03-30	tropics	25	0.9067391	0.93473715	0.87320906	0.92605776	0.8849831	0.91622806	0.8969396	2036-03-30	tropics	25	0.9067391	0.93473715	0.87320906	0.92605776	0.8849831	0.91622806	0.8969396	2036-03-30	tropics	25	-0.025343478	-0.017535977	-0.034900904	-0.019954804	-0.031460978	-0.022527277	-0.028124988	2036-03-30	tropics	25	-0.025343478	-0.017535977	-0.034900904	-0.019954804	-0.031460978	-0.022527277	-0.028124988	GARW	2036-04-01
2036-03-31	tropics	25	0.90663344	0.9350256	0.8726131	0.9265245	0.88457376	0.9161342	0.8969232	2036-03-31	tropics	25	0.90663344	0.9350256	0.8726131	0.9265245	0.88457376	0.9161342	0.8969232	2036-03-31	tropics	25	-0.02537477	-0.017557492	-0.035021804	-0.019849373	-0.031562876	-0.022650748	-0.028174698	2036-03-31	tropics	25	-0.02537477	-0.017557492	-0.035021804	-0.019849373	-0.031562876	-0.022650748	-0.028174698	GARW	2036-04-01
2036-04-01	tropics	25	0.90649176	0.9353248	0.87178695	0.92651796	0.88407445	0.9164499	0.89688027	2036-04-01	tropics	25	0.90649176	0.9353248	0.87178695	0.92651796	0.88407445	0.9164499	0.89688027	2036-04-01	tropics	25	-0.025365472	-0.017443974	-0.035167813	-0.019855	-0.03171625	-0.022713512	-0.028167069	2036-04-01	tropics	25	-0.025365472	-0.017443974	-0.035167813	-0.019855	-0.03171625	-0.022713512	-0.028167069	GARW	2036-04-01
2035-04-03	tropics	17	1.066126	1.0719497	1.0604811	1.0701675	1.0623481	1.0682039	1.0640311	2035-04-03	tropics	17	1.066126	1.0719497	1.0604811	1.0701675	1.0623481	1.0682039	1.0640311	2035-04-03	tropics	17	nan	nan	nan	nan	nan	nan	nan	2035-04-03	tropics	17	nan	nan	nan	nan	nan	nan	nan	GARW	2036-04-01
2035-04-04	tropics	17	1.0662546	1.072276	1.0604157	1.0702624	1.0626336	1.068285	1.064104	2035-04-04	tropics	17	1.0662546	1.072276	1.0604157	1.0702624	1.0626336	1.068285	1.064104	2035-04-04	tropics	17	0.0	0.0	0.0	0.0	0.0	0.0	0.0	2035-04-04	tropics	17	0.0	0.0	0.0	0.0	0.0	0.0	0.0	GARW	2036-04-01
2035-04-05	tropics	17	1.0664804	1.0724412	1.0604844	1.0703751	1.0628232	1.0684571	1.0641203	2035-04-05	tropics	17	1.0664804	1.0724412	1.0604844	1.0703751	1.0628232	1.0684571	1.0641203	2035-04-05	tropics	17	0.0	0.0	0.0	0.0	0.0	0.0	0.0	2035-04-05	tropics	17	0.0	0.0	0.0	0.0	0.0	0.0	0.0	GARW	2036-04-01
2035-04-06	tropics	17	1.0666316	1.0725046	1.0605534	1.070502	1.0628908	1.0686285	1.0643153	2035-04-06	tropics	17	1.0666316	1.0725046	1.0605534	1.070502	1.0628908	1.0686285	1.0643153	2035-04-06	tropics	17	0.0	0.0	0.0	0.0	0.0	0.0	0.0	2035-04-06	tropics	17	0.0	0.0	0.0	0.0	0.0	0.0	0.0	GARW	2036-04-01
2035-04-07	tropics	17	1.0668138	1.0725999	1.0606333	1.0706763	1.0629032	1.0687934	1.0643843	2035-04-07	tropics	17	1.0668138	1.0725999	1.0606333	1.0706763	1.0629032	1.0687934	1.0643843	2035-04-07	tropics	17	0.0	0.0	0.0	0.0	0.0	0.0	0.0	2035-04-07	tropics	17	0.0	0.0	0.0	0.0	0.0	0.0	0.0	GARW	2036-04-01
2035-04-08	tropics	17	1.0669104	1.0727578	1.0607655	1.0708392	1.0629867	1.0690017	1.0644757	2035-04-08	tropics	17	1.0669104	1.0727578	1.0607655	1.0708392	1.0629867	1.0690017	1.0644757	2035-04-08	tropics	17	0.0	0.0	0.0	0.0	0.0	0.0	0.0	2035-04-08	tropics	17	0.0	0.0	0.0	0.0	0.0	0.0	0.0	GARW	2036-04-01
2035-04-09	tropics	17	1.066983	1.0728614	1.0608939	1.071026	1.0629939	1.0691249	1.0645924	2035-04-09	tropics	17	1.066983	1.0728614	1.0608939	1.071026	1.0629939	1.0691249	1.0645924	2035-04-09	tropics	17	0.0	0.0	0.0	0.0	0.0	0.0	0.0	2035-04-09	tropics	17	0.0	0.0	0.0	0.0	0.0	0.0	0.0	GARW	2036-04-01
2035-04-10	tropics	17	1.067116	1.0729672	1.0610182	1.0711398	1.0630891	1.0692677	1.064682	2035-04-10	tropics	17	1.067116	1.0729672	1.0610182	1.0711398	1.0630891	1.0692677	1.064682	2035-04-10	tropics	17	0.0	0.0	0.0	0.0	0.0	0.0	0.0	2035-04-10	tropics	17	0.0	0.0	0.0	0.0	0.0	0.0	0.0	GARW	2036-04-01
2035-04-11	tropics	17	1.0672166	1.0731536	1.0611387	1.0713063	1.0631639	1.0693983	1.0648515	2035-04-11	tropics	17	1.0672166	1.0731536	1.0611387	1.0713063	1.0631639	1.0693983	1.0648515	2035-04-11	tropics	17	0.0	0.0	0.0	0.0	0.0	0.0	0.0	2035-04-11	tropics	17	0.0	0.0	0.0	0.0	0.0	0.0	0.0	GARW	2036-04-01
2035-04-12	tropics	17	1.0673264	1.0733489	1.0612555	1.0714105	1.0631527	1.069567	1.0649396	2035-04-12	tropics	17	1.0673264	1.0733489	1.0612555	1.0714105	1.0631527	1.069567	1.0649396	2035-04-12	tropics	17	0.0	0.0	0.0	0.0	0.0	0.0	0.0	2035-04-12	tropics	17	0.0	0.0	0.0	0.0	0.0	0.0	0.0	GARW	2036-04-01
2035-04-13	tropics	17	1.0673945	1.0735046	1.0613686	1.0715877	1.0632828	1.06967	1.0650141	2035-04-13	tropics	17	1.0673945	1.0735046	1.0613686	1.0715877	1.0632828	1.06967	1.0650141	2035-04-13	tropics	17	0.0	0.0	0.0	0.0	0.0	0.0	0.0	2035-04-13	tropics	17	0.0	0.0	0.0	0.0	0.0	0.0	0.0	GARW	2036-04-01
2035-04-14	tropics	17	1.0674871	1.073608	1.0614454	1.0718331	1.0633243	1.0698264	1.0650499	2035-04-14	tropics	17	1.0674871	1.073608	1.0614454	1.0718331	1.0633243	1.0698264	1.0650499	2035-04-14	tropics	17	0.0	0.0	0.0	0.0	0.0	0.0	0.0	2035-04-14	tropics	17	0.0	0.0	0.0	0.0	0.0	0.0	0.0	GARW	2036-04-01
2035-04-15	tropics	17	1.0675805	1.0736717	1.061428	1.0720046	1.0633503	1.0700377	1.065141	2035-04-15	tropics	17	1.0675805	1.0736717	1.061428	1.0720046	1.0633503	1.0700377	1.065141	2035-04-15	tropics	17	0.0	0.0	0.0	0.0	0.0	0.0	0.0	2035-04-15	tropics	17	0.0	0.0	0.0	0.0	0.0	0.0	0.0	GARW	2036-04-01
2035-04-16	tropics	17	1.0677202	1.0738269	1.0614178	1.0721527	1.0633807	1.0701643	1.0652142	2035-04-16	tropics	17	1.0677202	1.0738269	1.0614178	1.0721527	1.0633807	1.0701643	1.0652142	2035-04-16	tropics	17	0.0	0.0	0.0	0.0	0.0	0.0	0.0	2035-04-16	tropics	17	0.0	0.0	0.0	0.0	0.0	0.0	0.0	GARW	2036-04-01
2035-04-17	tropics	17	1.0677853	1.0740135	1.0614116	1.0722833	1.0633748	1.0702726	1.0653024	2035-04-17	tropics	17	1.0677853	1.0740135	1.0614116	1.0722833	1.0633748	1.0702726	1.0653024	2035-04-17	tropics	17	0.0	0.0	0.0	0.0	0.0	0.0	0.0	2035-04-17	tropics	17	0.0	0.0	0.0	0.0	0.0	0.0	0.0	GARW	2036-04-01
2035-04-18	tropics	17	1.0678566	1.074188	1.0614038	1.0723656	1.0634456	1.0704205	1.0653594	2035-04-18	tropics	17	1.0678566	1.074188	1.0614038	1.0723656	1.0634456	1.0704205	1.0653594	2035-04-18	tropics	17	0.0	0.0	0.0	0.0	0.0	0.0	0.0	2035-04-18	tropics	17	0.0	0.0	0.0	0.0	0.0	0.0	0.0	GARW	2036-04-01
2035-04-19	tropics	17	1.0679469	1.0743635	1.0613915	1.0724568	1.0634447	1.0705051	1.0654693	2035-04-19	tropics	17	1.0679469	1.0743635	1.0613915	1.0724568	1.0634447	1.0705051	1.0654693	2035-04-19	tropics	17	0.0	0.0	0.0	0.0	0.0	0.0	0.0	2035-04-19	tropics	17	0.0	0.0	0.0	0.0	0.0	0.0	0.0	GARW	2036-04-01
2035-04-20	tropics	17	1.0680335	1.0745623	1.0614074	1.072587	1.0634494	1.070617	1.0655416	2035-04-20	tropics	17	1.0680335	1.0745623	1.0614074	1.072587	1.0634494	1.070617	1.0655416	2035-04-20	tropics	17	0.0	0.0	0.0	0.0	0.0	0.0	0.0	2035-04-20	tropics	17	0.0	0.0	0.0	0.0	0.0	0.0	0.0	GARW	2036-04-01
2035-04-21	tropics	17	1.0681326	1.074706	1.0614367	1.0727458	1.063564	1.0707293	1.0656241	2035-04-21	tropics	17	1.0681326	1.074706	1.0614367	1.0727458	1.063564	1.0707293	1.0656241	2035-04-21	tropics	17	0.0	0.0	0.0	0.0	0.0	0.0	0.0	2035-04-21	tropics	17	0.0	0.0	0.0	0.0	0.0	0.0	0.0	GARW	2036-04-01
2035-04-22	tropics	17	1.0682518	1.0748329	1.0615013	1.0729209	1.0636374	1.0707556	1.0657233	2035-04-22	tropics	17	1.0682518	1.0748329	1.0615013	1.0729209	1.0636374	1.0707556	1.0657233	2035-04-22	tropics	17	0.0	0.0	0.0	0.0	0.0	0.0	0.0	2035-04-22	tropics	17	0.0	0.0	0.0	0.0	0.0	0.0	0.0	GARW	2036-04-01
2035-04-23	tropics	17	1.068352	1.0749758	1.0615896	1.0730344	1.0637646	1.0708051	1.065809	2035-04-23	tropics	17	1.068352	1.0749758	1.0615896	1.0730344	1.0637646	1.0708051	1.065809	2035-04-23	tropics	17	0.0	0.0	0.0	0.0	0.0	0.0	0.0	2035-04-23	tropics	17	0.0	0.0	0.0	0.0	0.0	0.0	0.0	GARW	2036-04-01
2035-04-24	tropics	17	1.0684463	1.0751058	1.0616755	1.0730622	1.0638866	1.0709026	1.065862	2035-04-24	tropics	17	1.0684463	1.0751058	1.0616755	1.0730622	1.0638866	1.0709026	1.065862	2035-04-24	tropics	17	0.0	0.0	0.0	0.0	0.0	0.0	0.0	2035-04-24	tropics	17	0.0	0.0	0.0	0.0	0.0	0.0	0.0	GARW	2036-04-01
2035-04-25	tropics	17	1.0685079	1.0752	1.0617588	1.0731815	1.0639428	1.0709796	1.0659094	2035-04-25	tropics	17	1.0685079	1.0752	1.0617588	1.0731815	1.0639428	1.0709796	1.0659094	2035-04-25	tropics	17	0.0	0.0	0.0	0.0	0.0	0.0	0.0	2035-04-25	tropics	17	0.0	0.0	0.0	0.0	0.0	0.0	0.0	GARW	2036-04-01
2035-04-26	tropics	17	1.0685635	1.0752571	1.0618392	1.0732855	1.0640135	1.0710149	1.0659957	2035-04-26	tropics	17	1.0685635	1.0752571	1.0618392	1.0732855	1.0640135	1.0710149	1.0659957	2035-04-26	tropics	17	0.0	0.0	0.0	0.0	0.0	0.0	0.0	2035-04-26	tropics	17	0.0	0.0	0.0	0.0	0.0	0.0	0.0	GARW	2036-04-01
2035-04-27	tropics	17	1.068641	1.0753579	1.061913	1.0733664	1.0640714	1.0710719	1.066105	2035-04-27	tropics	17	1.068641	1.0753579	1.061913	1.0733664	1.0640714	1.0710719	1.066105	2035-04-27	tropics	17	0.0	0.0	0.0	0.0	0.0	0.0	0.0	2035-04-27	tropics	17	0.0	0.0	0.0	0.0	0.0	0.0	0.0	GARW	2036-04-01
2035-04-28	tropics	17	1.0687175	1.0754007	1.0619825	1.0733756	1.0641081	1.0711342	1.0661659	2035-04-28	tropics	17	1.0687175	1.0754007	1.0619825	1.0733756	1.0641081	1.0711342	1.0661659	2035-04-28	tropics	17	0.0	0.0	0.0	0.0	0.0	0.0	0.0	2035-04-28	tropics	17	0.0	0.0	0.0	0.0	0.0	0.0	0.0	GARW	2036-04-01
2035-04-29	tropics	17	1.0687606	1.0755123	1.0620487	1.0734055	1.0641509	1.0712252	1.06622	2035-04-29	tropics	17	1.0687606	1.0755123	1.0620487	1.0734055	1.0641509	1.0712252	1.06622	2035-04-29	tropics	17	0.0	0.0	0.0	0.0	0.0	0.0	0.0	2035-04-29	tropics	17	0.0	0.0	0.0	0.0	0.0	0.0	0.0	GARW	2036-04-01
2035-04-30	tropics	17	1.0688183	1.0756884	1.0620934	1.0734367	1.0642103	1.0712832	1.0662925	2035-04-30	tropics	17	1.0688183	1.0756884	1.0620934	1.0734367	1.0642103	1.0712832	1.0662925	2035-04-30	tropics	17	0.0	0.0	0.0	0.0	0.0	0.0	0.0	2035-04-30	tropics	17	0.0	0.0	0.0	0.0	0.0	0.0	0.0	GARW	2036-04-01
2035-05-01	tropics	17	1.068861	1.0758473	1.0621318	1.0734928	1.0642657	1.071379	1.0663253	2035-05-01	tropics	17	1.068861	1.0758473	1.0621318	1.0734928	1.0642657	1.071379	1.0663253	2035-05-01	tropics	17	0.0	0.0	0.0	0.0	0.0	0.0	0.0	2035-05-01	tropics	17	0.0	0.0	0.0	0.0	0.0	0.0	0.0	GARW	2036-04-01
2035-05-02	tropics	17	1.0689284	1.0759541	1.0621678	1.0735606	1.0643183	1.0714502	1.0663936	2035-05-02	tropics	17	1.0689284	1.0759541	1.0621678	1.0735606	1.0643183	1.0714502	1.0663936	2035-05-02	tropics	17	0.0	0.0	0.0	0.0	0.0	0.0	0.0	2035-05-02	tropics	17	0.0	0.0	0.0	0.0	0.0	0.0	0.0	GARW	2036-04-01
2035-05-03	tropics	17	1.0689791	1.0760552	1.0622356	1.0735708	1.0643877	1.0715023	1.0664623	2035-05-03	tropics	17	1.0689791	1.0760552	1.0622356	1.0735708	1.0643877	1.0715023	1.0664623	2035-05-03	tropics	17	0.0	0.0	0.0	0.0	0.0	0.0	0.0	2035-05-03	tropics	17	0.0	0.0	0.0	0.0	0.0	0.0	0.0	GARW	2036-04-01
2035-05-04	tropics	17	1.0690404	1.0761517	1.0622852	1.0735977	1.0644298	1.071543	1.0665011	2035-05-04	tropics	17	1.0690404	1.0761517	1.0622852	1.0735977	1.0644298	1.071543	1.0665011	2035-05-04	tropics	17	0.0	0.0	0.0	0.0	0.0	0.0	0.0	2035-05-04	tropics	17	0.0	0.0	0.0	0.0	0.0	0.0	0.0	GARW	2036-04-01
2035-05-05	tropics	17	1.0691262	1.0761935	1.06232	1.0737139	1.0644886	1.0715984	1.066546	2035-05-05	tropics	17	1.0691262	1.0761935	1.06232	1.0737139	1.0644886	1.0715984	1.066546	2035-05-05	tropics	17	0.0	0.0	0.0	0.0	0.0	0.0	0.0	2035-05-05	tropics	17	0.0	0.0	0.0	0.0	0.0	0.0	0.0	GARW	2036-04-01
2035-05-06	tropics	17	1.0691855	1.076221	1.0623537	1.073866	1.0645487	1.0716457	1.0666311	2035-05-06	tropics	17	1.0691855	1.076221	1.0623537	1.073866	1.0645487	1.0716457	1.0666311	2035-05-06	tropics	17	8.606265	8.881125	8.299342	8.783935	8.406128	8.702211	8.506266	2035-05-06	tropics	17	8.606265	8.881125	8.299342	8.783935	8.406128	8.702211	8.506266	GARW	2036-04-01
2035-05-07	tropics	17	1.0692247	1.0762411	1.0623862	1.0739067	1.0645765	1.0716732	1.0666741	2035-05-07	tropics	17	1.0692247	1.0762411	1.0623862	1.0739067	1.0645765	1.0716732	1.0666741	2035-05-07	tropics	17	14.731297	14.731298	14.731297	14.731298	14.731297	14.7312975	14.731297	2035-05-07	tropics	17	14.731297	14.731298	14.731297	14.731298	14.731297	14.7312975	14.731297	GARW	2036-04-01
2035-05-08	tropics	17	1.0692528	1.0762573	1.0624171	1.0739883	1.064616	1.0717127	1.0667312	2035-05-08	tropics	17	1.0692528	1.0762573	1.0624171	1.0739883	1.064616	1.0717127	1.0667312	2035-05-08	tropics	17	2.8106406	2.8106408	2.8106403	2.8106408	2.8106403	2.8106408	2.8106403	2035-05-08	tropics	17	2.8106406	2.8106408	2.8106403	2.8106408	2.8106403	2.8106408	2.8106403	GARW	2036-04-01
2035-05-09	tropics	17	1.0693114	1.0762812	1.062447	1.0740024	1.0646623	1.0717629	1.0667857	2035-05-09	tropics	17	1.0693114	1.0762812	1.062447	1.0740024	1.0646623	1.0717629	1.0667857	2035-05-09	tropics	17	0.77381957	0.7738389	0.77380085	0.7738325	0.77380687	0.7738263	0.7738127	2035-05-09	tropics	17	0.77381957	0.7738389	0.77380085	0.7738325	0.77380687	0.7738263	0.7738127	GARW	2036-04-01
2035-05-10	tropics	17	1.0693464	1.0763507	1.0624751	1.0740948	1.0647246	1.0718286	1.0668591	2035-05-10	tropics	17	1.0693464	1.0763507	1.0624751	1.0740948	1.0647246	1.0718286	1.0668591	2035-05-10	tropics	17	0.25180438	0.25206935	0.25154623	0.2519845	0.2516296	0.25189808	0.25170952	2035-05-10	tropics	17	0.25180438	0.25206935	0.25154623	0.2519845	0.2516296	0.25189808	0.25170952	GARW	2036-04-01
2035-05-11	tropics	17	1.0693568	1.0764141	1.0625015	1.0741713	1.0647922	1.0718164	1.0668329	2035-05-11	tropics	17	1.0693568	1.0764141	1.0625015	1.0741713	1.0647922	1.0718164	1.0668329	2035-05-11	tropics	17	0.20019607	0.2010498	0.19935443	0.20077129	0.19962646	0.20049755	0.19988692	2035-05-11	tropics	17	0.20019607	0.2010498	0.19935443	0.20077129	0.19962646	0.20049755	0.19988692	GARW	2036-04-01
2035-05-12	tropics	17	1.069401	1.0764749	1.0625265	1.0741792	1.0648116	1.0718876	1.0668907	2035-05-12	tropics	17	1.069401	1.0764749	1.0625265	1.0741792	1.0648116	1.0718876	1.0668907	2035-05-12	tropics	17	0.22284895	0.22389598	0.22182061	0.22356068	0.22216298	0.22321853	0.22247784	2035-05-12	tropics	17	0.22284895	0.22389598	0.22182061	0.22356068	0.22216298	0.22321853	0.22247784	GARW	2036-04-01
2035-05-13	tropics	17	1.0693934	1.0765523	1.0625496	1.0741993	1.0648599	1.0719163	1.0668873	2035-05-13	tropics	17	1.0693934	1.0765523	1.0625496	1.0741993	1.0648599	1.0719163	1.0668873	2035-05-13	tropics	17	0.18523794	0.18608993	0.18440971	0.18581077	0.18468505	0.18553725	0.18493393	2035-05-13	tropics	17	0.18523794	0.18608993	0.18440971	0.18581077	0.18468505	0.18553725	0.18493393	GARW	2036-04-01
2035-05-14	tropics	17	1.0694013	1.0766163	1.0625709	1.0742333	1.0648896	1.0719604	1.0669166	2035-05-14	tropics	17	1.0694013	1.0766163	1.0625709	1.0742333	1.0648896	1.0719604	1.0669166	2035-05-14	tropics	17	0.14363761	0.14445437	0.14286463	0.14418404	0.14312805	0.143928	0.14335635	2035-05-14	tropics	17	0.14363761	0.14445437	0.14286463	0.14418404	0.14312805	0.143928	0.14335635	GARW	2036-04-01
2035-05-15	tropics	17	1.069463	1.0766557	1.0625902	1.0741831	1.064891	1.0719665	1.0669631	2035-05-15	tropics	17	1.069463	1.0766557	1.0625902	1.0741831	1.064891	1.0719665	1.0669631	2035-05-15	tropics	17	0.12801194	0.12892583	0.12714355	0.12861559	0.12743624	0.12833294	0.12769526	2035-05-15	tropics	17	0.12801194	0.12892583	0.12714355	0.12861559	0.12743624	0.12833294	0.12769526	GARW	2036-04-01
2035-05-16	tropics	17	1.0694774	1.0766882	1.0626078	1.0742217	1.0649474	1.0720053	1.0670124	2035-05-16	tropics	17	1.0694774	1.0766882	1.0626078	1.0742217	1.0649474	1.0720053	1.0670124	2035-05-16	tropics	17	0.12019193	0.12114247	0.119289204	0.120817594	0.11959454	0.12052459	0.11986708	2035-05-16	tropics	17	0.12019193	0.12114247	0.119289204	0.120817594	0.11959454	0.12052459	0.11986708	GARW	2036-04-01
2035-05-17	tropics	17	1.0694652	1.0767133	1.0626234	1.0742043	1.0649754	1.0720079	1.0670487	2035-05-17	tropics	17	1.0694652	1.0767133	1.0626234	1.0742043	1.0649754	1.0720079	1.0670487	2035-05-17	tropics	17	0.1088528	0.10978316	0.1079802	0.10945807	0.108282834	0.10917788	0.1085438	2035-05-17	tropics	17	0.1088528	0.10978316	0.1079802	0.10945807	0.108282834	0.10917788	0.1085438	GARW	2036-04-01
2035-05-18	tropics	17	1.0694759	1.0767317	1.0626367	1.0741957	1.0650195	1.0719686	1.0670873	2035-05-18	tropics	17	1.0694759	1.0767317	1.0626367	1.0741957	1.0650195	1.0719686	1.0670873	2035-05-18	tropics	17	0.09822959	0.09915868	0.0973587	0.09883014	0.097665854	0.09854326	0.09792662	2035-05-18	tropics	17	0.09822959	0.09915868	0.0973587	0.09883014	0.097665854	0.09854326	0.09792662	GARW	2036-04-01
2035-05-19	tropics	17	1.0694895	1.0767677	1.0626487	1.0742179	1.0650612	1.0719477	1.0671188	2035-05-19	tropics	17	1.0694895	1.0767677	1.0626487	1.0742179	1.0650612	1.0719477	1.0671188	2035-05-19	tropics	17	0.09107375	0.092025	0.09017969	0.09168878	0.090498686	0.091388255	0.09076032	2035-05-19	tropics	17	0.09107375	0.092025	0.09017969	0.09168878	0.090498686	0.091388255	0.09076032	GARW	2036-04-01
2035-05-20	tropics	17	1.0695288	1.0768056	1.062659	1.0742413	1.0651133	1.0719161	1.067139	2035-05-20	tropics	17	1.0695288	1.0768056	1.062659	1.0742413	1.0651133	1.0719161	1.067139	2035-05-20	tropics	17	0.085425764	0.086388275	0.08451757	0.086050086	0.0848482	0.08573966	0.08510885	2035-05-20	tropics	17	0.085425764	0.086388275	0.08451757	0.086050086	0.0848482	0.08573966	0.08510885	GARW	2036-04-01
2035-05-21	tropics	17	1.0695477	1.0768386	1.0626681	1.0742906	1.065192	1.0719393	1.0671568	2035-05-21	tropics	17	1.0695477	1.0768386	1.0626681	1.0742906	1.065192	1.0719393	1.0671568	2035-05-21	tropics	17	0.07498291	0.07599677	0.07401876	0.07564434	0.07438217	0.075313374	0.07464908	2035-05-21	tropics	17	0.07498291	0.07599677	0.07401876	0.07564434	0.07438217	0.075313374	0.07464908	GARW	2036-04-01
2035-05-22	tropics	17	1.0695755	1.0768114	1.0626662	1.074333	1.0652285	1.0719457	1.0671568	2035-05-22	tropics	17	1.0695755	1.0768114	1.0626662	1.074333	1.0652285	1.0719457	1.0671568	2035-05-22	tropics	17	5.760789e-05	0.0019228566	-0.0017126381	0.0012680108	-0.0010784148	0.00066943467	-0.000558123	2035-05-22	tropics	17	5.760789e-05	0.0019228566	-0.0017126381	0.0012680108	-0.0010784148	0.00066943467	-0.000558123	GARW	2036-04-01
2035-05-23	tropics	17	1.0695904	1.076776	1.0626749	1.0743511	1.0652381	1.0719571	1.0671622	2035-05-23	tropics	17	1.0695904	1.076776	1.0626749	1.0743511	1.0652381	1.0719571	1.0671622	2035-05-23	tropics	17	-0.01770851	-0.0154103	-0.01989226	-0.01621439	-0.01909784	-0.016951859	-0.018469006	2035-05-23	tropics	17	-0.01770851	-0.0154103	-0.01989226	-0.01621439	-0.01909784	-0.016951859	-0.018469006	GARW	2036-04-01
2035-05-24	tropics	17	1.0695684	1.0767841	1.0626872	1.074389	1.0652603	1.0719471	1.0671741	2035-05-24	tropics	17	1.0695684	1.0767841	1.0626872	1.074389	1.0652603	1.0719471	1.0671741	2035-05-24	tropics	17	0.029660285	0.031344898	0.028033054	0.030779766	0.028638685	0.030216217	0.02908966	2035-05-24	tropics	17	0.029660285	0.031344898	0.028033054	0.030779766	0.028638685	0.030216217	0.02908966	GARW	2036-04-01
2035-05-25	tropics	17	1.0695655	1.0768162	1.0626909	1.0744174	1.0653074	1.07195	1.0671837	2035-05-25	tropics	17	1.0695655	1.0768162	1.0626909	1.0744174	1.0653074	1.07195	1.0671837	2035-05-25	tropics	17	0.030374467	0.031933192	0.028895441	0.031419605	0.02945521	0.030892208	0.029865384	2035-05-25	tropics	17	0.030374467	0.031933192	0.028895441	0.031419605	0.02945521	0.030892208	0.029865384	GARW	2036-04-01
2035-05-26	tropics	17	1.0695543	1.0767905	1.0626935	1.0744393	1.0653771	1.0719366	1.0672243	2035-05-26	tropics	17	1.0695543	1.0767905	1.0626935	1.0744393	1.0653771	1.0719366	1.0672243	2035-05-26	tropics	17	0.012640446	0.014424153	0.010937807	0.01383416	0.011578429	0.013230011	0.012050778	2035-05-26	tropics	17	0.012640446	0.014424153	0.010937807	0.01383416	0.011578429	0.013230011	0.012050778	GARW	2036-04-01
2035-05-27	tropics	17	1.0695966	1.0767615	1.062695	1.0744398	1.0653837	1.0719709	1.0672244	2035-05-27	tropics	17	1.0695966	1.0767615	1.062695	1.0744398	1.0653837	1.0719709	1.0672244	2035-05-27	tropics	17	0.012642562	0.014500531	0.010868111	0.01389054	0.011557817	0.013256788	0.012032092	2035-05-27	tropics	17	0.012642562	0.014500531	0.010868111	0.01389054	0.011557817	0.013256788	0.012032092	GARW	2036-04-01
2035-05-28	tropics	17	1.0696089	1.0767708	1.0626953	1.0744253	1.0653893	1.0720327	1.067227	2035-05-28	tropics	17	1.0696089	1.0767708	1.0626953	1.0744253	1.0653893	1.0720327	1.067227	2035-05-28	tropics	17	0.019643068	0.021393184	0.017955037	0.02082848	0.018614639	0.020222023	0.01906702	2035-05-28	tropics	17	0.019643068	0.021393184	0.017955037	0.02082848	0.018614639	0.020222023	0.01906702	GARW	2036-04-01
2035-05-29	tropics	17	1.0696112	1.0767335	1.062694	1.074446	1.0653942	1.0720583	1.067227	2035-05-29	tropics	17	1.0696112	1.0767335	1.062694	1.074446	1.0653942	1.0720583	1.067227	2035-05-29	tropics	17	0.019427419	0.021141019	0.017768616	0.020578373	0.018416107	0.020007372	0.018858016	2035-05-29	tropics	17	0.019427419	0.021141019	0.017768616	0.020578373	0.018416107	0.020007372	0.018858016	GARW	2036-04-01
2035-05-30	tropics	17	1.0696285	1.0766938	1.0626916	1.0744618	1.0653985	1.072045	1.0672185	2035-05-30	tropics	17	1.0696285	1.0766938	1.0626916	1.0744618	1.0653985	1.072045	1.0672185	2035-05-30	tropics	17	0.016703606	0.018445078	0.015004245	0.017881995	0.015667845	0.017298862	0.016120106	2035-05-30	tropics	17	0.016703606	0.018445078	0.015004245	0.017881995	0.015667845	0.017298862	0.016120106	GARW	2036-04-01
2035-05-31	tropics	17	1.0696356	1.076649	1.0626881	1.0744312	1.065397	1.0720041	1.0672253	2035-05-31	tropics	17	1.0696356	1.076649	1.0626881	1.0744312	1.065397	1.0720041	1.0672253	2035-05-31	tropics	17	0.016862094	0.01860711	0.015143504	0.018052494	0.015814805	0.01746127	0.016266286	2035-05-31	tropics	17	0.016862094	0.01860711	0.015143504	0.018052494	0.015814805	0.01746127	0.016266286	GARW	2036-04-01
2035-06-01	tropics	17	1.0696495	1.076617	1.0627035	1.0743816	1.0653929	1.0719948	1.0672575	2035-06-01	tropics	17	1.0696495	1.076617	1.0627035	1.0743816	1.0653929	1.0719948	1.0672575	2035-06-01	tropics	17	0.01793164	0.019647438	0.016225511	0.019106805	0.016893411	0.01851365	0.017341375	2035-06-01	tropics	17	0.01793164	0.019647438	0.016225511	0.019106805	0.016893411	0.01851365	0.017341375	GARW	2036-04-01
2035-06-02	tropics	17	1.0696788	1.07659	1.062721	1.0743428	1.0654079	1.0720465	1.0673183	2035-06-02	tropics	17	1.0696788	1.07659	1.062721	1.0743428	1.0654079	1.0720465	1.0673183	2035-06-02	tropics	17	0.017842352	0.019538058	0.016143514	0.018999266	0.016803563	0.01841639	0.01725334	2035-06-02	tropics	17	0.017842352	0.019538058	0.016143514	0.018999266	0.016803563	0.01841639	0.01725334	GARW	2036-04-01
2035-06-03	tropics	17	1.0696965	1.076542	1.0627373	1.0743155	1.0654029	1.0720277	1.0673243	2035-06-03	tropics	17	1.0696965	1.076542	1.0627373	1.0743155	1.0654029	1.0720277	1.0673243	2035-06-03	tropics	17	0.017435431	0.019126644	0.015725678	0.01857605	0.016385209	0.018007904	0.01685077	2035-06-03	tropics	17	0.017435431	0.019126644	0.015725678	0.01857605	0.016385209	0.018007904	0.01685077	GARW	2036-04-01
2035-06-04	tropics	17	1.0697136	1.0765042	1.062752	1.0743111	1.065408	1.0719843	1.067311	2035-06-04	tropics	17	1.0697136	1.0765042	1.062752	1.0743111	1.065408	1.0719843	1.067311	2035-06-04	tropics	17	0.01748532	0.019163731	0.015773242	0.018617224	0.016431797	0.018064648	0.016903281	2035-06-04	tropics	17	0.01748532	0.019163731	0.015773242	0.018617224	0.016431797	0.018064648	0.016903281	GARW	2036-04-01
2035-06-05	tropics	17	1.0697237	1.0764345	1.0627656	1.0742959	1.0653982	1.0720017	1.0673512	2035-06-05	tropics	17	1.0697237	1.0764345	1.0627656	1.0742959	1.0653982	1.0720017	1.0673512	2035-06-05	tropics	17	0.01765132	0.019313676	0.01594163	0.018776285	0.016597247	0.018205076	0.017060101	2035-06-05	tropics	17	0.01765132	0.019313676	0.01594163	0.018776285	0.016597247	0.018205076	0.017060101	GARW	2036-04-01
2035-06-06	tropics	17	1.0697012	1.0763658	1.0627782	1.0742978	1.0653847	1.0720245	1.0673518	2035-06-06	tropics	17	1.0697012	1.0763658	1.0627782	1.0742978	1.0653847	1.0720245	1.0673518	2035-06-06	tropics	17	0.017632306	0.019274795	0.015923891	0.018748473	0.01657244	0.018187344	0.017047852	2035-06-06	tropics	17	0.017632306	0.019274795	0.015923891	0.018748473	0.01657244	0.018187344	0.017047852	GARW	2036-04-01
2035-06-07	tropics	17	1.0696694	1.0763631	1.06279	1.0743229	1.0653597	1.0720308	1.067322	2035-06-07	tropics	17	1.0696694	1.0763631	1.06279	1.0743229	1.0653597	1.0720308	1.067322	2035-06-07	tropics	17	0.017565787	0.019196015	0.015862847	0.018686945	0.016507005	0.018129438	0.016986817	2035-06-07	tropics	17	0.017565787	0.019196015	0.015862847	0.018686945	0.016507005	0.018129438	0.016986817	GARW	2036-04-01
2035-06-08	tropics	17	1.0696546	1.0763572	1.062801	1.0743433	1.0653418	1.0719895	1.0672741	2035-06-08	tropics	17	1.0696546	1.0763572	1.062801	1.0743433	1.0653418	1.0719895	1.0672741	2035-06-08	tropics	17	0.017569065	0.019201225	0.01587595	0.018701589	0.01651144	0.01814565	0.016995221	2035-06-08	tropics	17	0.017569065	0.019201225	0.01587595	0.018701589	0.01651144	0.01814565	0.016995221	GARW	2036-04-01
2035-06-09	tropics	17	1.0696383	1.0763521	1.0628113	1.0743563	1.0653214	1.071981	1.0672708	2035-06-09	tropics	17	1.0696383	1.0763521	1.0628113	1.0743563	1.0653214	1.071981	1.0672708	2035-06-09	tropics	17	0.017588317	0.019224102	0.015903553	0.018731475	0.016531503	0.018162102	0.017007798	2035-06-09	tropics	17	0.017588317	0.019224102	0.015903553	0.018731475	0.016531503	0.018162102	0.017007798	GARW	2036-04-01
2035-06-10	tropics	17	1.0696349	1.0763489	1.0628206	1.0743649	1.0653006	1.0720112	1.067309	2035-06-10	tropics	17	1.0696349	1.0763489	1.0628206	1.0743649	1.0653006	1.0720112	1.067309	2035-06-10	tropics	17	0.017580211	0.019217527	0.0159016	0.018730069	0.016521823	0.018152416	0.01699853	2035-06-10	tropics	17	0.017580211	0.019217527	0.0159016	0.018730069	0.016521823	0.018152416	0.01699853	GARW	2036-04-01
2035-06-11	tropics	17	1.0696069	1.076348	1.0628293	1.074356	1.0652819	1.072009	1.0673289	2035-06-11	tropics	17	1.0696069	1.076348	1.0628293	1.074356	1.0652819	1.072009	1.0673289	2035-06-11	tropics	17	0.017568827	0.019208688	0.015894303	0.01872325	0.016506542	0.01814732	0.016994536	2035-06-11	tropics	17	0.017568827	0.019208688	0.015894303	0.01872325	0.016506542	0.01814732	0.016994536	GARW	2036-04-01
2035-06-12	tropics	17	1.0695635	1.0763848	1.0628372	1.0743294	1.0652468	1.0720242	1.0673027	2035-06-12	tropics	17	1.0695635	1.0763848	1.0628372	1.0743294	1.0652468	1.0720242	1.0673027	2035-06-12	tropics	17	0.017567694	0.019206662	0.01589857	0.018720984	0.016503919	0.018150896	0.017006665	2035-06-12	tropics	17	0.017567694	0.019206662	0.01589857	0.018720984	0.016503919	0.018150896	0.017006665	GARW	2036-04-01
2035-06-13	tropics	17	1.069545	1.0764077	1.0628445	1.0743117	1.0652261	1.071993	1.0672837	2035-06-13	tropics	17	1.069545	1.0764077	1.0628445	1.0743117	1.0652261	1.071993	1.0672837	2035-06-13	tropics	17	0.017555773	0.019218627	0.01590423	0.01871891	0.016500592	0.018158227	0.017008007	2035-06-13	tropics	17	0.017555773	0.019218627	0.01590423	0.01871891	0.016500592	0.018158227	0.017008007	GARW	2036-04-01
2035-06-14	tropics	17	1.0695581	1.0764146	1.0628512	1.0742654	1.0652188	1.0720059	1.0672481	2035-06-14	tropics	17	1.0695581	1.0764146	1.0628512	1.0742654	1.0652188	1.0720059	1.0672481	2035-06-14	tropics	17	0.01755339	0.019225458	0.01590529	0.018719459	0.016493594	0.018148035	0.016997606	2035-06-14	tropics	17	0.01755339	0.019225458	0.01590529	0.018719459	0.016493594	0.018148035	0.016997606	GARW	2036-04-01
2035-06-15	tropics	17	1.0695586	1.0764084	1.0628573	1.0742356	1.0652226	1.0720325	1.0672565	2035-06-15	tropics	17	1.0695586	1.0764084	1.0628573	1.0742356	1.0652226	1.0720325	1.0672565	2035-06-15	tropics	17	0.017550886	0.019226154	0.015905429	0.018706882	0.016487205	0.018153042	0.016991109	2035-06-15	tropics	17	0.017550886	0.019226154	0.015905429	0.018706882	0.016487205	0.018153042	0.016991109	GARW	2036-04-01
2035-06-16	tropics	17	1.0695858	1.0763983	1.0628629	1.0742557	1.0652866	1.0720632	1.0672472	2035-06-16	tropics	17	1.0695858	1.0763983	1.0628629	1.0742557	1.0652866	1.0720632	1.0672472	2035-06-16	tropics	17	0.017552555	0.01922613	0.015907472	0.018696953	0.016490256	0.018155485	0.016988665	2035-06-16	tropics	17	0.017552555	0.01922613	0.015907472	0.018696953	0.016490256	0.018155485	0.016988665	GARW	2036-04-01
2035-06-17	tropics	17	1.06956	1.0763863	1.0628679	1.0742173	1.0652996	1.0720729	1.0672293	2035-06-17	tropics	17	1.06956	1.0763863	1.0628679	1.0742173	1.0652996	1.0720729	1.0672293	2035-06-17	tropics	17	0.017557263	0.01922427	0.015909467	0.018699706	0.016503442	0.01816389	0.016988724	2035-06-17	tropics	17	0.017557263	0.01922427	0.015909467	0.018699706	0.016503442	0.01816389	0.016988724	GARW	2036-04-01
2035-06-18	tropics	17	1.0695394	1.0763725	1.0628734	1.0741814	1.0653341	1.0720743	1.0672679	2035-06-18	tropics	17	1.0695394	1.0763725	1.0628734	1.0741814	1.0653341	1.0720743	1.0672679	2035-06-18	tropics	17	0.01755929	0.01922143	0.015910462	0.018694973	0.016506279	0.018170059	0.016984403	2035-06-18	tropics	17	0.01755929	0.01922143	0.015910462	0.018694973	0.016506279	0.018170059	0.016984403	GARW	2036-04-01
2035-06-19	tropics	17	1.0695691	1.076357	1.0628791	1.0741212	1.0652903	1.0720441	1.0672816	2035-06-19	tropics	17	1.0695691	1.076357	1.0628791	1.0741212	1.0652903	1.0720441	1.0672816	2035-06-19	tropics	17	0.017547786	0.019217905	0.015911464	0.018687105	0.01651423	0.018167108	0.016988605	2035-06-19	tropics	17	0.017547786	0.019217905	0.015911464	0.018687105	0.01651423	0.018167108	0.016988605	GARW	2036-04-01
2035-06-20	tropics	17	1.0695441	1.0763397	1.0628841	1.0740556	1.0652225	1.0720263	1.0672097	2035-06-20	tropics	17	1.0695441	1.0763397	1.0628841	1.0740556	1.0652225	1.0720263	1.0672097	2035-06-20	tropics	17	0.017551482	0.019214453	0.015913034	0.018673968	0.016514301	0.018164128	0.016996145	2035-06-20	tropics	17	0.017551482	0.019214453	0.015913034	0.018673968	0.016514301	0.018164128	0.016996145	GARW	2036-04-01
2035-06-21	tropics	17	1.0695498	1.0763206	1.0628885	1.0739882	1.065238	1.0720075	1.0671692	2035-06-21	tropics	17	1.0695498	1.0763206	1.0628885	1.0739882	1.065238	1.0720075	1.0671692	2035-06-21	tropics	17	0.01755017	0.019210443	0.015914485	0.018658256	0.0164971	0.018162936	0.016985387	2035-06-21	tropics	17	0.01755017	0.019210443	0.015914485	0.018658256	0.0164971	0.018162936	0.016985387	GARW	2036-04-01
2035-06-22	tropics	17	1.0695498	1.0763	1.0628859	1.0739187	1.0652628	1.0720189	1.0670538	2035-06-22	tropics	17	1.0695498	1.0763	1.0628859	1.0739187	1.0652628	1.0720189	1.0670538	2035-06-22	tropics	17	0.017552853	0.01920592	0.015915636	0.01864183	0.016491592	0.018156081	0.016969234	2035-06-22	tropics	17	0.017552853	0.01920592	0.015915636	0.01864183	0.016491592	0.018156081	0.016969234	GARW	2036-04-01
2035-06-23	tropics	17	1.0695505	1.0762705	1.0628875	1.0738484	1.0652874	1.0720295	1.0670698	2035-06-23	tropics	17	1.0695505	1.0762705	1.0628875	1.0738484	1.0652874	1.0720295	1.0670698	2035-06-23	tropics	17	0.017549634	0.019201135	0.015914882	0.018625164	0.016497577	0.018152475	0.016949207	2035-06-23	tropics	17	0.017549634	0.019201135	0.015914882	0.018625164	0.016497577	0.018152475	0.016949207	GARW	2036-04-01
2035-06-24	tropics	17	1.0695068	1.0762626	1.062889	1.0737921	1.0653005	1.0719838	1.0670586	2035-06-24	tropics	17	1.0695068	1.0762626	1.062889	1.0737921	1.0653005	1.0719838	1.0670586	2035-06-24	tropics	17	0.017552733	0.019193148	0.015915584	0.018607043	0.016503572	0.018159866	0.016940057	2035-06-24	tropics	17	0.017552733	0.019193148	0.015915584	0.018607043	0.016503572	0.018159866	0.016940057	GARW	2036-04-01
2035-06-25	tropics	17	1.0694405	1.0762557	1.0628605	1.0737251	1.0652782	1.0719646	1.0670183	2035-06-25	tropics	17	1.0694405	1.0762557	1.0628605	1.0737251	1.0652782	1.0719646	1.0670183	2035-06-25	tropics	17	0.017546117	0.019190462	0.015915915	0.018593157	0.016507864	0.018151313	0.016940564	2035-06-25	tropics	17	0.017546117	0.019190462	0.015915915	0.018593157	0.016507864	0.018151313	0.016940564	GARW	2036-04-01
2035-06-26	tropics	17	1.069397	1.0762495	1.0628268	1.0736673	1.0652477	1.0719359	1.0669546	2035-06-26	tropics	17	1.069397	1.0762495	1.0628268	1.0736673	1.0652477	1.0719359	1.0669546	2035-06-26	tropics	17	0.01753062	0.019188683	0.015911981	0.018577898	0.016507054	0.018142164	0.016935706	2035-06-26	tropics	17	0.01753062	0.019188683	0.015911981	0.018577898	0.016507054	0.018142164	0.016935706	GARW	2036-04-01
2035-06-27	tropics	17	1.0693681	1.0762295	1.0627923	1.0736146	1.0652118	1.0719124	1.0668969	2035-06-27	tropics	17	1.0693681	1.0762295	1.0627923	1.0736146	1.0652118	1.0719124	1.0668969	2035-06-27	tropics	17	0.017519116	0.019187147	0.015903715	0.018561624	0.016498983	0.018135428	0.01692003	2035-06-27	tropics	17	0.017519116	0.019187147	0.015903715	0.018561624	0.016498983	0.018135428	0.01692003	GARW	2036-04-01
2035-06-28	tropics	17	1.0693505	1.0762035	1.062757	1.0735818	1.0651853	1.0718384	1.0668743	2035-06-28	tropics	17	1.0693505	1.0762035	1.062757	1.0735818	1.0651853	1.0718384	1.0668743	2035-06-28	tropics	17	0.017510235	0.019184286	0.015895417	0.018548345	0.01649214	0.018132418	0.016907483	2035-06-28	tropics	17	0.017510235	0.019184286	0.015895417	0.018548345	0.01649214	0.018132418	0.016907483	GARW	2036-04-01
2035-06-29	tropics	17	1.0693567	1.0761111	1.0627209	1.0735562	1.06515	1.0718148	1.066902	2035-06-29	tropics	17	1.0693567	1.0761111	1.0627209	1.0735562	1.06515	1.0718148	1.066902	2035-06-29	tropics	17	0.01750356	0.019178107	0.01588665	0.01854061	0.016483616	0.01811573	0.016895026	2035-06-29	tropics	17	0.01750356	0.019178107	0.01588665	0.01854061	0.016483616	0.01811573	0.016895026	GARW	2036-04-01
2035-06-30	tropics	17	1.0693226	1.0760398	1.062684	1.073517	1.0651114	1.071811	1.0669415	2035-06-30	tropics	17	1.0693226	1.0760398	1.062684	1.073517	1.0651114	1.071811	1.0669415	2035-06-30	tropics	17	0.017502964	0.019161565	0.015877938	0.0185292	0.016474783	0.018105835	0.016899407	2035-06-30	tropics	17	0.017502964	0.019161565	0.015877938	0.0185292	0.016474783	0.018105835	0.016899407	GARW	2036-04-01
2035-07-01	tropics	17	1.0693023	1.0759879	1.0626302	1.0734676	1.065102	1.0717705	1.0669489	2035-07-01	tropics	17	1.0693023	1.0759879	1.0626302	1.0734676	1.065102	1.0717705	1.0669489	2035-07-01	tropics	17	0.017498076	0.019139577	0.015868938	0.018525802	0.016466368	0.01810509	0.01690793	2035-07-01	tropics	17	0.017498076	0.019139577	0.015868938	0.018525802	0.016466368	0.01810509	0.01690793	GARW	2036-04-01
2035-07-02	tropics	17	1.0692427	1.075852	1.0625688	1.0734082	1.0650932	1.0716891	1.0669794	2035-07-02	tropics	17	1.0692427	1.075852	1.0625688	1.0734082	1.0650932	1.0716891	1.0669794	2035-07-02	tropics	17	0.01749432	0.019129887	0.01585765	0.018516911	0.016460191	0.01810059	0.016911268	2035-07-02	tropics	17	0.01749432	0.019129887	0.01585765	0.018516911	0.016460191	0.01810059	0.016911268	GARW	2036-04-01
2035-07-03	tropics	17	1.0691936	1.0757192	1.0625111	1.0734018	1.0650576	1.071596	1.0669421	2035-07-03	tropics	17	1.0691936	1.0757192	1.0625111	1.0734018	1.0650576	1.071596	1.0669421	2035-07-03	tropics	17	0.017478883	0.019102305	0.015842792	0.018498551	0.016458714	0.018082798	0.016918153	2035-07-03	tropics	17	0.017478883	0.019102305	0.015842792	0.018498551	0.016458714	0.018082798	0.016918153	GARW	2036-04-01
2035-07-04	tropics	17	1.0691383	1.0756178	1.0624952	1.0733322	1.0650353	1.0715466	1.0668802	2035-07-04	tropics	17	1.0691383	1.0756178	1.0624952	1.0733322	1.0650353	1.0715466	1.0668802	2035-07-04	tropics	17	0.017469168	0.019069195	0.015827421	0.018493056	0.016453803	0.018057764	0.016915947	2035-07-04	tropics	17	0.017469168	0.019069195	0.015827421	0.018493056	0.016453803	0.018057764	0.016915947	GARW	2036-04-01
2035-07-05	tropics	17	1.0690925	1.075515	1.062479	1.0732545	1.0649948	1.0715051	1.066782	2035-07-05	tropics	17	1.0690925	1.075515	1.062479	1.0732545	1.0649948	1.0715051	1.066782	2035-07-05	tropics	17	0.017454743	0.019042015	0.015820373	0.018483685	0.016446877	0.01804477	0.016905665	2035-07-05	tropics	17	0.017454743	0.019042015	0.015820373	0.018483685	0.016446877	0.01804477	0.016905665	GARW	2036-04-01
2035-07-06	tropics	17	1.0690246	1.0754176	1.0624622	1.0732474	1.0649089	1.0714433	1.0667508	2035-07-06	tropics	17	1.0690246	1.0754176	1.0624622	1.0732474	1.0649089	1.0714433	1.0667508	2035-07-06	tropics	17	0.017449856	0.019017035	0.015816603	0.01846137	0.016437257	0.018034548	0.016881675	2035-07-06	tropics	17	0.017449856	0.019017035	0.015816603	0.01846137	0.016437257	0.018034548	0.016881675	GARW	2036-04-01
2035-07-07	tropics	17	1.0689824	1.0753411	1.0624406	1.0732068	1.0648875	1.0714229	1.0667641	2035-07-07	tropics	17	1.0689824	1.0753411	1.0624406	1.0732068	1.0648875	1.0714229	1.0667641	2035-07-07	tropics	17	0.01742512	0.018991861	0.015812531	0.018455695	0.016420733	0.018020242	0.016865402	2035-07-07	tropics	17	0.01742512	0.018991861	0.015812531	0.018455695	0.016420733	0.018020242	0.016865402	GARW	2036-04-01
2035-07-08	tropics	17	1.0689335	1.0752721	1.0624186	1.0731543	1.0648893	1.0713848	1.0667497	2035-07-08	tropics	17	1.0689335	1.0752721	1.0624186	1.0731543	1.0648893	1.0713848	1.0667497	2035-07-08	tropics	17	0.017418921	0.018972492	0.01580737	0.018453322	0.016406883	0.018013418	0.016866714	2035-07-08	tropics	17	0.017418921	0.018972492	0.01580737	0.018453322	0.016406883	0.018013418	0.016866714	GARW	2036-04-01
2035-07-09	tropics	17	1.0689116	1.0752051	1.0623963	1.0731202	1.0648521	1.0713267	1.0666833	2035-07-09	tropics	17	1.0689116	1.0752051	1.0623963	1.0731202	1.0648521	1.0713267	1.0666833	2035-07-09	tropics	17	0.017403364	0.018954603	0.0158023	0.018435288	0.016408945	0.017999828	0.016866803	2035-07-09	tropics	17	0.017403364	0.018954603	0.0158023	0.018435288	0.016408945	0.017999828	0.016866803	GARW	2036-04-01
2035-07-10	tropics	17	1.068883	1.0751375	1.0623735	1.0730445	1.0648152	1.0712655	1.066649	2035-07-10	tropics	17	1.068883	1.0751375	1.0623735	1.0730445	1.0648152	1.0712655	1.066649	2035-07-10	tropics	17	0.017395496	0.018938325	0.015796741	0.018427085	0.016402412	0.017990053	0.016852349	2035-07-10	tropics	17	0.017395496	0.018938325	0.015796741	0.018427085	0.016402412	0.017990053	0.016852349	GARW	2036-04-01
2035-07-11	tropics	17	1.0688369	1.0750811	1.0623503	1.0729808	1.0647798	1.0712123	1.0666003	2035-07-11	tropics	17	1.0688369	1.0750811	1.0623503	1.0729808	1.0647798	1.0712123	1.0666003	2035-07-11	tropics	17	0.017389119	0.018921802	0.015790978	0.018412257	0.016392838	0.017972142	0.016842246	2035-07-11	tropics	17	0.017389119	0.018921802	0.015790978	0.018412257	0.016392838	0.017972142	0.016842246	GARW	2036-04-01
2035-07-12	tropics	17	1.0687943	1.0750718	1.0623369	1.0729029	1.0647523	1.0711474	1.0665567	2035-07-12	tropics	17	1.0687943	1.0750718	1.0623369	1.0729029	1.0647523	1.0711474	1.0665567	2035-07-12	tropics	17	0.017382443	0.018905375	0.015785465	0.018393219	0.016384006	0.017961234	0.016834944	2035-07-12	tropics	17	0.017382443	0.018905375	0.015785465	0.018393219	0.016384006	0.017961234	0.016834944	GARW	2036-04-01
2035-07-13	tropics	17	1.0687478	1.0750624	1.0623395	1.0728594	1.0647141	1.0711042	1.0664907	2035-07-13	tropics	17	1.0687478	1.0750624	1.0623395	1.0728594	1.0647141	1.0711042	1.0664907	2035-07-13	tropics	17	0.017369688	0.018900707	0.015779763	0.018378079	0.016377818	0.017946571	0.01682502	2035-07-13	tropics	17	0.017369688	0.018900707	0.015779763	0.018378079	0.016377818	0.017946571	0.01682502	GARW	2036-04-01
2035-07-14	tropics	17	1.0687191	1.0750544	1.0623409	1.0727886	1.0646759	1.0710948	1.0664083	2035-07-14	tropics	17	1.0687191	1.0750544	1.0623409	1.0727886	1.0646759	1.0710948	1.0664083	2035-07-14	tropics	17	0.01736039	0.018898388	0.015780676	0.018367732	0.01636833	0.017935157	0.016806066	2035-07-14	tropics	17	0.01736039	0.018898388	0.015780676	0.018367732	0.01636833	0.017935157	0.016806066	GARW	2036-04-01
2035-07-15	tropics	17	1.0686734	1.0750183	1.0623406	1.0727406	1.0646378	1.0710866	1.0663645	2035-07-15	tropics	17	1.0686734	1.0750183	1.0623406	1.0727406	1.0646378	1.0710866	1.0663645	2035-07-15	tropics	17	0.017348945	0.018896177	0.015781086	0.018347096	0.016359031	0.017927945	0.016788363	2035-07-15	tropics	17	0.017348945	0.018896177	0.015781086	0.018347096	0.016359031	0.017927945	0.016788363	GARW	2036-04-01
2035-07-16	tropics	17	1.0686362	1.0749286	1.062339	1.0727019	1.0645992	1.0710691	1.0663506	2035-07-16	tropics	17	1.0686362	1.0749286	1.062339	1.0727019	1.0645992	1.0710691	1.0663506	2035-07-16	tropics	17	0.017339528	0.018896641	0.015781147	0.018336404	0.016349424	0.017927438	0.016772717	2035-07-16	tropics	17	0.017339528	0.018896641	0.015781147	0.018336404	0.016349424	0.017927438	0.016772717	GARW	2036-04-01
2035-07-17	tropics	17	1.0685687	1.0748672	1.0623357	1.0726595	1.0645549	1.0710044	1.0663362	2035-07-17	tropics	17	1.0685687	1.0748672	1.0623357	1.0726595	1.0645549	1.0710044	1.0663362	2035-07-17	tropics	17	0.017331123	0.018871937	0.015780717	0.018325686	0.01634041	0.017929822	0.016766846	2035-07-17	tropics	17	0.017331123	0.018871937	0.015780717	0.018325686	0.01634041	0.017929822	0.016766846	GARW	2036-04-01
2035-07-18	tropics	17	1.068542	1.0748351	1.0623311	1.072608	1.0645181	1.0709598	1.0663141	2035-07-18	tropics	17	1.068542	1.0748351	1.0623311	1.072608	1.0645181	1.0709598	1.0663141	2035-07-18	tropics	17	0.017317891	0.018853337	0.015780287	0.018315602	0.016328692	0.017909259	0.016765267	2035-07-18	tropics	17	0.017317891	0.018853337	0.015780287	0.018315602	0.016328692	0.017909259	0.016765267	GARW	2036-04-01
2035-07-19	tropics	17	1.0685012	1.0747404	1.0623243	1.0725485	1.0644822	1.0709112	1.0662531	2035-07-19	tropics	17	1.0685012	1.0747404	1.0623243	1.0725485	1.0644822	1.0709112	1.0662531	2035-07-19	tropics	17	0.017310858	0.018845042	0.015779257	0.018304216	0.016320204	0.01790157	0.016761154	2035-07-19	tropics	17	0.017310858	0.018845042	0.015779257	0.018304216	0.016320204	0.01790157	0.016761154	GARW	2036-04-01
2035-07-20	tropics	17	1.0684344	1.0746268	1.0622886	1.0724652	1.0644419	1.0708687	1.0662507	2035-07-20	tropics	17	1.0684344	1.0746268	1.0622886	1.0724652	1.0644419	1.0708687	1.0662507	2035-07-20	tropics	17	0.017297149	0.01882943	0.015777862	0.018290138	0.016311502	0.01788792	0.016747385	2035-07-20	tropics	17	0.017297149	0.01882943	0.015777862	0.018290138	0.016311502	0.01788792	0.016747385	GARW	2036-04-01
2035-07-21	tropics	17	1.0683763	1.0746114	1.0622524	1.0723974	1.064402	1.0708153	1.0662296	2035-07-21	tropics	17	1.0683763	1.0746114	1.0622524	1.0723974	1.064402	1.0708153	1.0662296	2035-07-21	tropics	17	0.017282844	0.018801784	0.015771324	0.018271958	0.016301561	0.01787883	0.016741276	2035-07-21	tropics	17	0.017282844	0.018801784	0.015771324	0.018271958	0.016301561	0.01787883	0.016741276	GARW	2036-04-01
2035-07-22	tropics	17	1.0683423	1.0745561	1.0622119	1.0723037	1.0643624	1.0707285	1.0662009	2035-07-22	tropics	17	1.0683423	1.0745561	1.0622119	1.0723037	1.0643624	1.0707285	1.0662009	2035-07-22	tropics	17	0.017269313	0.018788848	0.015762508	0.018252397	0.016291928	0.017866999	0.016739845	2035-07-22	tropics	17	0.017269313	0.018788848	0.015762508	0.018252397	0.016291928	0.017866999	0.016739845	GARW	2036-04-01
2035-07-23	tropics	17	1.0683025	1.0744737	1.0621789	1.072295	1.0643069	1.0706602	1.0661662	2035-07-23	tropics	17	1.0683025	1.0744737	1.0621789	1.072295	1.0643069	1.0706602	1.0661662	2035-07-23	tropics	17	0.017257571	0.018783266	0.01575287	0.018231273	0.0162817	0.017845929	0.016733885	2035-07-23	tropics	17	0.017257571	0.018783266	0.01575287	0.018231273	0.0162817	0.017845929	0.016733885	GARW	2036-04-01
2035-07-24	tropics	17	1.0682527	1.074427	1.0621783	1.0722274	1.0642891	1.07063	1.0661324	2035-07-24	tropics	17	1.0682527	1.074427	1.0621783	1.0722274	1.0642891	1.07063	1.0661324	2035-07-24	tropics	17	0.017251134	0.018758629	0.01574267	0.018227112	0.016270112	0.017828524	0.016728222	2035-07-24	tropics	17	0.017251134	0.018758629	0.01574267	0.018227112	0.016270112	0.017828524	0.016728222	GARW	2036-04-01
2035-07-25	tropics	17	1.0682025	1.0743505	1.0621743	1.072165	1.0642732	1.0705781	1.0661409	2035-07-25	tropics	17	1.0682025	1.0743505	1.0621743	1.072165	1.0642732	1.0705781	1.0661409	2035-07-25	tropics	17	0.017239809	0.018747065	0.01574102	0.018212676	0.016263414	0.017817855	0.016713023	2035-07-25	tropics	17	0.017239809	0.018747065	0.01574102	0.018212676	0.016263414	0.017817855	0.016713023	GARW	2036-04-01
2035-07-26	tropics	17	1.0681572	1.0743343	1.062108	1.0721269	1.0642375	1.0705203	1.0661303	2035-07-26	tropics	17	1.0681572	1.0743343	1.062108	1.0721269	1.0642375	1.0705203	1.0661303	2035-07-26	tropics	17	0.017225504	0.018731859	0.015740532	0.01819508	0.016256189	0.017808437	0.016714692	2035-07-26	tropics	17	0.017225504	0.018731859	0.015740532	0.01819508	0.016256189	0.017808437	0.016714692	GARW	2036-04-01
2035-07-27	tropics	17	1.0680943	1.0742867	1.0620383	1.0720845	1.0641745	1.070462	1.0660721	2035-07-27	tropics	17	1.0680943	1.0742867	1.0620383	1.0720845	1.0641745	1.070462	1.0660721	2035-07-27	tropics	17	0.017212749	0.018722456	0.015730202	0.018185066	0.016253734	0.017793715	0.016715884	2035-07-27	tropics	17	0.017212749	0.018722456	0.015730202	0.018185066	0.016253734	0.017793715	0.016715884	GARW	2036-04-01
2035-07-28	tropics	17	1.0680258	1.074259	1.0620012	1.0720446	1.064133	1.0703877	1.0660204	2035-07-28	tropics	17	1.0680258	1.074259	1.0620012	1.0720446	1.064133	1.0703877	1.0660204	2035-07-28	tropics	17	0.017201185	0.018712789	0.015712071	0.018174982	0.016236687	0.017783284	0.01670444	2035-07-28	tropics	17	0.017201185	0.018712789	0.015712071	0.018174982	0.016236687	0.017783284	0.01670444	GARW	2036-04-01
2035-07-29	tropics	17	1.067974	1.0742359	1.0619346	1.0720589	1.064097	1.0703349	1.0660026	2035-07-29	tropics	17	1.067974	1.0742359	1.0619346	1.0720589	1.064097	1.0703349	1.0660026	2035-07-29	tropics	17	0.017181516	0.018703861	0.015700066	0.018164443	0.016225696	0.017761111	0.016689837	2035-07-29	tropics	17	0.017181516	0.018703861	0.015700066	0.018164443	0.016225696	0.017761111	0.016689837	GARW	2036-04-01
2035-07-30	tropics	17	1.0678991	1.0742117	1.0619105	1.0720191	1.0640817	1.0702975	1.0659513	2035-07-30	tropics	17	1.0678991	1.0742117	1.0619105	1.0720191	1.0640817	1.0702975	1.0659513	2035-07-30	tropics	17	0.017170668	0.018698305	0.015686477	0.018164014	0.016216421	0.017748058	0.01668179	2035-07-30	tropics	17	0.017170668	0.018698305	0.015686477	0.018164014	0.016216421	0.017748058	0.01668179	GARW	2036-04-01
2035-07-31	tropics	17	1.067861	1.0741864	1.0618895	1.072001	1.0640712	1.0702288	1.065899	2035-07-31	tropics	17	1.067861	1.0741864	1.0618895	1.072001	1.0640712	1.0702288	1.065899	2035-07-31	tropics	17	0.017152548	0.0186925	0.01567691	0.018159533	0.016210651	0.017740786	0.01667434	2035-07-31	tropics	17	0.017152548	0.0186925	0.01567691	0.018159533	0.016210651	0.017740786	0.01667434	GARW	2036-04-01
2035-08-01	tropics	17	1.0678394	1.0741601	1.0618877	1.0719296	1.0640432	1.0701765	1.0658292	2035-08-01	tropics	17	1.0678394	1.0741601	1.0618877	1.0719296	1.0640432	1.0701765	1.0658292	2035-08-01	tropics	17	0.017137527	0.018686367	0.015671248	0.018153094	0.01620767	0.017724514	0.01666373	2035-08-01	tropics	17	0.017137527	0.018686367	0.015671248	0.018153094	0.01620767	0.017724514	0.01666373	GARW	2036-04-01
2035-08-02	tropics	17	1.0677972	1.0741327	1.0618961	1.071899	1.0640222	1.0701098	1.0657881	2035-08-02	tropics	17	1.0677972	1.0741327	1.0618961	1.071899	1.0640222	1.0701098	1.0657881	2035-08-02	tropics	17	0.017133474	0.01868022	0.015669638	0.018136976	0.016201973	0.017711163	0.016643882	2035-08-02	tropics	17	0.017133474	0.01868022	0.015669638	0.018136976	0.016201973	0.017711163	0.016643882	GARW	2036-04-01
2035-08-03	tropics	17	1.0677024	1.074104	1.0619159	1.0718491	1.0640154	1.0700479	1.0657483	2035-08-03	tropics	17	1.0677024	1.074104	1.0619159	1.0718491	1.0640154	1.0700479	1.0657483	2035-08-03	tropics	17	0.01712799	0.018673487	0.015670573	0.018128108	0.01619544	0.017696142	0.016632438	2035-08-03	tropics	17	0.01712799	0.018673487	0.015670573	0.018128108	0.01619544	0.017696142	0.016632438	GARW	2036-04-01
2035-08-04	tropics	17	1.0676595	1.0740739	1.0619425	1.0718064	1.0639505	1.0700023	1.0656962	2035-08-04	tropics	17	1.0676595	1.0740739	1.0619425	1.0718064	1.0639505	1.0700023	1.0656962	2035-08-04	tropics	17	0.017106056	0.018666636	0.015672619	0.018119121	0.016192961	0.017675579	0.01662469	2035-08-04	tropics	17	0.017106056	0.018666636	0.015672619	0.018119121	0.016192961	0.017675579	0.01662469	GARW	2036-04-01
2035-08-05	tropics	17	1.0676506	1.0740427	1.0619141	1.0717901	1.0639238	1.0699675	1.0656325	2035-08-05	tropics	17	1.0676506	1.0740427	1.0619141	1.0717901	1.0639238	1.0699675	1.0656325	2035-08-05	tropics	17	0.017092943	0.018659437	0.015682096	0.018104482	0.016186714	0.017666101	0.01661414	2035-08-05	tropics	17	0.017092943	0.018659437	0.015682096	0.018104482	0.016186714	0.017666101	0.01661414	GARW	2036-04-01
2035-08-06	tropics	17	1.0675676	1.0740103	1.061864	1.0717756	1.0638745	1.0699245	1.065577	2035-08-06	tropics	17	1.0675676	1.0740103	1.061864	1.0717756	1.0638745	1.0699245	1.065577	2035-08-06	tropics	17	0.017087698	0.01865201	0.01568004	0.018100763	0.016171336	0.017656446	0.016595542	2035-08-06	tropics	17	0.017087698	0.01865201	0.01568004	0.018100763	0.016171336	0.017656446	0.016595542	GARW	2036-04-01
2035-08-07	tropics	17	1.0674863	1.0739768	1.0617818	1.0717826	1.0638222	1.0698613	1.0655229	2035-08-07	tropics	17	1.0674863	1.0739768	1.0617818	1.0717826	1.0638222	1.0698613	1.0655229	2035-08-07	tropics	17	0.017073035	0.018644094	0.015667636	0.018097544	0.01616459	0.01764673	0.016581893	2035-08-07	tropics	17	0.017073035	0.018644094	0.015667636	0.018097544	0.01616459	0.01764673	0.016581893	GARW	2036-04-01
2035-08-08	tropics	17	1.067436	1.073942	1.0617104	1.0718024	1.0638123	1.0698037	1.0654752	2035-08-08	tropics	17	1.067436	1.073942	1.0617104	1.0718024	1.0638123	1.0698037	1.0654752	2035-08-08	tropics	17	0.017050624	0.018636078	0.015650587	0.01809516	0.016149402	0.017634809	0.016568184	2035-08-08	tropics	17	0.017050624	0.018636078	0.015650587	0.01809516	0.016149402	0.017634809	0.016568184	GARW	2036-04-01
2035-08-09	tropics	17	1.0674119	1.0739062	1.0616986	1.0717924	1.0637326	1.0697572	1.0654188	2035-08-09	tropics	17	1.0674119	1.0739062	1.0616986	1.0717924	1.0637326	1.0697572	1.0654188	2035-08-09	tropics	17	0.017035723	0.018627597	0.015630145	0.018101407	0.01614442	0.017615676	0.016555786	2035-08-09	tropics	17	0.017035723	0.018627597	0.015630145	0.018101407	0.01614442	0.017615676	0.016555786	GARW	2036-04-01
2035-08-10	tropics	17	1.0673769	1.0738693	1.0616635	1.0717815	1.0637447	1.0697012	1.0653614	2035-08-10	tropics	17	1.0673769	1.0738693	1.0616635	1.0717815	1.0637447	1.0697012	1.0653614	2035-08-10	tropics	17	0.017028809	0.018618876	0.015623987	0.01810069	0.016129827	0.017607272	0.016542971	2035-08-10	tropics	17	0.017028809	0.018618876	0.015623987	0.01810069	0.016129827	0.017607272	0.016542971	GARW	2036-04-01
2035-08-11	tropics	17	1.0673735	1.0738461	1.0615932	1.0717686	1.063719	1.0696465	1.0653273	2035-08-11	tropics	17	1.0673735	1.0738461	1.0615932	1.0717686	1.063719	1.0696465	1.0653273	2035-08-11	tropics	17	0.017025113	0.01861028	0.015620345	0.018098162	0.016124273	0.017592788	0.016527534	2035-08-11	tropics	17	0.017025113	0.01861028	0.015620345	0.018098162	0.016124273	0.017592788	0.016527534	GARW	2036-04-01
2035-08-12	tropics	17	1.0673535	1.0737923	1.0615304	1.0717534	1.06365	1.0695671	1.06528	2035-08-12	tropics	17	1.0673535	1.0737923	1.0615304	1.0717534	1.06365	1.0695671	1.06528	2035-08-12	tropics	17	0.017018676	0.018601436	0.015603012	0.018098855	0.016121149	0.017579854	0.016520202	2035-08-12	tropics	17	0.017018676	0.018601436	0.015603012	0.018098855	0.016121149	0.017579854	0.016520202	GARW	2036-04-01
2035-08-13	tropics	17	1.0673399	1.0737524	1.0614737	1.0717375	1.0635802	1.0695224	1.0652461	2035-08-13	tropics	17	1.0673399	1.0737524	1.0614737	1.0717375	1.0635802	1.0695224	1.0652461	2035-08-13	tropics	17	0.01701343	0.018593157	0.015586441	0.018090988	0.016110992	0.01756394	0.016507804	2035-08-13	tropics	17	0.01701343	0.018593157	0.015586441	0.018090988	0.016110992	0.01756394	0.016507804	GARW	2036-04-01
2035-08-14	tropics	17	1.0672878	1.0737519	1.0614163	1.0716462	1.0635475	1.0694687	1.0652229	2035-08-14	tropics	17	1.0672878	1.0737519	1.0614163	1.0716462	1.0635475	1.0694687	1.0652229	2035-08-14	tropics	17	0.01701045	0.018581932	0.015572536	0.018088197	0.016092777	0.017546773	0.01649791	2035-08-14	tropics	17	0.01701045	0.018581932	0.015572536	0.018088197	0.016092777	0.017546773	0.01649791	GARW	2036-04-01
2035-08-15	tropics	17	1.0672281	1.0737833	1.0613846	1.0716262	1.0634686	1.0694268	1.0651939	2035-08-15	tropics	17	1.0672281	1.0737833	1.0613846	1.0716262	1.0634686	1.0694268	1.0651939	2035-08-15	tropics	17	0.017003179	0.01857534	0.015558392	0.018070579	0.016078139	0.017537594	0.016489804	2035-08-15	tropics	17	0.017003179	0.01857534	0.015558392	0.018070579	0.016078139	0.017537594	0.016489804	GARW	2036-04-01
2035-08-16	tropics	17	1.0672269	1.073817	1.0613546	1.0716051	1.063461	1.0693622	1.065162	2035-08-16	tropics	17	1.0672269	1.073817	1.0613546	1.0716051	1.063461	1.0693622	1.065162	2035-08-16	tropics	17	0.016986847	0.018583018	0.015547889	0.018060826	0.016065646	0.01752454	0.016485572	2035-08-16	tropics	17	0.016986847	0.018583018	0.015547889	0.018060826	0.016065646	0.01752454	0.016485572	GARW	2036-04-01
2035-08-17	tropics	17	1.0671964	1.0738648	1.0613263	1.071583	1.0634675	1.0693202	1.0651422	2035-08-17	tropics	17	1.0671964	1.0738648	1.0613263	1.071583	1.0634675	1.0693202	1.0651422	2035-08-17	tropics	17	0.016981602	0.018590642	0.015540528	0.018055962	0.01605599	0.017509818	0.016477764	2035-08-17	tropics	17	0.016981602	0.018590642	0.015540528	0.018055962	0.01605599	0.017509818	0.016477764	GARW	2036-04-01
2035-08-18	tropics	17	1.0671724	1.073829	1.0612977	1.07156	1.0634698	1.0692797	1.0651442	2035-08-18	tropics	17	1.0671724	1.073829	1.0612977	1.07156	1.0634698	1.0692797	1.0651442	2035-08-18	tropics	17	0.016978383	0.018602796	0.015533191	0.018050693	0.016057301	0.017498672	0.01647383	2035-08-18	tropics	17	0.016978383	0.018602796	0.015533191	0.018050693	0.016057301	0.017498672	0.01647383	GARW	2036-04-01
2035-08-19	tropics	17	1.0670966	1.073794	1.0612688	1.0715336	1.0634885	1.0692644	1.0651076	2035-08-19	tropics	17	1.0670966	1.073794	1.0612688	1.0715336	1.0634885	1.0692644	1.0651076	2035-08-19	tropics	17	0.016967058	0.018599989	0.015526361	0.01804497	0.016058613	0.017488778	0.01647079	2035-08-19	tropics	17	0.016967058	0.018599989	0.015526361	0.01804497	0.016058613	0.017488778	0.01647079	GARW	2036-04-01
2035-08-20	tropics	17	1.067093	1.0737597	1.0612417	1.0714998	1.0634286	1.0692521	1.0650623	2035-08-20	tropics	17	1.067093	1.0737597	1.0612417	1.0714998	1.0634286	1.0692521	1.0650623	2035-08-20	tropics	17	0.016955972	0.018591298	0.015519232	0.018039344	0.016062712	0.017481148	0.016462624	2035-08-20	tropics	17	0.016955972	0.018591298	0.015519232	0.018039344	0.016062712	0.017481148	0.016462624	GARW	2036-04-01
2035-08-21	tropics	17	1.06703	1.0737269	1.061235	1.071468	1.0633968	1.0692117	1.0650249	2035-08-21	tropics	17	1.06703	1.0737269	1.061235	1.071468	1.0633968	1.0692117	1.0650249	2035-08-21	tropics	17	0.01695013	0.018582823	0.015512205	0.01803112	0.01605389	0.017478228	0.016453505	2035-08-21	tropics	17	0.01695013	0.018582823	0.015512205	0.01803112	0.01605389	0.017478228	0.016453505	GARW	2036-04-01
2035-08-22	tropics	17	1.066983	1.0736991	1.0612555	1.0714564	1.0633595	1.0691931	1.0649985	2035-08-22	tropics	17	1.066983	1.0736991	1.0612555	1.0714564	1.0633595	1.0691931	1.0649985	2035-08-22	tropics	17	0.016942024	0.01857471	0.01550662	0.01802237	0.016044164	0.017470956	0.01644659	2035-08-22	tropics	17	0.016942024	0.01857471	0.01550662	0.01802237	0.016044164	0.017470956	0.01644659	GARW	2036-04-01
2035-08-23	tropics	17	1.0669441	1.0736723	1.0612763	1.071435	1.063347	1.0691723	1.0650212	2035-08-23	tropics	17	1.0669441	1.0736723	1.0612763	1.071435	1.063347	1.0691723	1.0650212	2035-08-23	tropics	17	0.016927004	0.018567462	0.01551165	0.018016314	0.016034007	0.017463744	0.016433	2035-08-23	tropics	17	0.016927004	0.018567462	0.01551165	0.018016314	0.016034007	0.017463744	0.016433	GARW	2036-04-01
2035-08-24	tropics	17	1.0668908	1.0736706	1.0612977	1.0713753	1.0632999	1.0691503	1.0650029	2035-08-24	tropics	17	1.0668908	1.0736706	1.0612977	1.0713753	1.0632999	1.0691503	1.0650029	2035-08-24	tropics	17	0.01691699	0.018560816	0.01551677	0.018018246	0.01602993	0.01745981	0.016438425	2035-08-24	tropics	17	0.01691699	0.018560816	0.01551677	0.018018246	0.01602993	0.01745981	0.016438425	GARW	2036-04-01
2035-08-25	tropics	17	1.0668633	1.0736779	1.0612838	1.0713125	1.0632602	1.0691168	1.0649873	2035-08-25	tropics	17	1.0668633	1.0736779	1.0612838	1.0713125	1.0632602	1.0691168	1.0649873	2035-08-25	tropics	17	0.016906023	0.018557694	0.015521854	0.018001556	0.016023636	0.017456591	0.016438365	2035-08-25	tropics	17	0.016906023	0.018557694	0.015521854	0.018001556	0.016023636	0.017456591	0.016438365	GARW	2036-04-01
2035-08-26	tropics	17	1.0668571	1.0736862	1.0612681	1.0712743	1.0632309	1.0690799	1.0649774	2035-08-26	tropics	17	1.0668571	1.0736862	1.0612681	1.0712743	1.0632309	1.0690799	1.0649774	2035-08-26	tropics	17	0.01689291	0.018559214	0.0155220805	0.01798885	0.016010165	0.017448366	0.016432345	2035-08-26	tropics	17	0.01689291	0.018559214	0.0155220805	0.01798885	0.016010165	0.017448366	0.016432345	GARW	2036-04-01
2035-08-27	tropics	17	1.0668724	1.0736953	1.0612512	1.0712371	1.0631484	1.0690535	1.0649583	2035-08-27	tropics	17	1.0668724	1.0736953	1.0612512	1.0712371	1.0631484	1.0690535	1.0649583	2035-08-27	tropics	17	0.016891122	0.018561222	0.015518058	0.017970275	0.01600263	0.017439604	0.016428113	2035-08-27	tropics	17	0.016891122	0.018561222	0.015518058	0.017970275	0.01600263	0.017439604	0.016428113	GARW	2036-04-01
2035-08-28	tropics	17	1.066838	1.0737052	1.0612329	1.0711979	1.0631307	1.0690043	1.0648975	2035-08-28	tropics	17	1.066838	1.0737052	1.0612329	1.0711979	1.0631307	1.0690043	1.0648975	2035-08-28	tropics	17	0.016894817	0.018563231	0.015514135	0.017965578	0.015987277	0.017430961	0.016430616	2035-08-28	tropics	17	0.016894817	0.018563231	0.015514135	0.017965578	0.015987277	0.017430961	0.016430616	GARW	2036-04-01
2035-08-29	tropics	17	1.0668266	1.073716	1.0612109	1.0711366	1.0630976	1.0689492	1.0648503	2035-08-29	tropics	17	1.0668266	1.073716	1.0612109	1.0711366	1.0630976	1.0689492	1.0648503	2035-08-29	tropics	17	0.01688993	0.018565843	0.015509749	0.017959785	0.015980005	0.017422915	0.016415358	2035-08-29	tropics	17	0.01688993	0.018565843	0.015509749	0.017959785	0.015980005	0.017422915	0.016415358	GARW	2036-04-01
2035-08-30	tropics	17	1.0667859	1.0737047	1.0611852	1.0710721	1.0630611	1.0689075	1.064827	2035-08-30	tropics	17	1.0667859	1.0737047	1.0611852	1.0710721	1.0630611	1.0689075	1.064827	2035-08-30	tropics	17	0.016883373	0.018568227	0.015504711	0.01794517	0.015968014	0.017409086	0.016402245	2035-08-30	tropics	17	0.016883373	0.018568227	0.015504711	0.01794517	0.015968014	0.017409086	0.016402245	GARW	2036-04-01
2035-08-31	tropics	17	1.0667543	1.0736812	1.0611144	1.0710343	1.0630233	1.0688567	1.0648274	2035-08-31	tropics	17	1.0667543	1.0736812	1.0611144	1.0710343	1.0630233	1.0688567	1.0648274	2035-08-31	tropics	17	0.016875505	0.01856871	0.015498996	0.017929506	0.015962552	0.017396033	0.01639229	2035-08-31	tropics	17	0.016875505	0.01856871	0.015498996	0.017929506	0.015962552	0.017396033	0.01639229	GARW	2036-04-01
2035-09-01	tropics	17	1.0667406	1.0736574	1.0610602	1.0710448	1.0630084	1.0688543	1.0648166	2035-09-01	tropics	17	1.0667406	1.0736574	1.0610602	1.0710448	1.0630084	1.0688543	1.0648166	2035-09-01	tropics	17	0.016870618	0.018562831	0.015485037	0.017917681	0.015951682	0.017387569	0.01639378	2035-09-01	tropics	17	0.016870618	0.018562831	0.015485037	0.017917681	0.015951682	0.017387569	0.01639378	GARW	2036-04-01
2035-09-02	tropics	17	1.0667273	1.0736332	1.0610286	1.0710046	1.0630311	1.0688294	1.064773	2035-09-02	tropics	17	1.0667273	1.0736332	1.0610286	1.0710046	1.0630311	1.0688294	1.064773	2035-09-02	tropics	17	0.016863585	0.018557182	0.015468668	0.01791351	0.015943026	0.01738137	0.016393542	2035-09-02	tropics	17	0.016863585	0.018557182	0.015468668	0.01791351	0.015943026	0.01738137	0.016393542	GARW	2036-04-01
2035-09-03	tropics	17	1.0667027	1.0736169	1.0610111	1.0710807	1.0629938	1.068797	1.064712	2035-09-03	tropics	17	1.0667027	1.0736169	1.0610111	1.0710807	1.0629938	1.068797	1.064712	2035-09-03	tropics	17	0.016858935	0.018551406	0.015459459	0.017911147	0.015948582	0.017376542	0.016385615	2035-09-03	tropics	17	0.016858935	0.018551406	0.015459459	0.017911147	0.015948582	0.017376542	0.016385615	GARW	2036-04-01
2035-09-04	tropics	17	1.0667056	1.0736023	1.0610265	1.0710361	1.0629795	1.0688065	1.064682	2035-09-04	tropics	17	1.0667056	1.0736023	1.0610265	1.0710361	1.0629795	1.0688065	1.064682	2035-09-04	tropics	17	0.016855836	0.018545266	0.015454311	0.017921805	0.015944744	0.01736778	0.016368687	2035-09-04	tropics	17	0.016855836	0.018545266	0.015454311	0.017921805	0.015944744	0.01736778	0.016368687	GARW	2036-04-01
2035-09-05	tropics	17	1.0666648	1.0735803	1.0610435	1.070999	1.0629959	1.0688004	1.0647181	2035-09-05	tropics	17	1.0666648	1.0735803	1.0610435	1.070999	1.0629959	1.0688004	1.0647181	2035-09-05	tropics	17	0.016852021	0.018543614	0.015455419	0.017918563	0.01593628	0.017368734	0.016355574	2035-09-05	tropics	17	0.016852021	0.018543614	0.015455419	0.017918563	0.01593628	0.017368734	0.016355574	GARW	2036-04-01
2035-09-06	tropics	17	1.0665939	1.0735569	1.0610623	1.07096	1.0629175	1.0687947	1.064705	2035-09-06	tropics	17	1.0665939	1.0735569	1.0610623	1.07096	1.0629175	1.0687947	1.064705	2035-09-06	tropics	17	0.016849756	0.01853847	0.015459543	0.017908812	0.015943717	0.017368317	0.0163638	2035-09-06	tropics	17	0.016849756	0.01853847	0.015459543	0.017908812	0.015943717	0.017368317	0.0163638	GARW	2036-04-01
2035-09-07	tropics	17	1.0665368	1.073593	1.0610828	1.0709217	1.0628827	1.068743	1.0647335	2035-09-07	tropics	17	1.0665368	1.073593	1.0610828	1.0709217	1.0628827	1.068743	1.0647335	2035-09-07	tropics	17	0.016832948	0.018532759	0.015463894	0.017899584	0.015933609	0.017366827	0.016364634	2035-09-07	tropics	17	0.016832948	0.018532759	0.015463894	0.017899584	0.015933609	0.017366827	0.016364634	GARW	2036-04-01
2035-09-08	tropics	17	1.0665078	1.073591	1.0610995	1.0708832	1.0628561	1.0687323	1.0646929	2035-09-08	tropics	17	1.0665078	1.073591	1.0610995	1.0708832	1.0628561	1.0687323	1.0646929	2035-09-08	tropics	17	0.016817927	0.018536085	0.015468895	0.017890096	0.015919875	0.017356038	0.016368806	2035-09-08	tropics	17	0.016817927	0.018536085	0.015468895	0.017890096	0.015919875	0.017356038	0.016368806	GARW	2036-04-01
2035-09-09	tropics	17	1.0665001	1.0735152	1.061084	1.0708457	1.0628405	1.0686944	1.0646821	2035-09-09	tropics	17	1.0665001	1.0735152	1.061084	1.0708457	1.0628405	1.0686944	1.0646821	2035-09-09	tropics	17	0.016807437	0.018541062	0.015474271	0.017880773	0.015909076	0.01735121	0.016365528	2035-09-09	tropics	17	0.016807437	0.018541062	0.015474271	0.017880773	0.015909076	0.01735121	0.016365528	GARW	2036-04-01
2035-09-10	tropics	17	1.0665234	1.0734411	1.0610605	1.0708103	1.0628259	1.0686394	1.0646749	2035-09-10	tropics	17	1.0665234	1.0734411	1.0610605	1.0708103	1.0628259	1.0686394	1.0646749	2035-09-10	tropics	17	0.016805887	0.018526817	0.015472388	0.017871283	0.015904855	0.017344117	0.016362965	2035-09-10	tropics	17	0.016805887	0.018526817	0.015472388	0.017871283	0.015904855	0.017344117	0.016362965	GARW	2036-04-01
2035-09-11	tropics	17	1.066544	1.0734011	1.0610112	1.070777	1.0627922	1.0686117	1.0646284	2035-09-11	tropics	17	1.066544	1.0734011	1.0610112	1.070777	1.0627922	1.0686117	1.0646284	2035-09-11	tropics	17	0.016807437	0.018508917	0.01546827	0.01786232	0.015901636	0.01733327	0.016352236	2035-09-11	tropics	17	0.016807437	0.018508917	0.01546827	0.01786232	0.015901636	0.01733327	0.016352236	GARW	2036-04-01
2035-09-12	tropics	17	1.0665014	1.0733846	1.0609493	1.0707463	1.062757	1.0685493	1.0646579	2035-09-12	tropics	17	1.0665014	1.0733846	1.0609493	1.0707463	1.062757	1.0685493	1.0646579	2035-09-12	tropics	17	0.01681304	0.018493546	0.015458334	0.017854262	0.0158947	0.017324686	0.016346157	2035-09-12	tropics	17	0.01681304	0.018493546	0.015458334	0.017854262	0.0158947	0.017324686	0.016346157	GARW	2036-04-01
2035-09-13	tropics	17	1.0664579	1.0733355	1.0608904	1.0707148	1.0627195	1.0685494	1.0646286	2035-09-13	tropics	17	1.0664579	1.0733355	1.0608904	1.0707148	1.0627195	1.0685494	1.0646286	2035-09-13	tropics	17	0.016809106	0.0184914	0.0154430745	0.017846273	0.015886689	0.017311871	0.01634711	2035-09-13	tropics	17	0.016809106	0.0184914	0.0154430745	0.017846273	0.015886689	0.017311871	0.01634711	GARW	2036-04-01
2035-09-14	tropics	17	1.0664605	1.0733047	1.0608342	1.070677	1.0627081	1.0685327	1.0646007	2035-09-14	tropics	17	1.0664605	1.0733047	1.0608342	1.070677	1.0627081	1.0685327	1.0646007	2035-09-14	tropics	17	0.016794205	0.018479299	0.015428227	0.017839216	0.015876627	0.017305791	0.016347826	2035-09-14	tropics	17	0.016794205	0.018479299	0.015428227	0.017839216	0.015876627	0.017305791	0.016347826	GARW	2036-04-01
2035-09-15	tropics	17	1.066481	1.0732497	1.0607615	1.0706593	1.062685	1.0685123	1.0645583	2035-09-15	tropics	17	1.066481	1.0732497	1.0607615	1.0706593	1.062685	1.0685123	1.0645583	2035-09-15	tropics	17	0.01679349	0.018471856	0.015414333	0.01782999	0.015873814	0.017305493	0.016339302	2035-09-15	tropics	17	0.01679349	0.018471856	0.015414333	0.01782999	0.015873814	0.017305493	0.016339302	GARW	2036-04-01
2035-09-16	tropics	17	1.0665	1.0731956	1.0606856	1.0706384	1.0626745	1.0684879	1.0645349	2035-09-16	tropics	17	1.0665	1.0731956	1.0606856	1.0706384	1.0626745	1.0684879	1.0645349	2035-09-16	tropics	17	0.016797543	0.01846041	0.015398324	0.017821504	0.015865779	0.017299056	0.016331732	2035-09-16	tropics	17	0.016797543	0.01846041	0.015398324	0.017821504	0.015865779	0.017299056	0.016331732	GARW	2036-04-01
2035-09-17	tropics	17	1.0664623	1.0731418	1.0606109	1.0706341	1.0626166	1.0685295	1.0645463	2035-09-17	tropics	17	1.0664623	1.0731418	1.0606109	1.0706341	1.0626166	1.0685295	1.0645463	2035-09-17	tropics	17	0.016804814	0.018447096	0.01537919	0.017822051	0.015864205	0.017294168	0.01632148	2035-09-17	tropics	17	0.016804814	0.018447096	0.01537919	0.017822051	0.015864205	0.017294168	0.01632148	GARW	2036-04-01
2035-09-18	tropics	17	1.0664444	1.0730897	1.0605416	1.0706124	1.0625739	1.0685067	1.0645494	2035-09-18	tropics	17	1.0664444	1.0730897	1.0605416	1.0706124	1.0625739	1.0685067	1.0645494	2035-09-18	tropics	17	0.016795397	0.018433804	0.015360678	0.017817521	0.015854646	0.01729846	0.016321957	2035-09-18	tropics	17	0.016795397	0.018433804	0.015360678	0.017817521	0.015854646	0.01729846	0.016321957	GARW	2036-04-01
2035-09-19	tropics	17	1.0664377	1.0730693	1.0605501	1.0705674	1.0626199	1.0684913	1.064528	2035-09-19	tropics	17	1.0664377	1.0730693	1.0605501	1.0705674	1.0626199	1.0684913	1.064528	2035-09-19	tropics	17	0.016789794	0.018420875	0.015342754	0.01781342	0.015838409	0.017297685	0.016322792	2035-09-19	tropics	17	0.016789794	0.018420875	0.015342754	0.01781342	0.015838409	0.017297685	0.016322792	GARW	2036-04-01
2035-09-20	tropics	17	1.0664427	1.07305	1.0605507	1.0705225	1.0626398	1.0684644	1.0645198	2035-09-20	tropics	17	1.0664427	1.07305	1.0605507	1.0705225	1.0626398	1.0684644	1.0645198	2035-09-20	tropics	17	0.016789079	0.018413264	0.015338314	0.017804002	0.01584518	0.01729238	0.016322076	2035-09-20	tropics	17	0.016789079	0.018413264	0.015338314	0.017804002	0.01584518	0.01729238	0.016322076	GARW	2036-04-01
2035-09-21	tropics	17	1.0664241	1.0730245	1.0605118	1.0704782	1.0626453	1.0684419	1.0644938	2035-09-21	tropics	17	1.0664241	1.0730245	1.0605118	1.0704782	1.0626453	1.0684419	1.0644938	2035-09-21	tropics	17	0.016788483	0.018408502	0.015340752	0.01779332	0.015853906	0.017287731	0.016319275	2035-09-21	tropics	17	0.016788483	0.018408502	0.015340752	0.01779332	0.015853906	0.017287731	0.016319275	GARW	2036-04-01
2035-09-22	tropics	17	1.0664034	1.0730106	1.060475	1.0705292	1.0626668	1.0684009	1.0644937	2035-09-22	tropics	17	1.0664034	1.0730106	1.060475	1.0705292	1.0626668	1.0684009	1.0644937	2035-09-22	tropics	17	0.016786456	0.01840194	0.015333235	0.017782234	0.015855217	0.017280757	0.016311407	2035-09-22	tropics	17	0.016786456	0.01840194	0.015333235	0.017782234	0.015855217	0.017280757	0.016311407	GARW	2036-04-01
2035-09-23	tropics	17	1.0663775	1.0729967	1.0604392	1.0705469	1.062651	1.0683897	1.0644526	2035-09-23	tropics	17	1.0663775	1.0729967	1.0604392	1.0705469	1.062651	1.0683897	1.0644526	2035-09-23	tropics	17	0.016784906	0.018398447	0.015324068	0.017784452	0.01586163	0.017273366	0.01631099	2035-09-23	tropics	17	0.016784906	0.018398447	0.015324068	0.017784452	0.01586163	0.017273366	0.01631099	GARW	2036-04-01
2035-09-24	tropics	17	1.0663741	1.0729814	1.0604055	1.0705581	1.0626268	1.0683899	1.064436	2035-09-24	tropics	17	1.0663741	1.0729814	1.0604055	1.0705581	1.0626268	1.0683899	1.064436	2035-09-24	tropics	17	0.0167737	0.018395437	0.015315086	0.017795442	0.015856266	0.017267883	0.016303897	2035-09-24	tropics	17	0.0167737	0.018395437	0.015315086	0.017795442	0.015856266	0.017267883	0.016303897	GARW	2036-04-01
2035-09-25	tropics	17	1.0663432	1.0729294	1.060368	1.0705155	1.0626364	1.0684016	1.0644205	2035-09-25	tropics	17	1.0663432	1.0729294	1.060368	1.0705155	1.0626364	1.0684016	1.0644205	2035-09-25	tropics	17	0.016771793	0.018391587	0.0153065855	0.017797185	0.015852833	0.017265737	0.016298175	2035-09-25	tropics	17	0.016771793	0.018391587	0.0153065855	0.017797185	0.015852833	0.017265737	0.016298175	GARW	2036-04-01
2035-09-26	tropics	17	1.0663291	1.0728763	1.0603155	1.0704967	1.0626664	1.0684044	1.0644519	2035-09-26	tropics	17	1.0663291	1.0728763	1.0603155	1.0704967	1.0626664	1.0684044	1.0644519	2035-09-26	tropics	17	0.01676917	0.018382192	0.015298701	0.017789079	0.015853668	0.01726985	0.016291618	2035-09-26	tropics	17	0.01676917	0.018382192	0.015298701	0.017789079	0.015853668	0.01726985	0.016291618	GARW	2036-04-01
2035-09-27	tropics	17	1.0663542	1.07284	1.0602748	1.0704488	1.0626308	1.0683994	1.0644634	2035-09-27	tropics	17	1.0663542	1.07284	1.0602748	1.0704488	1.0626308	1.0683994	1.0644634	2035-09-27	tropics	17	0.016758084	0.01836908	0.015286273	0.017784763	0.015856957	0.017266631	0.016297102	2035-09-27	tropics	17	0.016758084	0.01836908	0.015286273	0.017784763	0.015856957	0.017266631	0.016297102	GARW	2036-04-01
2035-09-28	tropics	17	1.0663443	1.0727965	1.0602658	1.0703977	1.0625731	1.0683578	1.0644534	2035-09-28	tropics	17	1.0663443	1.0727965	1.0602658	1.0703977	1.0625731	1.0683578	1.0644534	2035-09-28	tropics	17	0.016761541	0.018357778	0.015273404	0.017775822	0.01585741	0.01726991	0.016305625	2035-09-28	tropics	17	0.016761541	0.018357778	0.015273404	0.017775822	0.01585741	0.01726991	0.016305625	GARW	2036-04-01
2035-09-29	tropics	17	1.0663464	1.0727559	1.0602136	1.0704138	1.0625287	1.0683353	1.0644157	2035-09-29	tropics	17	1.0663464	1.0727559	1.0602136	1.0704138	1.0625287	1.0683353	1.0644157	2035-09-29	tropics	17	0.016767263	0.018348886	0.01526953	0.017763184	0.015843105	0.017262697	0.016299784	2035-09-29	tropics	17	0.016767263	0.018348886	0.01526953	0.017763184	0.015843105	0.017262697	0.016299784	GARW	2036-04-01
2035-09-30	tropics	17	1.0663564	1.0726913	1.0601621	1.0703615	1.0624819	1.0683374	1.0643816	2035-09-30	tropics	17	1.0663564	1.0726913	1.0601621	1.0703615	1.0624819	1.0683374	1.0643816	2035-09-30	tropics	17	0.01676321	0.018338507	0.015261114	0.017760944	0.015831208	0.017253637	0.016295493	2035-09-30	tropics	17	0.01676321	0.018338507	0.015261114	0.017760944	0.015831208	0.017253637	0.016295493	GARW	2036-04-01
2035-10-01	tropics	17	1.0663056	1.0726202	1.0601658	1.0702983	1.0624789	1.0683641	1.064398	2035-10-01	tropics	17	1.0663056	1.0726202	1.0601658	1.0702983	1.0624789	1.0683641	1.064398	2035-10-01	tropics	17	0.01676929	0.018325597	0.015248429	0.017755914	0.015821362	0.017251551	0.016285121	2035-10-01	tropics	17	0.01676929	0.018325597	0.015248429	0.017755914	0.015821362	0.017251551	0.016285121	GARW	2036-04-01
2035-10-02	tropics	17	1.0663162	1.0725552	1.0601165	1.070377	1.062504	1.068377	1.0644169	2035-10-02	tropics	17	1.0663162	1.0725552	1.0601165	1.070377	1.062504	1.068377	1.0644169	2035-10-02	tropics	17	0.016762137	0.018308068	0.015243644	0.017738987	0.015812898	0.017257512	0.016285121	2035-10-02	tropics	17	0.016762137	0.018308068	0.015243644	0.017738987	0.015812898	0.017257512	0.016285121	GARW	2036-04-01
2035-10-03	tropics	17	1.0663445	1.0724875	1.0600904	1.0703555	1.0625302	1.0683756	1.0643854	2035-10-03	tropics	17	1.0663445	1.0724875	1.0600904	1.0703555	1.0625302	1.0683756	1.0643854	2035-10-03	tropics	17	0.016755462	0.01829089	0.015236223	0.017746544	0.015818859	0.017264843	0.016291082	2035-10-03	tropics	17	0.016755462	0.01829089	0.015236223	0.017746544	0.015818859	0.017264843	0.016291082	GARW	2036-04-01
2035-10-04	tropics	17	1.0663773	1.0724298	1.0600944	1.0703309	1.0625571	1.0683397	1.0643557	2035-10-04	tropics	17	1.0663773	1.0724298	1.0600944	1.0703309	1.0625571	1.0683397	1.0643557	2035-10-04	tropics	17	0.016763926	0.018275423	0.015225828	0.01775167	0.015825128	0.017264187	0.016288996	2035-10-04	tropics	17	0.016763926	0.018275423	0.015225828	0.01775167	0.015825128	0.017264187	0.016288996	GARW	2036-04-01
2035-10-05	tropics	17	1.0663922	1.0723999	1.0601374	1.0703658	1.062585	1.0682737	1.0643055	2035-10-05	tropics	17	1.0663922	1.0723999	1.0601374	1.0703658	1.062585	1.0682737	1.0643055	2035-10-05	tropics	17	0.01677084	0.018258817	0.015226983	0.017744064	0.015831828	0.01726228	0.01627928	2035-10-05	tropics	17	0.01677084	0.018258817	0.015226983	0.017744064	0.015831828	0.01726228	0.01627928	GARW	2036-04-01
2035-10-06	tropics	17	1.0664183	1.072399	1.0601491	1.0704081	1.0626136	1.0682881	1.0643121	2035-10-06	tropics	17	1.0664183	1.072399	1.0601491	1.0704081	1.0626136	1.0682881	1.0643121	2035-10-06	tropics	17	0.016775012	0.018250866	0.015233403	0.017746354	0.015838552	0.01723969	0.016267955	2035-10-06	tropics	17	0.016775012	0.018250866	0.015233403	0.017746354	0.015838552	0.01723969	0.016267955	GARW	2036-04-01
2035-10-07	tropics	17	1.066401	1.072412	1.0601016	1.0704327	1.0625637	1.0682847	1.0643247	2035-10-07	tropics	17	1.066401	1.072412	1.0601016	1.0704327	1.0625637	1.0682847	1.0643247	2035-10-07	tropics	17	0.016780138	0.018244678	0.015241307	0.017757844	0.015845466	0.017240047	0.016266584	2035-10-07	tropics	17	0.016780138	0.018244678	0.015241307	0.017757844	0.015845466	0.017240047	0.016266584	GARW	2036-04-01
2035-10-08	tropics	17	1.066384	1.0723863	1.0600336	1.0704575	1.0625952	1.0682931	1.0643371	2035-10-08	tropics	17	1.066384	1.0723863	1.0600336	1.0704575	1.0625952	1.0682931	1.0643371	2035-10-08	tropics	17	0.016782522	0.018250208	0.015234947	0.01776743	0.015841197	0.017244041	0.016267061	2035-10-08	tropics	17	0.016782522	0.018250208	0.015234947	0.01776743	0.015841197	0.017244041	0.016267061	GARW	2036-04-01
2035-10-09	tropics	17	1.0663823	1.0723773	1.0599663	1.0704144	1.0625964	1.0683037	1.0643353	2035-10-09	tropics	17	1.0663823	1.0723773	1.0599663	1.0704144	1.0625964	1.0683037	1.0643353	2035-10-09	tropics	17	0.016774058	0.018246775	0.015218162	0.01776905	0.015845537	0.017242491	0.016271293	2035-10-09	tropics	17	0.016774058	0.018246775	0.015218162	0.01776905	0.015845537	0.017242491	0.016271293	GARW	2036-04-01
2035-10-10	tropics	17	1.0663686	1.0723621	1.0599201	1.0703892	1.0625595	1.0683205	1.0643461	2035-10-10	tropics	17	1.0663686	1.0723621	1.0599201	1.0703892	1.0625595	1.0683205	1.0643461	2035-10-10	tropics	17	0.016774297	0.018242814	0.015201366	0.017767048	0.01584282	0.017244399	0.016272426	2035-10-10	tropics	17	0.016774297	0.018242814	0.015201366	0.017767048	0.01584282	0.017244399	0.016272426	GARW	2036-04-01
2035-10-11	tropics	17	1.0664043	1.0723792	1.0598902	1.070402	1.0625187	1.0683136	1.0643281	2035-10-11	tropics	17	1.0664043	1.0723792	1.0598902	1.070402	1.0625187	1.0683136	1.0643281	2035-10-11	tropics	17	0.016770244	0.018240416	0.015186673	0.017755484	0.015842032	0.017249107	0.016273558	2035-10-11	tropics	17	0.016770244	0.018240416	0.015186673	0.017755484	0.015842032	0.017249107	0.016273558	GARW	2036-04-01
2035-10-12	tropics	17	1.0664307	1.0723948	1.0598615	1.0704135	1.062489	1.0683022	1.064348	2035-10-12	tropics	17	1.0664307	1.0723948	1.0598615	1.0704135	1.062489	1.0683022	1.064348	2035-10-12	tropics	17	0.016775966	0.018241817	0.015179229	0.017758727	0.015827417	0.01725012	0.01627189	2035-10-12	tropics	17	0.016775966	0.018241817	0.015179229	0.017758727	0.015827417	0.01725012	0.01627189	GARW	2036-04-01
2035-10-13	tropics	17	1.0664582	1.0724087	1.0598341	1.0704089	1.0624654	1.0683051	1.0643443	2035-10-13	tropics	17	1.0664582	1.0724087	1.0598341	1.0704089	1.0624654	1.0683051	1.0643443	2035-10-13	tropics	17	0.016786575	0.018245662	0.015171999	0.017761825	0.015820075	0.01724565	0.016269803	2035-10-13	tropics	17	0.016786575	0.018245662	0.015171999	0.017761825	0.015820075	0.01724565	0.016269803	GARW	2036-04-01
2035-10-14	tropics	17	1.0664654	1.0724204	1.0597956	1.0704284	1.0624505	1.0682896	1.0643718	2035-10-14	tropics	17	1.0664654	1.0724204	1.0597956	1.0704284	1.0624505	1.0682896	1.0643718	2035-10-14	tropics	17	0.016791224	0.018249381	0.0151651325	0.01775968	0.015812945	0.017247915	0.016270995	2035-10-14	tropics	17	0.016791224	0.018249381	0.0151651325	0.01775968	0.015812945	0.017247915	0.016270995	GARW	2036-04-01
2035-10-15	tropics	17	1.0664363	1.0724328	1.0597793	1.070397	1.0624328	1.0682801	1.0643615	2035-10-15	tropics	17	1.0664363	1.0724328	1.0597793	1.070397	1.0624328	1.0682801	1.0643615	2035-10-15	tropics	17	0.016794324	0.018252375	0.015157372	0.017764807	0.015809227	0.017241001	0.016279638	2035-10-15	tropics	17	0.016794324	0.018252375	0.015157372	0.017764807	0.015809227	0.017241001	0.016279638	GARW	2036-04-01
2035-10-16	tropics	17	1.066432	1.0724579	1.0597752	1.0704471	1.0624415	1.0682666	1.0643455	2035-10-16	tropics	17	1.066432	1.0724579	1.0597752	1.0704471	1.0624415	1.0682666	1.0643455	2035-10-16	tropics	17	0.016791224	0.018254764	0.015149331	0.017765857	0.01580434	0.017241657	0.01627928	2035-10-16	tropics	17	0.016791224	0.018254764	0.015149331	0.017765857	0.01580434	0.017241657	0.01627928	GARW	2036-04-01
2035-10-17	tropics	17	1.066424	1.0724772	1.0597371	1.0704708	1.0623925	1.0682385	1.0643221	2035-10-17	tropics	17	1.066424	1.0724772	1.0597371	1.0704708	1.0623925	1.0682385	1.0643221	2035-10-17	tropics	17	0.016786695	0.018260414	0.015148717	0.017767953	0.01581142	0.017237127	0.016276896	2035-10-17	tropics	17	0.016786695	0.018260414	0.015148717	0.017767953	0.01581142	0.017237127	0.016276896	GARW	2036-04-01
2035-10-18	tropics	17	1.0664046	1.0724746	1.0597152	1.0704788	1.0623673	1.068226	1.0642877	2035-10-18	tropics	17	1.0664046	1.0724746	1.0597152	1.0704788	1.0623673	1.068226	1.0642877	2035-10-18	tropics	17	0.016790032	0.01826613	0.015142697	0.017775988	0.015804505	0.017234027	0.016271472	2035-10-18	tropics	17	0.016790032	0.01826613	0.015142697	0.017775988	0.015804505	0.017234027	0.016271472	GARW	2036-04-01
2035-10-19	tropics	17	1.0663671	1.0724475	1.0596704	1.07041	1.0623505	1.0682497	1.0643034	2035-10-19	tropics	17	1.0663671	1.0724475	1.0596704	1.07041	1.0623505	1.0682497	1.0643034	2035-10-19	tropics	17	0.016782165	0.01826774	0.015135336	0.017778253	0.015788984	0.01722765	0.016260207	2035-10-19	tropics	17	0.016782165	0.01826774	0.015135336	0.017778253	0.015788984	0.01722765	0.016260207	GARW	2036-04-01
2035-10-20	tropics	17	1.0663307	1.0724398	1.0596212	1.0703156	1.0623329	1.0682673	1.0642805	2035-10-20	tropics	17	1.0663307	1.0724398	1.0596212	1.0703156	1.0623329	1.0682673	1.0642805	2035-10-20	tropics	17	0.016774774	0.018262368	0.015126818	0.017770816	0.015784645	0.01723069	0.016263962	2035-10-20	tropics	17	0.016774774	0.018262368	0.015126818	0.017770816	0.015784645	0.01723069	0.016263962	GARW	2036-04-01
2035-10-21	tropics	17	1.0663385	1.0724268	1.0595729	1.0702531	1.0623105	1.0682579	1.064249	2035-10-21	tropics	17	1.0663385	1.0724268	1.0595729	1.0702531	1.0623105	1.0682579	1.064249	2035-10-21	tropics	17	0.016765118	0.018258566	0.015114337	0.017746259	0.015780712	0.017232955	0.016261041	2035-10-21	tropics	17	0.016765118	0.018258566	0.015114337	0.017746259	0.015780712	0.017232955	0.016261041	GARW	2036-04-01
2035-10-22	tropics	17	1.066325	1.0724175	1.0595257	1.0701953	1.0622897	1.068265	1.0642278	2035-10-22	tropics	17	1.066325	1.0724175	1.0595257	1.0701953	1.0622897	1.068265	1.0642278	2035-10-22	tropics	17	0.016763449	0.01825732	0.015102577	0.017728781	0.015775323	0.017235816	0.016252935	2035-10-22	tropics	17	0.016763449	0.01825732	0.015102577	0.017728781	0.015775323	0.017235816	0.016252935	GARW	2036-04-01
2035-10-23	tropics	17	1.06632	1.0723667	1.059499	1.0701393	1.0622755	1.0682945	1.0641954	2035-10-23	tropics	17	1.06632	1.0723667	1.059499	1.0701393	1.0622755	1.0682945	1.0641954	2035-10-23	tropics	17	0.016762853	0.018250793	0.015090561	0.017716074	0.015769958	0.017235458	0.016246974	2035-10-23	tropics	17	0.016762853	0.018250793	0.015090561	0.017716074	0.015769958	0.017235458	0.016246974	GARW	2036-04-01
2035-10-24	tropics	17	1.0663317	1.0722938	1.0594926	1.0700816	1.0623093	1.0683358	1.0641634	2035-10-24	tropics	17	1.0663317	1.0722938	1.0594926	1.0700816	1.0623093	1.0683358	1.0641634	2035-10-24	tropics	17	0.016759515	0.018246496	0.015080762	0.017700553	0.015765214	0.017239094	0.016239524	2035-10-24	tropics	17	0.016759515	0.018246496	0.015080762	0.017700553	0.015765214	0.017239094	0.016239524	GARW	2036-04-01
2035-10-25	tropics	17	1.0663307	1.072236	1.0594896	1.0700244	1.0622823	1.06833	1.0641946	2035-10-25	tropics	17	1.0663307	1.072236	1.0594896	1.0700244	1.0622823	1.06833	1.0641946	2035-10-25	tropics	17	0.016760588	0.018228777	0.015079111	0.017686509	0.015768696	0.017250538	0.016229093	2035-10-25	tropics	17	0.016760588	0.018228777	0.015079111	0.017686509	0.015768696	0.017250538	0.016229093	GARW	2036-04-01
2035-10-26	tropics	17	1.0663157	1.0722038	1.0595	1.0699712	1.062231	1.0683428	1.0642002	2035-10-26	tropics	17	1.0663157	1.0722038	1.0595	1.0699712	1.062231	1.0683428	1.0642002	2035-10-26	tropics	17	0.016761422	0.01821316	0.01507746	0.017672205	0.015768886	0.017252028	0.016230762	2035-10-26	tropics	17	0.016761422	0.01821316	0.01507746	0.017672205	0.015768886	0.017252028	0.016230762	GARW	2036-04-01
2035-10-27	tropics	17	1.0663178	1.0721797	1.0595084	1.0699784	1.0622097	1.0683627	1.064197	2035-10-27	tropics	17	1.0663178	1.0721797	1.0595084	1.0699784	1.0622097	1.0683627	1.064197	2035-10-27	tropics	17	0.01675713	0.018202139	0.01507954	0.017658662	0.015761662	0.017253399	0.01624024	2035-10-27	tropics	17	0.01675713	0.018202139	0.01507954	0.017658662	0.015761662	0.017253399	0.01624024	GARW	2036-04-01
2035-10-28	tropics	17	1.0663018	1.0721674	1.0595235	1.0699552	1.0621976	1.0683713	1.0641901	2035-10-28	tropics	17	1.0663018	1.0721674	1.0595235	1.0699552	1.0621976	1.0683713	1.0641901	2035-10-28	tropics	17	0.016759276	0.018196374	0.015081633	0.017655445	0.015749836	0.017260373	0.016238928	2035-10-28	tropics	17	0.016759276	0.018196374	0.015081633	0.017655445	0.015749836	0.017260373	0.016238928	GARW	2036-04-01
2035-10-29	tropics	17	1.0662743	1.0721443	1.0595438	1.0699419	1.0621839	1.0683641	1.0641545	2035-10-29	tropics	17	1.0662743	1.0721443	1.0595438	1.0699419	1.0621839	1.0683641	1.0641545	2035-10-29	tropics	17	0.016757607	0.018191278	0.015084296	0.017651819	0.015746545	0.017257094	0.016236901	2035-10-29	tropics	17	0.016757607	0.018191278	0.015084296	0.017651819	0.015746545	0.017257094	0.016236901	GARW	2036-04-01
2035-10-30	tropics	17	1.0662673	1.0721446	1.0595491	1.0699178	1.0621682	1.0683343	1.0641717	2035-10-30	tropics	17	1.0662673	1.0721446	1.0595491	1.0699178	1.0621682	1.0683343	1.0641717	2035-10-30	tropics	17	0.016754627	0.018187582	0.015089214	0.01764896	0.015742254	0.017259717	0.016228199	2035-10-30	tropics	17	0.016754627	0.018187582	0.015089214	0.01764896	0.015742254	0.017259717	0.016228199	GARW	2036-04-01
2035-10-31	tropics	17	1.0662246	1.0721672	1.059533	1.0698843	1.0622057	1.0683233	1.0641927	2035-10-31	tropics	17	1.0662246	1.0721672	1.059533	1.0698843	1.0622057	1.0683233	1.0641927	2035-10-31	tropics	17	0.01674509	0.018183773	0.015093928	0.017644452	0.01573968	0.01725638	0.016229212	2035-10-31	tropics	17	0.01674509	0.018183773	0.015093928	0.017644452	0.01573968	0.01725638	0.016229212	GARW	2036-04-01
2035-11-01	tropics	17	1.0662335	1.0721889	1.0594814	1.0698619	1.0622572	1.0683222	1.064198	2035-11-01	tropics	17	1.0662335	1.0721889	1.0594814	1.0698619	1.0622572	1.0683222	1.064198	2035-11-01	tropics	17	0.01673901	0.018189354	0.015090024	0.017636776	0.015743185	0.017252266	0.016234994	2035-11-01	tropics	17	0.01673901	0.018189354	0.015090024	0.017636776	0.015743185	0.017252266	0.016234994	GARW	2036-04-01
2035-11-02	tropics	17	1.0662372	1.0722097	1.0594355	1.0698577	1.0622132	1.0683709	1.0641836	2035-11-02	tropics	17	1.0662372	1.0722097	1.0594355	1.0698577	1.0622132	1.0683709	1.0641836	2035-11-02	tropics	17	0.0167346	0.018194694	0.015080696	0.017627692	0.015755152	0.017248869	0.016238093	2035-11-02	tropics	17	0.0167346	0.018194694	0.015080696	0.017627692	0.015755152	0.017248869	0.016238093	GARW	2036-04-01
2035-11-03	tropics	17	1.0661994	1.0722295	1.05941	1.0698606	1.0622511	1.0683829	1.0641882	2035-11-03	tropics	17	1.0661994	1.0722295	1.05941	1.0698606	1.0622511	1.0683829	1.0641882	2035-11-03	tropics	17	0.016740322	0.01819992	0.0150668565	0.017621756	0.015751243	0.01725632	0.01623702	2035-11-03	tropics	17	0.016740322	0.01819992	0.0150668565	0.017621756	0.015751243	0.01725632	0.01623702	GARW	2036-04-01
2035-11-04	tropics	17	1.066179	1.0722204	1.0593812	1.069869	1.062259	1.0683616	1.0641905	2035-11-04	tropics	17	1.066179	1.0722204	1.0593812	1.069869	1.062259	1.0683616	1.0641905	2035-11-04	tropics	17	0.016732693	0.018204946	0.0150606865	0.017629694	0.01575563	0.01727581	0.016231477	2035-11-04	tropics	17	0.016732693	0.018204946	0.0150606865	0.017629694	0.01575563	0.01727581	0.016231477	GARW	2036-04-01
2035-11-05	tropics	17	1.066143	1.0721982	1.059352	1.0698726	1.0622833	1.0683813	1.0642009	2035-11-05	tropics	17	1.066143	1.0721982	1.059352	1.0698726	1.0622833	1.0683813	1.0642009	2035-11-05	tropics	17	0.016728401	0.018206716	0.015053677	0.017627453	0.015762543	0.017260969	0.016240358	2035-11-05	tropics	17	0.016728401	0.018206716	0.015053677	0.017627453	0.015762543	0.017260969	0.016240358	GARW	2036-04-01
2035-11-06	tropics	17	1.0661267	1.0721731	1.0593224	1.0698514	1.0623194	1.0683311	1.0642091	2035-11-06	tropics	17	1.0661267	1.0721731	1.0593224	1.0698514	1.0623194	1.0683311	1.0642091	2035-11-06	tropics	17	0.016720414	0.018201102	0.015046555	0.017631888	0.015764022	0.017266333	0.016235232	2035-11-06	tropics	17	0.016720414	0.018201102	0.015046555	0.017631888	0.015764022	0.017266333	0.016235232	GARW	2036-04-01
2035-11-07	tropics	17	1.0660886	1.0721452	1.0592921	1.0698239	1.0623305	1.0682714	1.0641983	2035-11-07	tropics	17	1.0660886	1.0721452	1.0592921	1.0698239	1.0623305	1.0682714	1.0641983	2035-11-07	tropics	17	0.016710639	0.01819526	0.015039306	0.01762724	0.015772318	0.017256558	0.016241372	2035-11-07	tropics	17	0.016710639	0.01819526	0.015039306	0.01762724	0.015772318	0.017256558	0.016241372	GARW	2036-04-01
2035-11-08	tropics	17	1.0660727	1.0721143	1.0592415	1.0697789	1.0622336	1.0682459	1.0641702	2035-11-08	tropics	17	1.0660727	1.0721143	1.0592415	1.0697789	1.0622336	1.0682459	1.0641702	2035-11-08	tropics	17	0.01670599	0.018188717	0.01503172	0.01762185	0.015781164	0.01724273	0.01623863	2035-11-08	tropics	17	0.01670599	0.018188717	0.01503172	0.01762185	0.015781164	0.01724273	0.01623863	GARW	2036-04-01
2035-11-09	tropics	17	1.0660124	1.0720803	1.0592222	1.06974	1.0622264	1.0682242	1.0641613	2035-11-09	tropics	17	1.0660124	1.0720803	1.0592222	1.06974	1.0622264	1.0682242	1.0641613	2035-11-09	tropics	17	0.016703367	0.018181557	0.01502198	0.017608047	0.015763115	0.017233968	0.016232312	2035-11-09	tropics	17	0.016703367	0.018181557	0.01502198	0.017608047	0.015763115	0.017233968	0.016232312	GARW	2036-04-01
2035-11-10	tropics	17	1.0659945	1.0720018	1.0592248	1.0697072	1.0621774	1.0682055	1.0641606	2035-11-10	tropics	17	1.0659945	1.0720018	1.0592248	1.0697072	1.0621774	1.0682055	1.0641606	2035-11-10	tropics	17	0.016686678	0.018173458	0.015011764	0.017598748	0.015753198	0.017231584	0.016229987	2035-11-10	tropics	17	0.016686678	0.018173458	0.015011764	0.017598748	0.015753198	0.017231584	0.016229987	GARW	2036-04-01
2035-11-11	tropics	17	1.0659744	1.0718629	1.0592145	1.0696895	1.0621271	1.0681944	1.0641336	2035-11-11	tropics	17	1.0659744	1.0718629	1.0592145	1.0696895	1.0621271	1.0681944	1.0641336	2035-11-11	tropics	17	0.016679168	0.018163254	0.015013337	0.017591381	0.01574571	0.017220855	0.01623106	2035-11-11	tropics	17	0.016679168	0.018163254	0.015013337	0.017591381	0.01574571	0.017220855	0.01623106	GARW	2036-04-01
2035-11-12	tropics	17	1.0659776	1.0717216	1.0592138	1.0696802	1.0621295	1.0681423	1.0640796	2035-11-12	tropics	17	1.0659776	1.0717216	1.0592138	1.0696802	1.0621295	1.0681423	1.0640796	2035-11-12	tropics	17	0.016674995	0.018129576	0.015010923	0.01758666	0.015733194	0.017222822	0.01622802	2035-11-12	tropics	17	0.016674995	0.018129576	0.015010923	0.01758666	0.015733194	0.017222822	0.01622802	GARW	2036-04-01
2035-11-13	tropics	17	1.0659573	1.0716021	1.0592282	1.0696713	1.0620662	1.0681146	1.0640504	2035-11-13	tropics	17	1.0659573	1.0716021	1.0592282	1.0696713	1.0620662	1.0681146	1.0640504	2035-11-13	tropics	17	0.016674995	0.01809507	0.015008306	0.017582392	0.015730906	0.017212033	0.016218185	2035-11-13	tropics	17	0.016674995	0.01809507	0.015008306	0.017582392	0.015730906	0.017212033	0.016218185	GARW	2036-04-01
2035-11-14	tropics	17	1.0659324	1.0715548	1.0592426	1.0696573	1.0620503	1.068088	1.0640227	2035-11-14	tropics	17	1.0659324	1.0715548	1.0592426	1.0696573	1.0620503	1.068088	1.0640227	2035-11-14	tropics	17	0.016673326	0.018060928	0.01501199	0.017581964	0.015718246	0.017202973	0.01620233	2035-11-14	tropics	17	0.016673326	0.018060928	0.01501199	0.017581964	0.015718246	0.017202973	0.01620233	GARW	2036-04-01
2035-11-15	tropics	17	1.0658629	1.0715272	1.0592575	1.069653	1.0619739	1.068087	1.0640048	2035-11-15	tropics	17	1.0658629	1.0715272	1.0592575	1.069653	1.0619739	1.068087	1.0640048	2035-11-15	tropics	17	0.016669273	0.018046224	0.015015614	0.01758032	0.01571412	0.017194927	0.016198456	2035-11-15	tropics	17	0.016669273	0.018046224	0.015015614	0.01758032	0.01571412	0.017194927	0.016198456	GARW	2036-04-01
2035-11-16	tropics	17	1.0658574	1.0715363	1.0592194	1.069651	1.061981	1.0680637	1.0639632	2035-11-16	tropics	17	1.0658574	1.0715363	1.0592194	1.069651	1.061981	1.0680637	1.0639632	2035-11-16	tropics	17	0.016649008	0.018034589	0.015019112	0.017575407	0.015698005	0.017193556	0.016190886	2035-11-16	tropics	17	0.016649008	0.018034589	0.015019112	0.017575407	0.015698005	0.017193556	0.016190886	GARW	2036-04-01
2035-11-17	tropics	17	1.0658008	1.0715421	1.0591704	1.0696484	1.0620075	1.0680139	1.063937	2035-11-17	tropics	17	1.0658008	1.0715421	1.0591704	1.0696484	1.0620075	1.0680139	1.063937	2035-11-17	tropics	17	0.016646147	0.01803689	0.015015012	0.017580343	0.01569047	0.017189145	0.016188145	2035-11-17	tropics	17	0.016646147	0.01803689	0.015015012	0.017580343	0.01569047	0.017189145	0.016188145	GARW	2036-04-01
2035-11-18	tropics	17	1.0657289	1.0715423	1.0591224	1.0695716	1.061976	1.0679953	1.0639029	2035-11-18	tropics	17	1.0657289	1.0715423	1.0591224	1.0695716	1.061976	1.0679953	1.0639029	2035-11-18	tropics	17	0.016638756	0.018039037	0.015003348	0.017581176	0.01570325	0.017181396	0.016176343	2035-11-18	tropics	17	0.016638756	0.018039037	0.015003348	0.017581176	0.01570325	0.017181396	0.016176343	GARW	2036-04-01
2035-11-19	tropics	17	1.0657177	1.0715365	1.059106	1.0695932	1.0618906	1.0679668	1.0638556	2035-11-19	tropics	17	1.0657177	1.0715365	1.059106	1.0695932	1.0618906	1.0679668	1.0638556	2035-11-19	tropics	17	0.016620636	0.01803912	0.014991355	0.017569588	0.015697908	0.017169356	0.016171813	2035-11-19	tropics	17	0.016620636	0.01803912	0.014991355	0.017569588	0.015697908	0.017169356	0.016171813	GARW	2036-04-01
2035-11-20	tropics	17	1.0656855	1.0715127	1.0590883	1.0695022	1.0618385	1.0679175	1.063796	2035-11-20	tropics	17	1.0656855	1.0715127	1.0590883	1.0695022	1.0618385	1.0679175	1.063796	2035-11-20	tropics	17	0.01660943	0.018038476	0.014984894	0.017559957	0.015676308	0.01717031	0.016159296	2035-11-20	tropics	17	0.01660943	0.018038476	0.014984894	0.017559957	0.015676308	0.01717031	0.016159296	GARW	2036-04-01
2035-11-21	tropics	17	1.0656052	1.0714875	1.0590696	1.0694392	1.0618031	1.0678933	1.0637754	2035-11-21	tropics	17	1.0656052	1.0714875	1.0590696	1.0694392	1.0618031	1.0678933	1.0637754	2035-11-21	tropics	17	0.01660657	0.018034304	0.014980209	0.0175488	0.015660906	0.017156005	0.016144753	2035-11-21	tropics	17	0.01660657	0.018034304	0.014980209	0.0175488	0.015660906	0.017156005	0.016144753	GARW	2036-04-01
2035-11-22	tropics	17	1.0655932	1.0714482	1.0590495	1.0694228	1.0617838	1.0678306	1.0637296	2035-11-22	tropics	17	1.0655932	1.0714482	1.0590495	1.0694228	1.0617838	1.0678306	1.0637296	2035-11-22	tropics	17	0.016590118	0.018028092	0.014976	0.017529057	0.015653659	0.017151237	0.016130328	2035-11-22	tropics	17	0.016590118	0.018028092	0.014976	0.017529057	0.015653659	0.017151237	0.016130328	GARW	2036-04-01
2035-11-23	tropics	17	1.0655634	1.0714267	1.0589918	1.0694112	1.0617183	1.0677623	1.063682	2035-11-23	tropics	17	1.0655634	1.0714267	1.0589918	1.0694112	1.0617183	1.0677623	1.063682	2035-11-23	tropics	17	0.016581059	0.018017996	0.01497109	0.017521428	0.015649986	0.017137527	0.016127348	2035-11-23	tropics	17	0.016581059	0.018017996	0.01497109	0.017521428	0.015649986	0.017137527	0.016127348	GARW	2036-04-01
2035-11-24	tropics	17	1.0655026	1.0714036	1.0589263	1.0693718	1.0616885	1.0677072	1.0636445	2035-11-24	tropics	17	1.0655026	1.0714036	1.0589263	1.0693718	1.0616885	1.0677072	1.0636445	2035-11-24	tropics	17	0.016575575	0.018012417	0.014960718	0.017519187	0.015631963	0.017121196	0.016115546	2035-11-24	tropics	17	0.016575575	0.018012417	0.014960718	0.017519187	0.015631963	0.017121196	0.016115546	GARW	2036-04-01
2035-11-25	tropics	17	1.0654529	1.0713322	1.0588603	1.0693657	1.0616673	1.0676333	1.0635537	2035-11-25	tropics	17	1.0654529	1.0713322	1.0588603	1.0693657	1.0616673	1.0676333	1.0635537	2035-11-25	tropics	17	0.0165627	0.018007267	0.014944911	0.017514277	0.015621519	0.017106056	0.016104937	2035-11-25	tropics	17	0.0165627	0.018007267	0.014944911	0.017514277	0.015621519	0.017106056	0.016104937	GARW	2036-04-01
2035-11-26	tropics	17	1.065411	1.0712277	1.0587934	1.0693315	1.0615963	1.0675473	1.0634739	2035-11-26	tropics	17	1.065411	1.0712277	1.0587934	1.0693315	1.0615963	1.0675473	1.0634739	2035-11-26	tropics	17	0.016551733	0.017995834	0.01492815	0.017508697	0.015617276	0.017087698	0.016092062	2035-11-26	tropics	17	0.016551733	0.017995834	0.01492815	0.017508697	0.015617276	0.017087698	0.016092062	GARW	2036-04-01
2035-11-27	tropics	17	1.0653694	1.0711089	1.0587424	1.06928	1.0615578	1.0674791	1.063434	2035-11-27	tropics	17	1.0653694	1.0711089	1.0587424	1.06928	1.0615578	1.0674791	1.063434	2035-11-27	tropics	17	0.016536474	0.017972207	0.014912092	0.017501688	0.01560812	0.017068386	0.016064525	2035-11-27	tropics	17	0.016536474	0.017972207	0.014912092	0.017501688	0.01560812	0.017068386	0.016064525	GARW	2036-04-01
2035-11-28	tropics	17	1.0653687	1.070986	1.058723	1.0691993	1.0614922	1.067396	1.0633428	2035-11-28	tropics	17	1.0653687	1.070986	1.058723	1.0691993	1.0614922	1.067396	1.0633428	2035-11-28	tropics	17	0.016530514	0.017944276	0.014895618	0.017492343	0.015587616	0.01704967	0.01605153	2035-11-28	tropics	17	0.016530514	0.017944276	0.014895618	0.017492343	0.015587616	0.01704967	0.01605153	GARW	2036-04-01
2035-11-29	tropics	17	1.0653336	1.0709119	1.0587001	1.0691257	1.0613744	1.0673091	1.0633007	2035-11-29	tropics	17	1.0653336	1.0709119	1.0587001	1.0691257	1.0613744	1.0673091	1.0633007	2035-11-29	tropics	17	0.016526937	0.017914725	0.014888919	0.017474746	0.01557827	0.01703167	0.016034484	2035-11-29	tropics	17	0.016526937	0.017914725	0.014888919	0.017474746	0.01557827	0.01703167	0.016034484	GARW	2036-04-01
2035-11-30	tropics	17	1.0652657	1.0708189	1.0586511	1.0690342	1.0612962	1.0672338	1.0632746	2035-11-30	tropics	17	1.0652657	1.0708189	1.0586511	1.0690342	1.0612962	1.0672338	1.0632746	2035-11-30	tropics	17	0.016521692	0.01789168	0.014888441	0.017455483	0.015555859	0.017009497	0.016015649	2035-11-30	tropics	17	0.016521692	0.01789168	0.014888441	0.017455483	0.015555859	0.017009497	0.016015649	GARW	2036-04-01
2035-12-01	tropics	17	1.0651917	1.0707564	1.0585967	1.0689216	1.0612497	1.0671346	1.0632269	2035-12-01	tropics	17	1.0651917	1.0707564	1.0585967	1.0689216	1.0612497	1.0671346	1.0632269	2035-12-01	tropics	17	0.016507149	0.01787237	0.014874077	0.017434357	0.015527582	0.01698947	0.01601088	2035-12-01	tropics	17	0.016507149	0.01787237	0.014874077	0.017434357	0.015527582	0.01698947	0.01601088	GARW	2036-04-01
2035-12-02	tropics	17	1.0650969	1.0707365	1.0585269	1.0688196	1.061212	1.0670412	1.0631716	2035-12-02	tropics	17	1.0650969	1.0707365	1.0585269	1.0688196	1.061212	1.0670412	1.0631716	2035-12-02	tropics	17	0.016488075	0.017848361	0.014863765	0.01740985	0.015515613	0.016966581	0.016002059	2035-12-02	tropics	17	0.016488075	0.017848361	0.014863765	0.01740985	0.015515613	0.016966581	0.016002059	GARW	2036-04-01
2035-12-03	tropics	17	1.0650313	1.0707188	1.0584881	1.0686709	1.0611852	1.0669459	1.0631237	2035-12-03	tropics	17	1.0650313	1.0707188	1.0584881	1.0686709	1.0611852	1.0669459	1.0631237	2035-12-03	tropics	17	0.01647091	0.017843831	0.014846408	0.017375898	0.015505123	0.01694417	0.015997171	2035-12-03	tropics	17	0.01647091	0.017843831	0.014846408	0.017375898	0.015505123	0.01694417	0.015997171	GARW	2036-04-01
2035-12-04	tropics	17	1.0649843	1.0706989	1.0584699	1.0686628	1.0611651	1.0668554	1.0630964	2035-12-04	tropics	17	1.0649843	1.0706989	1.0584699	1.0686628	1.0611651	1.0668554	1.0630964	2035-12-04	tropics	17	0.016446829	0.017839063	0.014832246	0.017347336	0.0154976845	0.016922235	0.015974283	2035-12-04	tropics	17	0.016446829	0.017839063	0.014832246	0.017347336	0.0154976845	0.016922235	0.015974283	GARW	2036-04-01
2035-12-05	tropics	17	1.0649241	1.070644	1.0584505	1.0685453	1.0611234	1.0667865	1.0629973	2035-12-05	tropics	17	1.0649241	1.070644	1.0584505	1.0685453	1.0611234	1.0667865	1.0629973	2035-12-05	tropics	17	0.0164392	0.017834712	0.014827526	0.017338086	0.015492392	0.01689601	0.01597023	2035-12-05	tropics	17	0.0164392	0.017834712	0.014827526	0.017338086	0.015492392	0.01689601	0.01597023	GARW	2036-04-01
2035-12-06	tropics	17	1.0648575	1.0705339	1.058413	1.0684679	1.0610142	1.0666696	1.0628648	2035-12-06	tropics	17	1.0648575	1.0705339	1.058413	1.0684679	1.0610142	1.0666696	1.0628648	2035-12-06	tropics	17	0.016422272	0.01782868	0.014823055	0.017315006	0.015483188	0.016880155	0.01595509	2035-12-06	tropics	17	0.016422272	0.01782868	0.014823055	0.017315006	0.015483188	0.016880155	0.01595509	GARW	2036-04-01
2035-12-07	tropics	17	1.0647776	1.0704169	1.0583692	1.0683746	1.0609143	1.0665139	1.0628095	2035-12-07	tropics	17	1.0647776	1.0704169	1.0583692	1.0683746	1.0609143	1.0665139	1.0628095	2035-12-07	tropics	17	0.016406298	0.017802574	0.014816165	0.017294263	0.015465116	0.01685977	0.01591885	2035-12-07	tropics	17	0.016406298	0.017802574	0.014816165	0.017294263	0.015465116	0.01685977	0.01591885	GARW	2036-04-01
2035-12-08	tropics	17	1.0646815	1.0703547	1.0583196	1.0681944	1.0608203	1.0663893	1.0627468	2035-12-08	tropics	17	1.0646815	1.0703547	1.0583196	1.0681944	1.0608203	1.0663893	1.0627468	2035-12-08	tropics	17	0.016394854	0.017775012	0.014805448	0.017273854	0.015432453	0.016820073	0.015901566	2035-12-08	tropics	17	0.016394854	0.017775012	0.014805448	0.017273854	0.015432453	0.016820073	0.015901566	GARW	2036-04-01
2035-12-09	tropics	17	1.0645983	1.0702794	1.0582644	1.0680064	1.060693	1.0662583	1.0626388	2035-12-09	tropics	17	1.0645983	1.0702794	1.0582644	1.0680064	1.060693	1.0662583	1.0626388	2035-12-09	tropics	17	0.016367912	0.017753374	0.01479398	0.017236948	0.015417004	0.016791463	0.015887499	2035-12-09	tropics	17	0.016367912	0.017753374	0.01479398	0.017236948	0.015417004	0.016791463	0.015887499	GARW	2036-04-01
2035-12-10	tropics	17	1.0645066	1.0701842	1.0582032	1.067877	1.0605712	1.0661544	1.0625093	2035-12-10	tropics	17	1.0645066	1.0701842	1.0582032	1.067877	1.0605712	1.0661544	1.0625093	2035-12-10	tropics	17	0.016348124	0.017739631	0.014780855	0.017192172	0.015385628	0.016761184	0.015863895	2035-12-10	tropics	17	0.016348124	0.017739631	0.014780855	0.017192172	0.015385628	0.016761184	0.015863895	GARW	2036-04-01
2035-12-11	tropics	17	1.0644183	1.0701288	1.058136	1.0677088	1.0604815	1.06603	1.0624212	2035-12-11	tropics	17	1.0644183	1.0701288	1.058136	1.0677088	1.0604815	1.06603	1.0624212	2035-12-11	tropics	17	0.016322851	0.017714513	0.014766479	0.017151594	0.01535511	0.016730547	0.015833616	2035-12-11	tropics	17	0.016322851	0.017714513	0.014766479	0.017151594	0.01535511	0.016730547	0.015833616	GARW	2036-04-01
2035-12-12	tropics	17	1.064275	1.0700222	1.0580628	1.067522	1.0603632	1.0659456	1.062348	2035-12-12	tropics	17	1.064275	1.0700222	1.0580628	1.067522	1.0603632	1.0659456	1.062348	2035-12-12	tropics	17	0.016300917	0.017698444	0.014749992	0.017114496	0.01533022	0.016701102	0.015808702	2035-12-12	tropics	17	0.016300917	0.017698444	0.014749992	0.017114496	0.01533022	0.016701102	0.015808702	GARW	2036-04-01
2035-12-13	tropics	17	1.0641689	1.0698241	1.0579834	1.0674062	1.0602889	1.0658711	1.0622847	2035-12-13	tropics	17	1.0641689	1.0698241	1.0579834	1.0674062	1.0602889	1.0658711	1.0622847	2035-12-13	tropics	17	0.016269684	0.017684115	0.014732755	0.017071627	0.015305042	0.01666987	0.015789032	2035-12-13	tropics	17	0.016269684	0.017684115	0.014732755	0.017071627	0.015305042	0.01666987	0.015789032	GARW	2036-04-01
2035-12-14	tropics	17	1.064066	1.0696301	1.0578976	1.0672547	1.0601819	1.0657723	1.0621729	2035-12-14	tropics	17	1.064066	1.0696301	1.0578976	1.0672547	1.0601819	1.0657723	1.0621729	2035-12-14	tropics	17	0.016241789	0.017636813	0.01471361	0.017032336	0.015284824	0.01665628	0.01577425	2035-12-14	tropics	17	0.016241789	0.017636813	0.01471361	0.017032336	0.015284824	0.01665628	0.01577425	GARW	2036-04-01
2035-12-15	tropics	17	1.0639079	1.0695925	1.0577652	1.0671391	1.0600814	1.0656745	1.0620387	2035-12-15	tropics	17	1.0639079	1.0695925	1.0577652	1.0671391	1.0600814	1.0656745	1.0620387	2035-12-15	tropics	17	0.016212225	0.01758201	0.01469326	0.017000388	0.01525793	0.016630888	0.015753388	2035-12-15	tropics	17	0.016212225	0.01758201	0.01469326	0.017000388	0.01525793	0.016630888	0.015753388	GARW	2036-04-01
2035-12-16	tropics	17	1.0637975	1.0695401	1.0575882	1.0670198	1.059989	1.0655792	1.0619127	2035-12-16	tropics	17	1.0637975	1.0695401	1.0575882	1.0670198	1.059989	1.0655792	1.0619127	2035-12-16	tropics	17	0.01618886	0.017566478	0.014669192	0.016972732	0.015230131	0.016610742	0.015717864	2035-12-16	tropics	17	0.01618886	0.017566478	0.014669192	0.016972732	0.015230131	0.016610742	0.015717864	GARW	2036-04-01
2035-12-17	tropics	17	1.0636463	1.0694485	1.0575095	1.066918	1.0598793	1.0654838	1.0617738	2035-12-17	tropics	17	1.0636463	1.0694485	1.0575095	1.066918	1.0598793	1.0654838	1.0617738	2035-12-17	tropics	17	0.016147375	0.017554117	0.014623582	0.01694274	0.015214348	0.016586185	0.015684009	2035-12-17	tropics	17	0.016147375	0.017554117	0.014623582	0.01694274	0.015214348	0.016586185	0.015684009	GARW	2036-04-01
2035-12-18	tropics	17	1.06351	1.0693364	1.0574257	1.0667586	1.0596892	1.06534	1.0615736	2035-12-18	tropics	17	1.06351	1.0693364	1.0574257	1.0667586	1.0596892	1.06534	1.0615736	2035-12-18	tropics	17	0.016117096	0.017537154	0.0145961875	0.016912604	0.015191269	0.016564488	0.01565671	2035-12-18	tropics	17	0.016117096	0.017537154	0.0145961875	0.016912604	0.015191269	0.016564488	0.01565671	GARW	2036-04-01
2035-12-19	tropics	17	1.0633523	1.0691477	1.0573415	1.0665866	1.059541	1.0651839	1.0614209	2035-12-19	tropics	17	1.0633523	1.0691477	1.0573415	1.0665866	1.059541	1.0651839	1.0614209	2035-12-19	tropics	17	0.016085863	0.017509555	0.014575767	0.016891288	0.015143061	0.016533136	0.01561296	2035-12-19	tropics	17	0.016085863	0.017509555	0.014575767	0.016891288	0.015143061	0.016533136	0.01561296	GARW	2036-04-01
2035-12-20	tropics	17	1.0631931	1.0689454	1.057257	1.0664479	1.0594125	1.0650437	1.061224	2035-12-20	tropics	17	1.0631931	1.0689454	1.057257	1.0664479	1.0594125	1.0650437	1.061224	2035-12-20	tropics	17	0.01604271	0.017470993	0.014555097	0.016844321	0.01510272	0.016494632	0.01557076	2035-12-20	tropics	17	0.01604271	0.017470993	0.014555097	0.016844321	0.01510272	0.016494632	0.01557076	GARW	2036-04-01
2035-12-21	tropics	17	1.0630115	1.0687356	1.0571332	1.0662494	1.0592618	1.0648736	1.0610586	2035-12-21	tropics	17	1.0630115	1.0687356	1.0571332	1.0662494	1.0592618	1.0648736	1.0610586	2035-12-21	tropics	17	0.016004086	0.017422259	0.014534319	0.01680255	0.015070295	0.01645708	0.01552248	2035-12-21	tropics	17	0.016004086	0.017422259	0.014534319	0.01680255	0.015070295	0.01645708	0.01552248	GARW	2036-04-01
2035-12-22	tropics	17	1.0629208	1.0685734	1.0569987	1.066115	1.0589905	1.0647063	1.0608492	2035-12-22	tropics	17	1.0629208	1.0685734	1.0569987	1.066115	1.0589905	1.0647063	1.0608492	2035-12-22	tropics	17	0.015958548	0.01737162	0.014507353	0.016763926	0.015031004	0.016421556	0.015480876	2035-12-22	tropics	17	0.015958548	0.01737162	0.014507353	0.016763926	0.015031004	0.016421556	0.015480876	GARW	2036-04-01
2035-12-23	tropics	17	1.0627388	1.0684152	1.0568403	1.0659624	1.05882	1.0645523	1.0606651	2035-12-23	tropics	17	1.0627388	1.0684152	1.0568403	1.0659624	1.05882	1.0645523	1.0606651	2035-12-23	tropics	17	0.015930414	0.017322361	0.014474953	0.016721964	0.014981222	0.016378164	0.015431762	2035-12-23	tropics	17	0.015930414	0.017322361	0.014474953	0.016721964	0.014981222	0.016378164	0.015431762	GARW	2036-04-01
2035-12-24	tropics	17	1.0625665	1.068238	1.0567131	1.065802	1.0586559	1.0643355	1.0604854	2035-12-24	tropics	17	1.0625665	1.068238	1.0567131	1.065802	1.0586559	1.0643355	1.0604854	2035-12-24	tropics	17	0.01589799	0.017297303	0.014438808	0.016687918	0.014922571	0.016340613	0.015391707	2035-12-24	tropics	17	0.01589799	0.017297303	0.014438808	0.016687918	0.014922571	0.016340613	0.015391707	GARW	2036-04-01
2035-12-25	tropics	17	1.062359	1.0680058	1.0565485	1.0656189	1.0584468	1.0641458	1.0602614	2035-12-25	tropics	17	1.062359	1.0680058	1.0565485	1.0656189	1.0584468	1.0641458	1.0602614	2035-12-25	tropics	17	0.015850306	0.017249096	0.0144028785	0.016646003	0.014891291	0.016294122	0.015344143	2035-12-25	tropics	17	0.015850306	0.017249096	0.0144028785	0.016646003	0.014891291	0.016294122	0.015344143	GARW	2036-04-01
2035-12-26	tropics	17	1.0621927	1.0677633	1.0563633	1.0654838	1.0582618	1.063951	1.060067	2035-12-26	tropics	17	1.0621927	1.0677633	1.0563633	1.0654838	1.0582618	1.063951	1.060067	2035-12-26	tropics	17	0.01580739	0.017195154	0.014368939	0.016604234	0.0148386005	0.016245961	0.015284777	2035-12-26	tropics	17	0.01580739	0.017195154	0.014368939	0.016604234	0.0148386005	0.016245961	0.015284777	GARW	2036-04-01
2035-12-27	tropics	17	1.0619599	1.0675124	1.056171	1.0652736	1.0580345	1.0637596	1.0598841	2035-12-27	tropics	17	1.0619599	1.0675124	1.056171	1.0652736	1.0580345	1.0637596	1.0598841	2035-12-27	tropics	17	0.01575756	0.017136145	0.014321983	0.016566848	0.014788151	0.016194701	0.01524055	2035-12-27	tropics	17	0.01575756	0.017136145	0.014321983	0.016566848	0.014788151	0.016194701	0.01524055	GARW	2036-04-01
2035-12-28	tropics	17	1.0617635	1.0672501	1.0559733	1.0650707	1.057802	1.0635424	1.0596659	2035-12-28	tropics	17	1.0617635	1.0672501	1.0559733	1.0650707	1.057802	1.0635424	1.0596659	2035-12-28	tropics	17	0.015707493	0.01707585	0.014274704	0.016521882	0.014747667	0.016148448	0.01518774	2035-12-28	tropics	17	0.015707493	0.01707585	0.014274704	0.016521882	0.014747667	0.016148448	0.01518774	GARW	2036-04-01
2035-12-29	tropics	17	1.0615711	1.0669763	1.0557736	1.0648688	1.0575994	1.063313	1.0594637	2035-12-29	tropics	17	1.0615711	1.0669763	1.0557736	1.0648688	1.0575994	1.063313	1.0594637	2035-12-29	tropics	17	0.015653372	0.017012537	0.014226377	0.016472006	0.014680862	0.016098142	0.015143037	2035-12-29	tropics	17	0.015653372	0.017012537	0.014226377	0.016472006	0.014680862	0.016098142	0.015143037	GARW	2036-04-01
2035-12-30	tropics	17	1.061311	1.0666908	1.0555719	1.0646508	1.0574065	1.0630848	1.0592327	2035-12-30	tropics	17	1.061311	1.0666908	1.0555719	1.0646508	1.0574065	1.0630848	1.0592327	2035-12-30	tropics	17	0.015612841	0.016946364	0.0141770365	0.016424704	0.014629459	0.01604104	0.015097141	2035-12-30	tropics	17	0.015612841	0.016946364	0.0141770365	0.016424704	0.014629459	0.01604104	0.015097141	GARW	2036-04-01
2035-12-31	tropics	17	1.061111	1.0663931	1.0553683	1.0643972	1.057169	1.0628331	1.058998	2035-12-31	tropics	17	1.061111	1.0663931	1.0553683	1.0643972	1.057169	1.0628331	1.058998	2035-12-31	tropics	17	0.015551567	0.016877307	0.014127171	0.016378928	0.014580202	0.01598978	0.01503849	2035-12-31	tropics	17	0.015551567	0.016877307	0.014127171	0.016378928	0.014580202	0.01598978	0.01503849	GARW	2036-04-01
2036-01-01	tropics	17	1.0608734	1.0661296	1.0552199	1.0642108	1.0568906	1.0625796	1.0587947	2036-01-01	tropics	17	1.0608734	1.0661296	1.0552199	1.0642108	1.0568906	1.0625796	1.0587947	2036-01-01	tropics	17	0.015495062	0.016805615	0.014076805	0.016308023	0.014529991	0.015922427	0.014978409	2036-01-01	tropics	17	0.015495062	0.016805615	0.014076805	0.016308023	0.014529991	0.015922427	0.014978409	GARW	2036-04-01
2036-01-02	tropics	17	1.0605747	1.0659131	1.0550698	1.0638813	1.0566499	1.0623041	1.0585537	2036-01-02	tropics	17	1.0605747	1.0659131	1.0550698	1.0638813	1.0566499	1.0623041	1.0585537	2036-01-02	tropics	17	0.015441418	0.016732123	0.014035416	0.016259432	0.014457226	0.01586771	0.0149281025	2036-01-02	tropics	17	0.015441418	0.016732123	0.014035416	0.016259432	0.014457226	0.01586771	0.0149281025	GARW	2036-04-01
2036-01-03	tropics	17	1.0603331	1.0656911	1.0547717	1.0635997	1.0564028	1.0620333	1.0582875	2036-01-03	tropics	17	1.0603331	1.0656911	1.0547717	1.0635997	1.0564028	1.0620333	1.0582875	2036-01-03	tropics	17	0.015370369	0.016680479	0.013999295	0.016191911	0.014397478	0.01579523	0.014870286	2036-01-03	tropics	17	0.015370369	0.016680479	0.013999295	0.016191911	0.014397478	0.01579523	0.014870286	GARW	2036-04-01
2036-01-04	tropics	17	1.0600388	1.0654709	1.0545477	1.0633535	1.056119	1.0617118	1.0580046	2036-01-04	tropics	17	1.0600388	1.0654709	1.0545477	1.0633535	1.056119	1.0617118	1.0580046	2036-01-04	tropics	17	0.015311956	0.016626311	0.013937938	0.016118955	0.014339256	0.015730262	0.014809251	2036-01-04	tropics	17	0.015311956	0.016626311	0.013937938	0.016118955	0.014339256	0.015730262	0.014809251	GARW	2036-04-01
2036-01-05	tropics	17	1.0597117	1.0652999	1.0543224	1.0630398	1.0559312	1.0614684	1.057683	2036-01-05	tropics	17	1.0597117	1.0652999	1.0543224	1.0630398	1.0559312	1.0614684	1.057683	2036-01-05	tropics	17	0.0152421	0.016570486	0.013873803	0.016053582	0.014263821	0.015654683	0.014734268	2036-01-05	tropics	17	0.0152421	0.016570486	0.013873803	0.016053582	0.014263821	0.015654683	0.014734268	GARW	2036-04-01
2036-01-06	tropics	17	1.0593859	1.0650727	1.0539639	1.0627702	1.0556165	1.0611829	1.0574362	2036-01-06	tropics	17	1.0593859	1.0650727	1.0539639	1.0627702	1.0556165	1.0611829	1.0574362	2036-01-06	tropics	17	0.015165567	0.01652632	0.0138257975	0.015980244	0.014213991	0.01558733	0.014666438	2036-01-06	tropics	17	0.015165567	0.01652632	0.0138257975	0.015980244	0.014213991	0.01558733	0.014666438	GARW	2036-04-01
2036-01-07	tropics	17	1.0591098	1.0647746	1.0536836	1.0624951	1.0553212	1.0608644	1.0571485	2036-01-07	tropics	17	1.0591098	1.0647746	1.0536836	1.0624951	1.0553212	1.0608644	1.0571485	2036-01-07	tropics	17	0.015082121	0.016480532	0.013740516	0.015913725	0.014151049	0.015525341	0.014595985	2036-01-07	tropics	17	0.015082121	0.016480532	0.013740516	0.015913725	0.014151049	0.015525341	0.014595985	GARW	2036-04-01
2036-01-08	tropics	17	1.0587894	1.0644583	1.0533513	1.0621957	1.0549848	1.0605462	1.0568502	2036-01-08	tropics	17	1.0587894	1.0644583	1.0533513	1.0621957	1.0549848	1.0605462	1.0568502	2036-01-08	tropics	17	0.015013218	0.016408768	0.013670241	0.015845824	0.01407671	0.015446544	0.01452446	2036-01-08	tropics	17	0.015013218	0.016408768	0.013670241	0.015845824	0.01407671	0.015446544	0.01452446	GARW	2036-04-01
2036-01-09	tropics	17	1.0584576	1.0641232	1.053041	1.0618366	1.054644	1.0602195	1.0564967	2036-01-09	tropics	17	1.0584576	1.0641232	1.053041	1.0618366	1.054644	1.0602195	1.0564967	2036-01-09	tropics	17	0.014937639	0.016332759	0.013588655	0.015774203	0.013994312	0.015370965	0.014456749	2036-01-09	tropics	17	0.014937639	0.016332759	0.013588655	0.015774203	0.013994312	0.015370965	0.014456749	GARW	2036-04-01
2036-01-10	tropics	17	1.0581307	1.0637717	1.052684	1.0614889	1.0543319	1.0599029	1.0561563	2036-01-10	tropics	17	1.0581307	1.0637717	1.052684	1.0614889	1.0543319	1.0599029	1.0561563	2036-01-10	tropics	17	0.014850378	0.01625203	0.013510681	0.015693903	0.013910199	0.015285492	0.014370561	2036-01-10	tropics	17	0.014850378	0.01625203	0.013510681	0.015693903	0.013910199	0.015285492	0.014370561	GARW	2036-04-01
2036-01-11	tropics	17	1.0577631	1.0634573	1.0522443	1.0610895	1.0539882	1.0596013	1.0558264	2036-01-11	tropics	17	1.0577631	1.0634573	1.0522443	1.0610895	1.0539882	1.0596013	1.0558264	2036-01-11	tropics	17	0.014770508	0.016167175	0.013429821	0.01559844	0.013830185	0.01521039	0.014286041	2036-01-11	tropics	17	0.014770508	0.016167175	0.013429821	0.01559844	0.013830185	0.01521039	0.014286041	GARW	2036-04-01
2036-01-12	tropics	17	1.0573735	1.0630803	1.0518734	1.0606153	1.0536551	1.0591958	1.0554564	2036-01-12	tropics	17	1.0573735	1.0630803	1.0518734	1.0606153	1.0536551	1.0591958	1.0554564	2036-01-12	tropics	17	0.014685154	0.016085459	0.0133211855	0.015503549	0.013741398	0.0151335	0.014199734	2036-01-12	tropics	17	0.014685154	0.016085459	0.0133211855	0.015503549	0.013741398	0.0151335	0.014199734	GARW	2036-04-01
2036-01-13	tropics	17	1.0569437	1.0626099	1.0515107	1.0602306	1.053425	1.0588821	1.0550895	2036-01-13	tropics	17	1.0569437	1.0626099	1.0515107	1.0602306	1.053425	1.0588821	1.0550895	2036-01-13	tropics	17	0.014592886	0.01600864	0.013225436	0.015389203	0.01366272	0.015041709	0.014110446	2036-01-13	tropics	17	0.014592886	0.01600864	0.013225436	0.015389203	0.01366272	0.015041709	0.014110446	GARW	2036-04-01
2036-01-14	tropics	17	1.056561	1.0622704	1.0511479	1.05987	1.0530461	1.058575	1.0546461	2036-01-14	tropics	17	1.056561	1.0622704	1.0511479	1.05987	1.0530461	1.058575	1.0546461	2036-01-14	tropics	17	0.014485359	0.015887225	0.013131834	0.015298747	0.013599491	0.01494503	0.014019966	2036-01-14	tropics	17	0.014485359	0.015887225	0.013131834	0.015298747	0.013599491	0.01494503	0.014019966	GARW	2036-04-01
2036-01-15	tropics	17	1.0561512	1.0617683	1.0507708	1.0595312	1.0526247	1.0580997	1.0542941	2036-01-15	tropics	17	1.0561512	1.0617683	1.0507708	1.0595312	1.0526247	1.0580997	1.0542941	2036-01-15	tropics	17	0.014389992	0.015797187	0.013046396	0.01520214	0.013521052	0.0148803	0.013921499	2036-01-15	tropics	17	0.014389992	0.015797187	0.013046396	0.01520214	0.013521052	0.0148803	0.013921499	GARW	2036-04-01
2036-01-16	tropics	17	1.0557256	1.0612382	1.050411	1.0591326	1.0522615	1.0576603	1.0538728	2036-01-16	tropics	17	1.0557256	1.0612382	1.050411	1.0591326	1.0522615	1.0576603	1.0538728	2036-01-16	tropics	17	0.01429224	0.015688492	0.01294936	0.015112972	0.013417196	0.014782548	0.013822198	2036-01-16	tropics	17	0.01429224	0.015688492	0.01294936	0.015112972	0.013417196	0.014782548	0.013822198	GARW	2036-04-01
2036-01-17	tropics	17	1.055275	1.060716	1.0500444	1.0586715	1.0518733	1.05726	1.0534943	2036-01-17	tropics	17	1.055275	1.060716	1.0500444	1.0586715	1.0518733	1.05726	1.0534943	2036-01-17	tropics	17	0.0141842365	0.015559555	0.0128604295	0.015021515	0.0133176325	0.014664173	0.013720155	2036-01-17	tropics	17	0.0141842365	0.015559555	0.0128604295	0.015021515	0.0133176325	0.014664173	0.013720155	GARW	2036-04-01
2036-01-18	tropics	17	1.0548785	1.0601883	1.0496178	1.0583038	1.0515146	1.0568211	1.0531102	2036-01-18	tropics	17	1.0548785	1.0601883	1.0496178	1.0583038	1.0515146	1.0568211	1.0531102	2036-01-18	tropics	17	0.014076471	0.01543243	0.012769902	0.014920664	0.013233471	0.014561415	0.013631821	2036-01-18	tropics	17	0.014076471	0.01543243	0.012769902	0.014920664	0.013233471	0.014561415	0.013631821	GARW	2036-04-01
2036-01-19	tropics	17	1.0544586	1.0596296	1.0491343	1.0578868	1.0510721	1.056416	1.0526954	2036-01-19	tropics	17	1.0544586	1.0596296	1.0491343	1.0578868	1.0510721	1.056416	1.0526954	2036-01-19	tropics	17	0.013974428	0.015298104	0.012673652	0.014822674	0.013133621	0.014457941	0.013530493	2036-01-19	tropics	17	0.013974428	0.015298104	0.012673652	0.014822674	0.013133621	0.014457941	0.013530493	GARW	2036-04-01
2036-01-20	tropics	17	1.0539284	1.0591286	1.0486408	1.0574976	1.050547	1.0559783	1.0522331	2036-01-20	tropics	17	1.0539284	1.0591286	1.0486408	1.0574976	1.050547	1.0559783	1.0522331	2036-01-20	tropics	17	0.013872623	0.015166736	0.0125540495	0.014713954	0.013043547	0.014358401	0.013433933	2036-01-20	tropics	17	0.013872623	0.015166736	0.0125540495	0.014713954	0.013043547	0.014358401	0.013433933	GARW	2036-04-01
2036-01-21	tropics	17	1.0534548	1.0586281	1.0481178	1.0570451	1.0501164	1.0554013	1.0517782	2036-01-21	tropics	17	1.0534548	1.0586281	1.0481178	1.0570451	1.0501164	1.0554013	1.0517782	2036-01-21	tropics	17	0.013749838	0.01502726	0.0124319075	0.014618206	0.012912178	0.01425004	0.013321519	2036-01-21	tropics	17	0.013749838	0.01502726	0.0124319075	0.014618206	0.012912178	0.01425004	0.013321519	GARW	2036-04-01
2036-01-22	tropics	17	1.053029	1.0582131	1.0475955	1.0566075	1.0495892	1.054926	1.051331	2036-01-22	tropics	17	1.053029	1.0582131	1.0475955	1.0566075	1.0495892	1.054926	1.051331	2036-01-22	tropics	17	0.01362896	0.01490953	0.012307847	0.014515972	0.012790156	0.014117241	0.013202429	2036-01-22	tropics	17	0.01362896	0.01490953	0.012307847	0.014515972	0.012790156	0.014117241	0.013202429	GARW	2036-04-01
2036-01-23	tropics	17	1.0525866	1.0578227	1.0470899	1.0562029	1.0490807	1.054478	1.0508715	2036-01-23	tropics	17	1.0525866	1.0578227	1.0470899	1.0562029	1.0490807	1.054478	1.0508715	2036-01-23	tropics	17	0.01352644	0.014799392	0.0121733425	0.014405203	0.012673092	0.013992786	0.013101101	2036-01-23	tropics	17	0.01352644	0.014799392	0.0121733425	0.014405203	0.012673092	0.013992786	0.013101101	GARW	2036-04-01
2036-01-24	tropics	17	1.0521228	1.0573604	1.0465789	1.0557146	1.0485882	1.0540732	1.0503477	2036-01-24	tropics	17	1.0521228	1.0573604	1.0465789	1.0557146	1.0485882	1.0540732	1.0503477	2036-01-24	tropics	17	0.013415098	0.0146924015	0.012041879	0.014312315	0.012537718	0.013880014	0.01298821	2036-01-24	tropics	17	0.013415098	0.0146924015	0.012041879	0.014312315	0.012537718	0.013880014	0.01298821	GARW	2036-04-01
2036-01-25	tropics	17	1.0516412	1.0569862	1.0459955	1.0552969	1.0480913	1.053624	1.0498987	2036-01-25	tropics	17	1.0516412	1.0569862	1.0459955	1.0552969	1.0480913	1.053624	1.0498987	2036-01-25	tropics	17	0.013294935	0.0145901805	0.011925233	0.014187336	0.012412548	0.013768911	0.012859225	2036-01-25	tropics	17	0.013294935	0.0145901805	0.011925233	0.014187336	0.012412548	0.013768911	0.012859225	GARW	2036-04-01
2036-01-26	tropics	17	1.0511563	1.0566099	1.0454369	1.0548434	1.0476309	1.0531538	1.0493577	2036-01-26	tropics	17	1.0511563	1.0566099	1.0454369	1.0548434	1.0476309	1.0531538	1.0493577	2036-01-26	tropics	17	0.01317215	0.0144938	0.0117791295	0.014071893	0.012308693	0.01367414	0.012749076	2036-01-26	tropics	17	0.01317215	0.0144938	0.0117791295	0.014071893	0.012308693	0.01367414	0.012749076	GARW	2036-04-01
2036-01-27	tropics	17	1.0506898	1.0561641	1.0449437	1.0544704	1.0470879	1.0526484	1.0487872	2036-01-27	tropics	17	1.0506898	1.0561641	1.0449437	1.0544704	1.0470879	1.0526484	1.0487872	2036-01-27	tropics	17	0.013053417	0.014396609	0.011631643	0.013964271	0.012178945	0.013554931	0.012615919	2036-01-27	tropics	17	0.013053417	0.014396609	0.011631643	0.013964271	0.012178945	0.013554931	0.012615919	GARW	2036-04-01
2036-01-28	tropics	17	1.0501573	1.0557102	1.0444504	1.0539672	1.0464683	1.0521408	1.0482222	2036-01-28	tropics	17	1.0501573	1.0557102	1.0444504	1.0539672	1.0464683	1.0521408	1.0482222	2036-01-28	tropics	17	0.012944698	0.014296748	0.0115082385	0.01387124	0.01205306	0.013433933	0.012476683	2036-01-28	tropics	17	0.012944698	0.014296748	0.0115082385	0.01387124	0.01205306	0.013433933	0.012476683	GARW	2036-04-01
2036-01-29	tropics	17	1.0496639	1.05528	1.043835	1.0534515	1.0459435	1.0516667	1.0477533	2036-01-29	tropics	17	1.0496639	1.05528	1.043835	1.0534515	1.0459435	1.0516667	1.0477533	2036-01-29	tropics	17	0.012805462	0.014184893	0.011385166	0.013759709	0.011900616	0.013303995	0.012332082	2036-01-29	tropics	17	0.012805462	0.014184893	0.011385166	0.013759709	0.011900616	0.013303995	0.012332082	GARW	2036-04-01
2036-01-30	tropics	17	1.0491922	1.0551305	1.0432767	1.0530851	1.0453775	1.051163	1.0472417	2036-01-30	tropics	17	1.0491922	1.0551305	1.0432767	1.0530851	1.0453775	1.051163	1.0472417	2036-01-30	tropics	17	0.012690544	0.014071787	0.011242485	0.013631391	0.011761236	0.013188481	0.012209654	2036-01-30	tropics	17	0.012690544	0.014071787	0.011242485	0.013631391	0.011761236	0.013188481	0.012209654	GARW	2036-04-01
2036-01-31	tropics	17	1.0486512	1.0547731	1.0427483	1.0526904	1.0448408	1.050671	1.0466061	2036-01-31	tropics	17	1.0486512	1.0547731	1.0427483	1.0526904	1.0448408	1.050671	1.0466061	2036-01-31	tropics	17	0.012567997	0.0140124215	0.011092449	0.01352148	0.011628389	0.013061166	0.0120795965	2036-01-31	tropics	17	0.012567997	0.0140124215	0.011092449	0.01352148	0.011628389	0.013061166	0.0120795965	GARW	2036-04-01
2036-02-01	tropics	17	1.0481828	1.0544643	1.0421407	1.0521173	1.0441957	1.0501478	1.0460868	2036-02-01	tropics	17	1.0481828	1.0544643	1.0421407	1.0521173	1.0441957	1.0501478	1.0460868	2036-02-01	tropics	17	0.012435675	0.013946629	0.010965193	0.013430357	0.01148696	0.012941122	0.011930943	2036-02-01	tropics	17	0.012435675	0.013946629	0.010965193	0.013430357	0.01148696	0.012941122	0.011930943	GARW	2036-04-01
2036-02-02	tropics	17	1.0476863	1.0541455	1.0415308	1.0517868	1.0435568	1.0496969	1.0454602	2036-02-02	tropics	17	1.0476863	1.0541455	1.0415308	1.0517868	1.0435568	1.0496969	1.0454602	2036-02-02	tropics	17	0.012311459	0.013860465	0.010816896	0.013317489	0.01133213	0.01281774	0.011804581	2036-02-02	tropics	17	0.012311459	0.013860465	0.010816896	0.013317489	0.01133213	0.01281774	0.011804581	GARW	2036-04-01
2036-02-03	tropics	17	1.0471824	1.0537286	1.0409216	1.0514525	1.0429358	1.049217	1.0448835	2036-02-03	tropics	17	1.0471824	1.0537286	1.0409216	1.0514525	1.0429358	1.049217	1.0448835	2036-02-03	tropics	17	0.012202024	0.013794078	0.010664153	0.013200187	0.011175156	0.012684345	0.01165235	2036-02-03	tropics	17	0.012202024	0.013794078	0.010664153	0.013200187	0.011175156	0.012684345	0.01165235	GARW	2036-04-01
2036-02-04	tropics	17	1.0467212	1.0534496	1.0404078	1.0510455	1.042365	1.0487797	1.0443239	2036-02-04	tropics	17	1.0467212	1.0534496	1.0404078	1.0510455	1.042365	1.0487797	1.0443239	2036-02-04	tropics	17	0.012068272	0.013679136	0.0105109215	0.013124513	0.0110188965	0.012573481	0.011495709	2036-02-04	tropics	17	0.012068272	0.013679136	0.0105109215	0.013124513	0.0110188965	0.012573481	0.011495709	GARW	2036-04-01
2036-02-05	tropics	17	1.0461106	1.0530494	1.0398585	1.0506202	1.0416614	1.0482826	1.0437068	2036-02-05	tropics	17	1.0461106	1.0530494	1.0398585	1.0506202	1.0416614	1.0482826	1.0437068	2036-02-05	tropics	17	0.011950016	0.01360761	0.010372293	0.013020038	0.010877753	0.012460828	0.011362076	2036-02-05	tropics	17	0.011950016	0.01360761	0.010372293	0.013020038	0.010877753	0.012460828	0.011362076	GARW	2036-04-01
2036-02-06	tropics	17	1.0456429	1.0526843	1.03933	1.0502421	1.0411735	1.0478892	1.0431007	2036-02-06	tropics	17	1.0456429	1.0526843	1.03933	1.0502421	1.0411735	1.0478892	1.0431007	2036-02-06	tropics	17	0.011811018	0.013522458	0.010241771	0.012919902	0.010706949	0.012343049	0.01119566	2036-02-06	tropics	17	0.011811018	0.013522458	0.010241771	0.012919902	0.010706949	0.012343049	0.01119566	GARW	2036-04-01
2036-02-07	tropics	17	1.0451629	1.0523205	1.0387989	1.0497513	1.0406041	1.0474787	1.0425423	2036-02-07	tropics	17	1.0451629	1.0523205	1.0387989	1.0497513	1.0406041	1.0474787	1.0425423	2036-02-07	tropics	17	0.011683941	0.013425648	0.0101028085	0.012818193	0.010571385	0.0122333765	0.011061192	2036-02-07	tropics	17	0.011683941	0.013425648	0.0101028085	0.012818193	0.010571385	0.0122333765	0.011061192	GARW	2036-04-01
2036-02-08	tropics	17	1.0446818	1.051886	1.0381608	1.0493567	1.0398678	1.0469947	1.0420269	2036-02-08	tropics	17	1.0446818	1.051886	1.0381608	1.0493567	1.0398678	1.0469947	1.0420269	2036-02-08	tropics	17	0.011560917	0.013335073	0.009982086	0.012708377	0.010422612	0.012131691	0.010907054	2036-02-08	tropics	17	0.011560917	0.013335073	0.009982086	0.012708377	0.010422612	0.012131691	0.010907054	GARW	2036-04-01
2036-02-09	tropics	17	1.0441489	1.05151	1.0375824	1.0489494	1.0391951	1.0464828	1.0415484	2036-02-09	tropics	17	1.0441489	1.05151	1.0375824	1.0489494	1.0391951	1.0464828	1.0415484	2036-02-09	tropics	17	0.011444569	0.013236463	0.009816861	0.012593173	0.010254812	0.012030125	0.010781884	2036-02-09	tropics	17	0.011444569	0.013236463	0.009816861	0.012593173	0.010254812	0.012030125	0.010781884	GARW	2036-04-01
2036-02-10	tropics	17	1.0435872	1.0511317	1.0369339	1.0485672	1.0385759	1.0460597	1.0410526	2036-02-10	tropics	17	1.0435872	1.0511317	1.0369339	1.0485672	1.0385759	1.0460597	1.0410526	2036-02-10	tropics	17	0.011309624	0.013136423	0.009663689	0.012498092	0.010084343	0.011889815	0.010656118	2036-02-10	tropics	17	0.011309624	0.013136423	0.009663689	0.012498092	0.010084343	0.011889815	0.010656118	GARW	2036-04-01
2036-02-11	tropics	17	1.043047	1.0506724	1.0361981	1.0481211	1.0379934	1.0455652	1.0405098	2036-02-11	tropics	17	1.043047	1.0506724	1.0361981	1.0481211	1.0379934	1.0455652	1.0405098	2036-02-11	tropics	17	0.011176586	0.013040949	0.00951866	0.012404538	0.0099178795	0.011779308	0.010530114	2036-02-11	tropics	17	0.011176586	0.013040949	0.00951866	0.012404538	0.0099178795	0.011779308	0.010530114	GARW	2036-04-01
2036-02-12	tropics	17	1.0425265	1.0501287	1.0354735	1.0476128	1.0374267	1.0450709	1.0398239	2036-02-12	tropics	17	1.0425265	1.0501287	1.0354735	1.0476128	1.0374267	1.0450709	1.0398239	2036-02-12	tropics	17	0.011036634	0.012942507	0.00933038	0.012295532	0.0097743515	0.011661649	0.010397792	2036-02-12	tropics	17	0.011036634	0.012942507	0.00933038	0.012295532	0.0097743515	0.011661649	0.010397792	GARW	2036-04-01
2036-02-13	tropics	17	1.0419987	1.049632	1.034734	1.0470694	1.0369211	1.0446546	1.0392494	2036-02-13	tropics	17	1.0419987	1.049632	1.034734	1.0470694	1.0369211	1.0446546	1.0392494	2036-02-13	tropics	17	0.010907173	0.012806308	0.009153045	0.012180566	0.009626055	0.011542797	0.010241985	2036-02-13	tropics	17	0.010907173	0.012806308	0.009153045	0.012180566	0.009626055	0.011542797	0.010241985	GARW	2036-04-01
2036-02-14	tropics	17	1.0415204	1.049194	1.0341378	1.0466641	1.036271	1.0441598	1.0387105	2036-02-14	tropics	17	1.0415204	1.049194	1.0341378	1.0466641	1.036271	1.0441598	1.0387105	2036-02-14	tropics	17	0.01077342	0.0126794465	0.008965301	0.012043475	0.0094933985	0.011423588	0.010080218	2036-02-14	tropics	17	0.01077342	0.0126794465	0.008965301	0.012043475	0.0094933985	0.011423588	0.010080218	GARW	2036-04-01
2036-02-15	tropics	17	1.0409553	1.0488893	1.0336432	1.0462142	1.0356784	1.0436038	1.0381334	2036-02-15	tropics	17	1.0409553	1.0488893	1.0336432	1.0462142	1.0356784	1.0436038	1.0381334	2036-02-15	tropics	17	0.010653734	0.012562108	0.008792889	0.011935901	0.009339333	0.011302948	0.009955883	2036-02-15	tropics	17	0.010653734	0.012562108	0.008792889	0.011935901	0.009339333	0.011302948	0.009955883	GARW	2036-04-01
2036-02-16	tropics	17	1.0405072	1.0486376	1.0331191	1.0457648	1.035077	1.0431178	1.0374899	2036-02-16	tropics	17	1.0405072	1.0486376	1.0331191	1.0457648	1.035077	1.0431178	1.0374899	2036-02-16	tropics	17	0.010507584	0.012476636	0.008666527	0.011826038	0.009189415	0.01118052	0.009811878	2036-02-16	tropics	17	0.010507584	0.012476636	0.008666527	0.011826038	0.009189415	0.01118052	0.009811878	GARW	2036-04-01
2036-02-17	tropics	17	1.0399967	1.0482196	1.0324559	1.0453131	1.0345538	1.042618	1.0369846	2036-02-17	tropics	17	1.0399967	1.0482196	1.0324559	1.0453131	1.0345538	1.042618	1.0369846	2036-02-17	tropics	17	0.010385513	0.012409461	0.008544731	0.011705446	0.009044647	0.011050701	0.0096411705	2036-02-17	tropics	17	0.010385513	0.012409461	0.008544731	0.011705446	0.009044647	0.011050701	0.0096411705	GARW	2036-04-01
2036-02-18	tropics	17	1.0394976	1.0477976	1.0317574	1.0449022	1.0340194	1.0421392	1.0364208	2036-02-18	tropics	17	1.0394976	1.0477976	1.0317574	1.0449022	1.0340194	1.0421392	1.0364208	2036-02-18	tropics	17	0.010269642	0.012325979	0.008392132	0.011593484	0.008898497	0.010933995	0.009500742	2036-02-18	tropics	17	0.010269642	0.012325979	0.008392132	0.011593484	0.008898497	0.010933995	0.009500742	GARW	2036-04-01
2036-02-19	tropics	17	1.0390365	1.047344	1.0311159	1.0445534	1.0334687	1.041726	1.0359473	2036-02-19	tropics	17	1.0390365	1.047344	1.0311159	1.0445534	1.0334687	1.041726	1.0359473	2036-02-19	tropics	17	0.010150909	0.012223448	0.008201564	0.01148343	0.00876894	0.010802984	0.009362459	2036-02-19	tropics	17	0.010150909	0.012223448	0.008201564	0.01148343	0.00876894	0.010802984	0.009362459	GARW	2036-04-01
2036-02-20	tropics	17	1.0385935	1.0470228	1.0305684	1.0442071	1.0329938	1.0412529	1.0354387	2036-02-20	tropics	17	1.0385935	1.0470228	1.0305684	1.0442071	1.0329938	1.0412529	1.0354387	2036-02-20	tropics	17	0.010020494	0.012095882	0.008046782	0.01139717	0.0086207865	0.010696411	0.009247541	2036-02-20	tropics	17	0.010020494	0.012095882	0.008046782	0.01139717	0.0086207865	0.010696411	0.009247541	GARW	2036-04-01
2036-02-21	tropics	17	1.0380919	1.04662	1.0301447	1.043651	1.0324495	1.0407801	1.034898	2036-02-21	tropics	17	1.0380919	1.04662	1.0301447	1.043651	1.0324495	1.0407801	1.034898	2036-02-21	tropics	17	0.009915113	0.012011826	0.007877434	0.0113104815	0.008509683	0.010586262	0.009124041	2036-02-21	tropics	17	0.009915113	0.012011826	0.007877434	0.0113104815	0.008509683	0.010586262	0.009124041	GARW	2036-04-01
2036-02-22	tropics	17	1.0376694	1.0462586	1.0296823	1.0430636	1.0320151	1.0403363	1.0343581	2036-02-22	tropics	17	1.0376694	1.0462586	1.0296823	1.0430636	1.0320151	1.0403363	1.0343581	2036-02-22	tropics	17	0.009789705	0.011919739	0.0077844025	0.01117711	0.008386803	0.010460734	0.008989811	2036-02-22	tropics	17	0.009789705	0.011919739	0.0077844025	0.01117711	0.008386803	0.010460734	0.008989811	GARW	2036-04-01
2036-02-23	tropics	17	1.0371549	1.0459253	1.0288992	1.04261	1.0314775	1.0399412	1.0338194	2036-02-23	tropics	17	1.0371549	1.0459253	1.0288992	1.04261	1.0314775	1.0399412	1.0338194	2036-02-23	tropics	17	0.00966835	0.011824479	0.007658947	0.011031769	0.0082444195	0.010342956	0.00885272	2036-02-23	tropics	17	0.00966835	0.011824479	0.007658947	0.011031769	0.0082444195	0.010342956	0.00885272	GARW	2036-04-01
2036-02-24	tropics	17	1.0366664	1.0456625	1.0281997	1.0422252	1.0309496	1.0395379	1.0333805	2036-02-24	tropics	17	1.0366664	1.0456625	1.0281997	1.0422252	1.0309496	1.0395379	1.0333805	2036-02-24	tropics	17	0.009551525	0.011734858	0.007498956	0.010930682	0.008126354	0.010246158	0.00871098	2036-02-24	tropics	17	0.009551525	0.011734858	0.007498956	0.010930682	0.008126354	0.010246158	0.00871098	GARW	2036-04-01
2036-02-25	tropics	17	1.036217	1.0453362	1.0273613	1.0417466	1.0304577	1.0390977	1.0329155	2036-02-25	tropics	17	1.036217	1.0453362	1.0273613	1.0417466	1.0304577	1.0390977	1.0329155	2036-02-25	tropics	17	0.00943017	0.011666825	0.0073084114	0.0108213425	0.007984495	0.0101412535	0.008605123	2036-02-25	tropics	17	0.00943017	0.011666825	0.0073084114	0.0108213425	0.007984495	0.0101412535	0.008605123	GARW	2036-04-01
2036-02-26	tropics	17	1.0358233	1.044905	1.0267407	1.0413331	1.0299217	1.0387936	1.0325285	2036-02-26	tropics	17	1.0358233	1.044905	1.0267407	1.0413331	1.0299217	1.0387936	1.0325285	2036-02-26	tropics	17	0.009315968	0.011601283	0.0071047544	0.010705995	0.007861567	0.010041952	0.008474469	2036-02-26	tropics	17	0.009315968	0.011601283	0.0071047544	0.010705995	0.007861567	0.010041952	0.008474469	GARW	2036-04-01
2036-02-27	tropics	17	1.0353601	1.0443676	1.0260509	1.0410109	1.0294216	1.038389	1.0320716	2036-02-27	tropics	17	1.0353601	1.0443676	1.0260509	1.0410109	1.0294216	1.038389	1.0320716	2036-02-27	tropics	17	0.009213686	0.011493374	0.0069307447	0.010583973	0.007731819	0.009949088	0.008369207	2036-02-27	tropics	17	0.009213686	0.011493374	0.0069307447	0.010583973	0.007731819	0.009949088	0.008369207	GARW	2036-04-01
2036-02-28	tropics	17	1.0349197	1.043971	1.025304	1.0406598	1.0289397	1.0379927	1.0316787	2036-02-28	tropics	17	1.0349197	1.043971	1.025304	1.0406598	1.0289397	1.0379927	1.0316787	2036-02-28	tropics	17	0.009099722	0.011366526	0.0067661167	0.010512352	0.0076114656	0.00985837	0.0082736015	2036-02-28	tropics	17	0.009099722	0.011366526	0.0067661167	0.010512352	0.0076114656	0.00985837	0.0082736015	GARW	2036-04-01
2036-02-29	tropics	17	1.0344173	1.0436804	1.0245575	1.0402156	1.0284133	1.0377004	1.0312364	2036-02-29	tropics	17	1.0344173	1.0436804	1.0245575	1.0402156	1.0284133	1.0377004	1.0312364	2036-02-29	tropics	17	0.008985281	0.011253408	0.006578994	0.010415411	0.0074772835	0.009752035	0.008154631	2036-02-29	tropics	17	0.008985281	0.011253408	0.006578994	0.010415411	0.0074772835	0.009752035	0.008154631	GARW	2036-04-01
2036-03-01	tropics	17	1.0339161	1.0433993	1.0238743	1.0398227	1.0277855	1.0372405	1.0307162	2036-03-01	tropics	17	1.0339161	1.0433993	1.0238743	1.0398227	1.0277855	1.0372405	1.0307162	2036-03-01	tropics	17	0.008860111	0.01117412	0.0063883425	0.0103263855	0.0073295115	0.0096741915	0.008056641	2036-03-01	tropics	17	0.008860111	0.01117412	0.0063883425	0.0103263855	0.0073295115	0.0096741915	0.008056641	GARW	2036-04-01
2036-03-02	tropics	17	1.0335357	1.0431902	1.023348	1.0394573	1.0272992	1.0369984	1.0302789	2036-03-02	tropics	17	1.0335357	1.0431902	1.023348	1.0394573	1.0272992	1.0369984	1.0302789	2036-03-02	tropics	17	0.008736134	0.011102569	0.0062053083	0.010207939	0.0071932795	0.0095665455	0.007927299	2036-03-02	tropics	17	0.008736134	0.011102569	0.0062053083	0.010207939	0.0071932795	0.0095665455	0.007927299	GARW	2036-04-01
2036-03-03	tropics	17	1.0330498	1.0428813	1.0227809	1.0391213	1.0269365	1.0367538	1.0298316	2036-03-03	tropics	17	1.0330498	1.0428813	1.0227809	1.0391213	1.0269365	1.0367538	1.0298316	2036-03-03	tropics	17	0.008624315	0.011054434	0.006066501	0.010131407	0.007077408	0.009489775	0.00783062	2036-03-03	tropics	17	0.008624315	0.011054434	0.006066501	0.010131407	0.007077408	0.009489775	0.00783062	GARW	2036-04-01
2036-03-04	tropics	17	1.03262	1.0425787	1.0222224	1.038794	1.026326	1.0363954	1.0293872	2036-03-04	tropics	17	1.03262	1.0425787	1.0222224	1.038794	1.026326	1.0363954	1.0293872	2036-03-04	tropics	17	0.008519411	0.010974408	0.005918956	0.010035276	0.006951857	0.009427547	0.007688284	2036-03-04	tropics	17	0.008519411	0.010974408	0.005918956	0.010035276	0.006951857	0.009427547	0.007688284	GARW	2036-04-01
2036-03-05	tropics	17	1.0322495	1.0422813	1.0216798	1.0383239	1.025903	1.0361098	1.0290189	2036-03-05	tropics	17	1.0322495	1.0422813	1.0216798	1.0383239	1.025903	1.0361098	1.0290189	2036-03-05	tropics	17	0.008408308	0.010898785	0.0057747243	0.009945058	0.00681777	0.009362817	0.007589102	2036-03-05	tropics	17	0.008408308	0.010898785	0.0057747243	0.009945058	0.00681777	0.009362817	0.007589102	GARW	2036-04-01
2036-03-06	tropics	17	1.0319003	1.0418994	1.0211413	1.0380123	1.0253086	1.0358827	1.0286	2036-03-06	tropics	17	1.0319003	1.0418994	1.0211413	1.0380123	1.0253086	1.0358827	1.0286	2036-03-06	tropics	17	0.008315563	0.010824183	0.005635238	0.009860372	0.0067052366	0.009271264	0.007496953	2036-03-06	tropics	17	0.008315563	0.010824183	0.005635238	0.009860372	0.0067052366	0.009271264	0.007496953	GARW	2036-04-01
2036-03-07	tropics	17	1.0315225	1.0417516	1.0204742	1.0377517	1.0247735	1.0357268	1.0283033	2036-03-07	tropics	17	1.0315225	1.0417516	1.0204742	1.0377517	1.0247735	1.0357268	1.0283033	2036-03-07	tropics	17	0.008208036	0.010747494	0.005498886	0.009755135	0.006564903	0.00919652	0.0073740482	2036-03-07	tropics	17	0.008208036	0.010747494	0.005498886	0.009755135	0.006564903	0.00919652	0.0073740482	GARW	2036-04-01
2036-03-08	tropics	17	1.0312485	1.0415814	1.019816	1.0375868	1.0241973	1.0353568	1.0279197	2036-03-08	tropics	17	1.0312485	1.0415814	1.019816	1.0375868	1.0241973	1.0353568	1.0279197	2036-03-08	tropics	17	0.008120775	0.010684704	0.005339897	0.009688139	0.0064238547	0.009170294	0.0073002577	2036-03-08	tropics	17	0.008120775	0.010684704	0.005339897	0.009688139	0.0064238547	0.009170294	0.0073002577	GARW	2036-04-01
2036-03-09	tropics	17	1.0309076	1.0413357	1.0191721	1.037335	1.0236145	1.034941	1.0274189	2036-03-09	tropics	17	1.0309076	1.0413357	1.0191721	1.037335	1.0236145	1.034941	1.0274189	2036-03-09	tropics	17	0.008040667	0.0106366165	0.0051709297	0.009626913	0.0062826155	0.009078622	0.00720644	2036-03-09	tropics	17	0.008040667	0.0106366165	0.0051709297	0.009626913	0.0062826155	0.009078622	0.00720644	GARW	2036-04-01
2036-03-10	tropics	17	1.0305452	1.0413822	1.0185392	1.037086	1.0231777	1.0345845	1.0270032	2036-03-10	tropics	17	1.0305452	1.0413822	1.0185392	1.037086	1.0231777	1.0345845	1.0270032	2036-03-10	tropics	17	0.007959843	0.010580802	0.005003369	0.00958929	0.0061258795	0.008992672	0.0070921183	2036-03-10	tropics	17	0.007959843	0.010580802	0.005003369	0.00958929	0.0061258795	0.008992672	0.0070921183	GARW	2036-04-01
2036-03-11	tropics	17	1.0302761	1.0414343	1.0178981	1.0369313	1.0226039	1.0343145	1.0265104	2036-03-11	tropics	17	1.0302761	1.0414343	1.0178981	1.0369313	1.0226039	1.0343145	1.0265104	2036-03-11	tropics	17	0.007873535	0.010564102	0.004843414	0.009519244	0.0060125827	0.008886099	0.0069816113	2036-03-11	tropics	17	0.007873535	0.010564102	0.004843414	0.009519244	0.0060125827	0.008886099	0.0069816113	GARW	2036-04-01
2036-03-12	tropics	17	1.0299666	1.0414861	1.0174382	1.0367832	1.0220723	1.0340809	1.0260329	2036-03-12	tropics	17	1.0299666	1.0414861	1.0174382	1.0367832	1.0220723	1.0340809	1.0260329	2036-03-12	tropics	17	0.007793665	0.010580697	0.004677963	0.009458828	0.005886984	0.008813024	0.0068501234	2036-03-12	tropics	17	0.007793665	0.010580697	0.004677963	0.009458828	0.005886984	0.008813024	0.0068501234	GARW	2036-04-01
2036-03-13	tropics	17	1.029645	1.0411409	1.0170699	1.0365338	1.021516	1.0336733	1.025619	2036-03-13	tropics	17	1.029645	1.0411409	1.0170699	1.0365338	1.021516	1.0336733	1.025619	2036-03-13	tropics	17	0.0077261925	0.010590912	0.004535532	0.009425639	0.0057201385	0.008752942	0.0067412853	2036-03-13	tropics	17	0.0077261925	0.010590912	0.004535532	0.009425639	0.0057201385	0.008752942	0.0067412853	GARW	2036-04-01
2036-03-14	tropics	17	1.0293996	1.0409545	1.016547	1.0363221	1.0208448	1.0335094	1.0251131	2036-03-14	tropics	17	1.0293996	1.0409545	1.016547	1.0363221	1.0208448	1.0335094	1.0251131	2036-03-14	tropics	17	0.007638693	0.010550786	0.004438651	0.009357642	0.0055905343	0.008668542	0.0066372156	2036-03-14	tropics	17	0.007638693	0.010550786	0.004438651	0.009357642	0.0055905343	0.008668542	0.0066372156	GARW	2036-04-01
2036-03-15	tropics	17	1.0290985	1.0410762	1.015946	1.0361792	1.020287	1.0334377	1.0246544	2036-03-15	tropics	17	1.0290985	1.0410762	1.015946	1.0361792	1.020287	1.0334377	1.0246544	2036-03-15	tropics	17	0.007571459	0.010472655	0.0043258667	0.009319544	0.005447769	0.008585572	0.0065131187	2036-03-15	tropics	17	0.007571459	0.010472655	0.0043258667	0.009319544	0.005447769	0.008585572	0.0065131187	GARW	2036-04-01
2036-03-16	tropics	17	1.0288641	1.0409768	1.0152277	1.0361084	1.0196859	1.0331353	1.0242237	2036-03-16	tropics	17	1.0288641	1.0409768	1.0152277	1.0361084	1.0196859	1.0331353	1.0242237	2036-03-16	tropics	17	0.0075085163	0.01048881	0.0041788938	0.009266805	0.005285931	0.008565545	0.0063854456	2036-03-16	tropics	17	0.0075085163	0.01048881	0.0041788938	0.009266805	0.005285931	0.008565545	0.0063854456	GARW	2036-04-01
2036-03-17	tropics	17	1.0286374	1.04084	1.0147916	1.0358161	1.0191098	1.0329505	1.0239291	2036-03-17	tropics	17	1.0286374	1.04084	1.0147916	1.0358161	1.0191098	1.0329505	1.0239291	2036-03-17	tropics	17	0.0074386597	0.010476662	0.0039895177	0.009248733	0.0051273825	0.008526206	0.006272793	2036-03-17	tropics	17	0.0074386597	0.010476662	0.0039895177	0.009248733	0.0051273825	0.008526206	0.006272793	GARW	2036-04-01
2036-03-18	tropics	17	1.0283524	1.0406315	1.0143905	1.0357141	1.0188107	1.032788	1.0236259	2036-03-18	tropics	17	1.0283524	1.0406315	1.0143905	1.0357141	1.0188107	1.032788	1.0236259	2036-03-18	tropics	17	0.0073800087	0.010454571	0.0038591623	0.009196329	0.0049776076	0.008456469	0.006176591	2036-03-18	tropics	17	0.0073800087	0.010454571	0.0038591623	0.009196329	0.0049776076	0.008456469	0.006176591	GARW	2036-04-01
2036-03-19	tropics	17	1.0280876	1.0404263	1.0135766	1.035609	1.0183016	1.0325298	1.0232174	2036-03-19	tropics	17	1.0280876	1.0404263	1.0135766	1.035609	1.0183016	1.0325298	1.0232174	2036-03-19	tropics	17	0.007296324	0.010401655	0.003752804	0.009165525	0.0048629763	0.008420467	0.006107092	2036-03-19	tropics	17	0.007296324	0.010401655	0.003752804	0.009165525	0.0048629763	0.008420467	0.006107092	GARW	2036-04-01
2036-03-20	tropics	17	1.0278269	1.0402825	1.0124823	1.035522	1.017955	1.0322971	1.0227995	2036-03-20	tropics	17	1.0278269	1.0402825	1.0124823	1.035522	1.017955	1.0322971	1.0227995	2036-03-20	tropics	17	0.0072488785	0.010349918	0.0036117672	0.009111975	0.0047512534	0.00835669	0.0060077906	2036-03-20	tropics	17	0.0072488785	0.010349918	0.0036117672	0.009111975	0.0047512534	0.00835669	0.0060077906	GARW	2036-04-01
2036-03-21	tropics	17	1.0276158	1.0401788	1.0113908	1.0354116	1.0174885	1.0321287	1.0224206	2036-03-21	tropics	17	1.0276158	1.0401788	1.0113908	1.0354116	1.0174885	1.0321287	1.0224206	2036-03-21	tropics	17	0.0071721077	0.010304465	0.0033347488	0.009097624	0.004665804	0.008299947	0.005917549	2036-03-21	tropics	17	0.0071721077	0.010304465	0.0033347488	0.009097624	0.004665804	0.008299947	0.005917549	GARW	2036-04-01
2036-03-22	tropics	17	1.0273603	1.0402142	1.0106267	1.0353599	1.0170251	1.0319667	1.0220402	2036-03-22	tropics	17	1.0273603	1.0402142	1.0106267	1.0353599	1.0170251	1.0319667	1.0220402	2036-03-22	tropics	17	0.0071291924	0.01027707	0.0030564547	0.009069442	0.0045611383	0.008255839	0.005792737	2036-03-22	tropics	17	0.0071291924	0.01027707	0.0030564547	0.009069442	0.0045611383	0.008255839	0.005792737	GARW	2036-04-01
2036-03-23	tropics	17	1.0269518	1.0401888	1.0100172	1.0353405	1.0166775	1.0318404	1.0215802	2036-03-23	tropics	17	1.0269518	1.0401888	1.0100172	1.0353405	1.0166775	1.0318404	1.0215802	2036-03-23	tropics	17	0.0070495605	0.010266626	0.002823496	0.009050798	0.0044078827	0.008212566	0.0057127476	2036-03-23	tropics	17	0.0070495605	0.010266626	0.002823496	0.009050798	0.0044078827	0.008212566	0.0057127476	GARW	2036-04-01
2036-03-24	tropics	17	1.0266349	1.0401711	1.0094688	1.0353897	1.0161694	1.0318444	1.0212867	2036-03-24	tropics	17	1.0266349	1.0401711	1.0094688	1.0353897	1.0161694	1.0318444	1.0212867	2036-03-24	tropics	17	0.006954193	0.010275687	0.0026425957	0.009037208	0.004336214	0.008180141	0.005601406	2036-03-24	tropics	17	0.006954193	0.010275687	0.0026425957	0.009037208	0.004336214	0.008180141	0.005601406	GARW	2036-04-01
2036-03-25	tropics	17	1.0262933	1.040322	1.0088711	1.0354301	1.0158775	1.0318288	1.0208948	2036-03-25	tropics	17	1.0262933	1.040322	1.0088711	1.0354301	1.0158775	1.0318288	1.0208948	2036-03-25	tropics	17	0.0068643093	0.010274161	0.0025108696	0.00906086	0.0042194845	0.008165598	0.005510807	2036-03-25	tropics	17	0.0068643093	0.010274161	0.0025108696	0.00906086	0.0042194845	0.008165598	0.005510807	GARW	2036-04-01
2036-03-26	tropics	17	1.026118	1.0404067	1.0085021	1.0354625	1.0152378	1.0316684	1.0205973	2036-03-26	tropics	17	1.026118	1.0404067	1.0085021	1.0354625	1.0152378	1.0316684	1.0205973	2036-03-26	tropics	17	0.006781101	0.010276104	0.0023286224	0.009068536	0.0041071414	0.008162737	0.0054289103	2036-03-26	tropics	17	0.006781101	0.010276104	0.0023286224	0.009068536	0.0041071414	0.008162737	0.0054289103	GARW	2036-04-01
2036-03-27	tropics	17	1.025876	1.0407226	1.0080044	1.0355071	1.0145864	1.0315088	1.0204536	2036-03-27	tropics	17	1.025876	1.0407226	1.0080044	1.0355071	1.0145864	1.0315088	1.0204536	2036-03-27	tropics	17	0.0067284107	0.010321952	0.0022385716	0.009078692	0.004002047	0.008125901	0.005328059	2036-03-27	tropics	17	0.0067284107	0.010321952	0.0022385716	0.009078692	0.004002047	0.008125901	0.005328059	GARW	2036-04-01
2036-03-28	tropics	17	1.0256605	1.0411202	1.0075108	1.035579	1.0140444	1.0317858	1.0201628	2036-03-28	tropics	17	1.0256605	1.0411202	1.0075108	1.035579	1.0140444	1.0317858	1.0201628	2036-03-28	tropics	17	0.00668931	0.010376003	0.0021217465	0.00908842	0.0038344383	0.008111119	0.005281687	2036-03-28	tropics	17	0.00668931	0.010376003	0.0021217465	0.00908842	0.0038344383	0.008111119	0.005281687	GARW	2036-04-01
2036-03-29	tropics	17	1.0256512	1.0415136	1.0067747	1.0356998	1.0134506	1.0317457	1.0197959	2036-03-29	tropics	17	1.0256512	1.0415136	1.0067747	1.0356998	1.0134506	1.0317457	1.0197959	2036-03-29	tropics	17	0.0066137314	0.0104570035	0.001993537	0.009106017	0.0036677837	0.008128881	0.0052466393	2036-03-29	tropics	17	0.0066137314	0.0104570035	0.001993537	0.009106017	0.0036677837	0.008128881	0.0052466393	GARW	2036-04-01
2036-03-30	tropics	17	1.025403	1.0415549	1.0063175	1.036099	1.0130771	1.0318679	1.0192614	2036-03-30	tropics	17	1.025403	1.0415549	1.0063175	1.036099	1.0130771	1.0318679	1.0192614	2036-03-30	tropics	17	0.0065779686	0.010584106	0.0018611669	0.00912671	0.003537512	0.008125901	0.005147934	2036-03-30	tropics	17	0.0065779686	0.010584106	0.0018611669	0.00912671	0.003537512	0.008125901	0.005147934	GARW	2036-04-01
2036-03-31	tropics	17	1.0253575	1.0417862	1.0058984	1.0363742	1.0124515	1.0317812	1.0187852	2036-03-31	tropics	17	1.0253575	1.0417862	1.0058984	1.0363742	1.0124515	1.0317812	1.0187852	2036-03-31	tropics	17	0.00655818	0.01061585	0.0016595125	0.009201192	0.0034069538	0.008158922	0.005032301	2036-03-31	tropics	17	0.00655818	0.01061585	0.0016595125	0.009201192	0.0034069538	0.008158922	0.005032301	GARW	2036-04-01
2036-04-01	tropics	17	1.0252435	1.0419427	1.0053577	1.036609	1.0119889	1.0318325	1.0185956	2036-04-01	tropics	17	1.0252435	1.0419427	1.0053577	1.036609	1.0119889	1.0318325	1.0185956	2036-04-01	tropics	17	0.0065193176	0.010663463	0.0015672445	0.009290362	0.0032824995	0.008161306	0.004924655	2036-04-01	tropics	17	0.0065193176	0.010663463	0.0015672445	0.009290362	0.0032824995	0.008161306	0.004924655	GARW	2036-04-01
2035-04-03	tropics	28	1.1194919	1.1284431	1.1102427	1.1258413	1.1134571	1.1230311	1.115998	2035-04-03	tropics	28	1.1194919	1.1284431	1.1102427	1.1258413	1.1134571	1.1230311	1.115998	2035-04-03	tropics	28	nan	nan	nan	nan	nan	nan	nan	2035-04-03	tropics	28	nan	nan	nan	nan	nan	nan	nan	GARW	2036-04-01
2035-04-04	tropics	28	1.1197269	1.1286008	1.1103988	1.125942	1.1135495	1.1231623	1.1160849	2035-04-04	tropics	28	1.1197269	1.1286008	1.1103988	1.125942	1.1135495	1.1231623	1.1160849	2035-04-04	tropics	28	0.0	0.0	0.0	0.0	0.0	0.0	0.0	2035-04-04	tropics	28	0.0	0.0	0.0	0.0	0.0	0.0	0.0	GARW	2036-04-01
2035-04-05	tropics	28	1.1197314	1.1287941	1.1106085	1.1260976	1.1138138	1.1232681	1.1161411	2035-04-05	tropics	28	1.1197314	1.1287941	1.1106085	1.1260976	1.1138138	1.1232681	1.1161411	2035-04-05	tropics	28	0.0	0.0	0.0	0.0	0.0	0.0	0.0	2035-04-05	tropics	28	0.0	0.0	0.0	0.0	0.0	0.0	0.0	GARW	2036-04-01
2035-04-06	tropics	28	1.1199093	1.1288762	1.1108053	1.1261767	1.1139944	1.123369	1.1162837	2035-04-06	tropics	28	1.1199093	1.1288762	1.1108053	1.1261767	1.1139944	1.123369	1.1162837	2035-04-06	tropics	28	0.0	0.0	0.0	0.0	0.0	0.0	0.0	2035-04-06	tropics	28	0.0	0.0	0.0	0.0	0.0	0.0	0.0	GARW	2036-04-01
2035-04-07	tropics	28	1.1200318	1.1291106	1.1109915	1.126241	1.1141553	1.123412	1.1164708	2035-04-07	tropics	28	1.1200318	1.1291106	1.1109915	1.126241	1.1141553	1.123412	1.1164708	2035-04-07	tropics	28	0.0	0.0	0.0	0.0	0.0	0.0	0.0	2035-04-07	tropics	28	0.0	0.0	0.0	0.0	0.0	0.0	0.0	GARW	2036-04-01
2035-04-08	tropics	28	1.1201205	1.1292697	1.1111369	1.1263224	1.1142046	1.123489	1.1166208	2035-04-08	tropics	28	1.1201205	1.1292697	1.1111369	1.1263224	1.1142046	1.123489	1.1166208	2035-04-08	tropics	28	0.0	0.0	0.0	0.0	0.0	0.0	0.0	2035-04-08	tropics	28	0.0	0.0	0.0	0.0	0.0	0.0	0.0	GARW	2036-04-01
2035-04-09	tropics	28	1.1202947	1.1295465	1.1111648	1.1264534	1.1142495	1.1237156	1.1168468	2035-04-09	tropics	28	1.1202947	1.1295465	1.1111648	1.1264534	1.1142495	1.1237156	1.1168468	2035-04-09	tropics	28	0.0	0.0	0.0	0.0	0.0	0.0	0.0	2035-04-09	tropics	28	0.0	0.0	0.0	0.0	0.0	0.0	0.0	GARW	2036-04-01
2035-04-10	tropics	28	1.1204278	1.1299263	1.1110988	1.1266747	1.1142772	1.123854	1.1170403	2035-04-10	tropics	28	1.1204278	1.1299263	1.1110988	1.1266747	1.1142772	1.123854	1.1170403	2035-04-10	tropics	28	0.0	0.0	0.0	0.0	0.0	0.0	0.0	2035-04-10	tropics	28	0.0	0.0	0.0	0.0	0.0	0.0	0.0	GARW	2036-04-01
2035-04-11	tropics	28	1.120575	1.1302863	1.1110653	1.1267797	1.1143405	1.1240094	1.1171155	2035-04-11	tropics	28	1.120575	1.1302863	1.1110653	1.1267797	1.1143405	1.1240094	1.1171155	2035-04-11	tropics	28	0.0	0.0	0.0	0.0	0.0	0.0	0.0	2035-04-11	tropics	28	0.0	0.0	0.0	0.0	0.0	0.0	0.0	GARW	2036-04-01
2035-04-12	tropics	28	1.1207027	1.1304326	1.1111178	1.1269099	1.1144036	1.1242598	1.1172377	2035-04-12	tropics	28	1.1207027	1.1304326	1.1111178	1.1269099	1.1144036	1.1242598	1.1172377	2035-04-12	tropics	28	0.0	0.0	0.0	0.0	0.0	0.0	0.0	2035-04-12	tropics	28	0.0	0.0	0.0	0.0	0.0	0.0	0.0	GARW	2036-04-01
2035-04-13	tropics	28	1.1208599	1.1304995	1.111135	1.1270425	1.1144537	1.1244224	1.1172941	2035-04-13	tropics	28	1.1208599	1.1304995	1.111135	1.1270425	1.1144537	1.1244224	1.1172941	2035-04-13	tropics	28	0.0	0.0	0.0	0.0	0.0	0.0	0.0	2035-04-13	tropics	28	0.0	0.0	0.0	0.0	0.0	0.0	0.0	GARW	2036-04-01
2035-04-14	tropics	28	1.1209362	1.1305671	1.1111591	1.1273029	1.1145188	1.1245025	1.1173861	2035-04-14	tropics	28	1.1209362	1.1305671	1.1111591	1.1273029	1.1145188	1.1245025	1.1173861	2035-04-14	tropics	28	0.0	0.0	0.0	0.0	0.0	0.0	0.0	2035-04-14	tropics	28	0.0	0.0	0.0	0.0	0.0	0.0	0.0	GARW	2036-04-01
2035-04-15	tropics	28	1.1210594	1.1306353	1.1111841	1.1274711	1.1146266	1.1245666	1.1174729	2035-04-15	tropics	28	1.1210594	1.1306353	1.1111841	1.1274711	1.1146266	1.1245666	1.1174729	2035-04-15	tropics	28	0.0	0.0	0.0	0.0	0.0	0.0	0.0	2035-04-15	tropics	28	0.0	0.0	0.0	0.0	0.0	0.0	0.0	GARW	2036-04-01
2035-04-16	tropics	28	1.1211594	1.1307737	1.1112151	1.1276115	1.1147665	1.1246336	1.1176447	2035-04-16	tropics	28	1.1211594	1.1307737	1.1112151	1.1276115	1.1147665	1.1246336	1.1176447	2035-04-16	tropics	28	0.0	0.0	0.0	0.0	0.0	0.0	0.0	2035-04-16	tropics	28	0.0	0.0	0.0	0.0	0.0	0.0	0.0	GARW	2036-04-01
2035-04-17	tropics	28	1.1212405	1.1310741	1.1112531	1.1277707	1.1148665	1.1247079	1.1177142	2035-04-17	tropics	28	1.1212405	1.1310741	1.1112531	1.1277707	1.1148665	1.1247079	1.1177142	2035-04-17	tropics	28	0.0	0.0	0.0	0.0	0.0	0.0	0.0	2035-04-17	tropics	28	0.0	0.0	0.0	0.0	0.0	0.0	0.0	GARW	2036-04-01
2035-04-18	tropics	28	1.1213133	1.131416	1.111298	1.1278805	1.1148831	1.1247554	1.1177711	2035-04-18	tropics	28	1.1213133	1.131416	1.111298	1.1278805	1.1148831	1.1247554	1.1177711	2035-04-18	tropics	28	0.0	0.0	0.0	0.0	0.0	0.0	0.0	2035-04-18	tropics	28	0.0	0.0	0.0	0.0	0.0	0.0	0.0	GARW	2036-04-01
2035-04-19	tropics	28	1.1214042	1.1316491	1.1113765	1.1279627	1.1150414	1.1248927	1.1178409	2035-04-19	tropics	28	1.1214042	1.1316491	1.1113765	1.1279627	1.1150414	1.1248927	1.1178409	2035-04-19	tropics	28	0.0	0.0	0.0	0.0	0.0	0.0	0.0	2035-04-19	tropics	28	0.0	0.0	0.0	0.0	0.0	0.0	0.0	GARW	2036-04-01
2035-04-20	tropics	28	1.1214851	1.1318688	1.1114829	1.1280246	1.1151006	1.1249963	1.1178854	2035-04-20	tropics	28	1.1214851	1.1318688	1.1114829	1.1280246	1.1151006	1.1249963	1.1178854	2035-04-20	tropics	28	0.0	0.0	0.0	0.0	0.0	0.0	0.0	2035-04-20	tropics	28	0.0	0.0	0.0	0.0	0.0	0.0	0.0	GARW	2036-04-01
2035-04-21	tropics	28	1.1215396	1.1320629	1.1115906	1.128069	1.1151812	1.1250435	1.1179478	2035-04-21	tropics	28	1.1215396	1.1320629	1.1115906	1.128069	1.1151812	1.1250435	1.1179478	2035-04-21	tropics	28	0.0	0.0	0.0	0.0	0.0	0.0	0.0	2035-04-21	tropics	28	0.0	0.0	0.0	0.0	0.0	0.0	0.0	GARW	2036-04-01
2035-04-22	tropics	28	1.1216369	1.132259	1.1116993	1.1281177	1.1152766	1.1251059	1.1180515	2035-04-22	tropics	28	1.1216369	1.132259	1.1116993	1.1281177	1.1152766	1.1251059	1.1180515	2035-04-22	tropics	28	0.0	0.0	0.0	0.0	0.0	0.0	0.0	2035-04-22	tropics	28	0.0	0.0	0.0	0.0	0.0	0.0	0.0	GARW	2036-04-01
2035-04-23	tropics	28	1.1216705	1.1324822	1.1118089	1.1282047	1.1153722	1.1251656	1.1181674	2035-04-23	tropics	28	1.1216705	1.1324822	1.1118089	1.1282047	1.1153722	1.1251656	1.1181674	2035-04-23	tropics	28	0.0	0.0	0.0	0.0	0.0	0.0	0.0	2035-04-23	tropics	28	0.0	0.0	0.0	0.0	0.0	0.0	0.0	GARW	2036-04-01
2035-04-24	tropics	28	1.1217374	1.1326978	1.1119193	1.128324	1.1154401	1.125246	1.1182687	2035-04-24	tropics	28	1.1217374	1.1326978	1.1119193	1.128324	1.1154401	1.125246	1.1182687	2035-04-24	tropics	28	0.0	0.0	0.0	0.0	0.0	0.0	0.0	2035-04-24	tropics	28	0.0	0.0	0.0	0.0	0.0	0.0	0.0	GARW	2036-04-01
2035-04-25	tropics	28	1.1218629	1.1328483	1.1120285	1.1284636	1.1154854	1.1253684	1.1184211	2035-04-25	tropics	28	1.1218629	1.1328483	1.1120285	1.1284636	1.1154854	1.1253684	1.1184211	2035-04-25	tropics	28	0.0	0.0	0.0	0.0	0.0	0.0	0.0	2035-04-25	tropics	28	0.0	0.0	0.0	0.0	0.0	0.0	0.0	GARW	2036-04-01
2035-04-26	tropics	28	1.1219356	1.1329906	1.1121349	1.1285498	1.1155045	1.1255152	1.1185113	2035-04-26	tropics	28	1.1219356	1.1329906	1.1121349	1.1285498	1.1155045	1.1255152	1.1185113	2035-04-26	tropics	28	0.0	0.0	0.0	0.0	0.0	0.0	0.0	2035-04-26	tropics	28	0.0	0.0	0.0	0.0	0.0	0.0	0.0	GARW	2036-04-01
2035-04-27	tropics	28	1.1220284	1.1331261	1.1122414	1.128629	1.1155809	1.1255891	1.1185853	2035-04-27	tropics	28	1.1220284	1.1331261	1.1122414	1.128629	1.1155809	1.1255891	1.1185853	2035-04-27	tropics	28	0.0	0.0	0.0	0.0	0.0	0.0	0.0	2035-04-27	tropics	28	0.0	0.0	0.0	0.0	0.0	0.0	0.0	GARW	2036-04-01
2035-04-28	tropics	28	1.1220791	1.133259	1.1123478	1.1287283	1.1156437	1.1257043	1.1186383	2035-04-28	tropics	28	1.1220791	1.133259	1.1123478	1.1287283	1.1156437	1.1257043	1.1186383	2035-04-28	tropics	28	0.0	0.0	0.0	0.0	0.0	0.0	0.0	2035-04-28	tropics	28	0.0	0.0	0.0	0.0	0.0	0.0	0.0	GARW	2036-04-01
2035-04-29	tropics	28	1.1221738	1.1333877	1.1124401	1.1288173	1.1156962	1.1258085	1.1186854	2035-04-29	tropics	28	1.1221738	1.1333877	1.1124401	1.1288173	1.1156962	1.1258085	1.1186854	2035-04-29	tropics	28	0.0	0.0	0.0	0.0	0.0	0.0	0.0	2035-04-29	tropics	28	0.0	0.0	0.0	0.0	0.0	0.0	0.0	GARW	2036-04-01
2035-04-30	tropics	28	1.1222556	1.1334807	1.1124752	1.1289115	1.1157507	1.1259012	1.1187414	2035-04-30	tropics	28	1.1222556	1.1334807	1.1124752	1.1289115	1.1157507	1.1259012	1.1187414	2035-04-30	tropics	28	0.0	0.0	0.0	0.0	0.0	0.0	0.0	2035-04-30	tropics	28	0.0	0.0	0.0	0.0	0.0	0.0	0.0	GARW	2036-04-01
2035-05-01	tropics	28	1.1223192	1.1335306	1.1125082	1.1290025	1.1158283	1.1259598	1.1187869	2035-05-01	tropics	28	1.1223192	1.1335306	1.1125082	1.1290025	1.1158283	1.1259598	1.1187869	2035-05-01	tropics	28	0.0	0.0	0.0	0.0	0.0	0.0	0.0	2035-05-01	tropics	28	0.0	0.0	0.0	0.0	0.0	0.0	0.0	GARW	2036-04-01
2035-05-02	tropics	28	1.1224178	1.1335688	1.1125846	1.129085	1.1158937	1.1259651	1.1188327	2035-05-02	tropics	28	1.1224178	1.1335688	1.1125846	1.129085	1.1158937	1.1259651	1.1188327	2035-05-02	tropics	28	0.0	0.0	0.0	0.0	0.0	0.0	0.0	2035-05-02	tropics	28	0.0	0.0	0.0	0.0	0.0	0.0	0.0	GARW	2036-04-01
2035-05-03	tropics	28	1.1224694	1.1335958	1.1126685	1.1291882	1.1159605	1.1260072	1.11889	2035-05-03	tropics	28	1.1224694	1.1335958	1.1126685	1.1291882	1.1159605	1.1260072	1.11889	2035-05-03	tropics	28	0.0	0.0	0.0	0.0	0.0	0.0	0.0	2035-05-03	tropics	28	0.0	0.0	0.0	0.0	0.0	0.0	0.0	GARW	2036-04-01
2035-05-04	tropics	28	1.1224589	1.1336372	1.1127474	1.1292974	1.1160288	1.1260521	1.1189574	2035-05-04	tropics	28	1.1224589	1.1336372	1.1127474	1.1292974	1.1160288	1.1260521	1.1189574	2035-05-04	tropics	28	0.0	0.0	0.0	0.0	0.0	0.0	0.0	2035-05-04	tropics	28	0.0	0.0	0.0	0.0	0.0	0.0	0.0	GARW	2036-04-01
2035-05-05	tropics	28	1.1224635	1.1336881	1.1128238	1.1293104	1.116098	1.1261225	1.1190671	2035-05-05	tropics	28	1.1224635	1.1336881	1.1128238	1.1293104	1.116098	1.1261225	1.1190671	2035-05-05	tropics	28	0.0	0.0	0.0	0.0	0.0	0.0	0.0	2035-05-05	tropics	28	0.0	0.0	0.0	0.0	0.0	0.0	0.0	GARW	2036-04-01
2035-05-06	tropics	28	1.1224931	1.1336684	1.1128998	1.1293558	1.1161664	1.1261892	1.1191409	2035-05-06	tropics	28	1.1224931	1.1336684	1.1128998	1.1293558	1.1161664	1.1261892	1.1191409	2035-05-06	tropics	28	0.0	0.0	0.0	0.0	0.0	0.0	0.0	2035-05-06	tropics	28	0.0	0.0	0.0	0.0	0.0	0.0	0.0	GARW	2036-04-01
2035-05-07	tropics	28	1.122571	1.13362	1.1129751	1.1294332	1.1162262	1.1262751	1.1191329	2035-05-07	tropics	28	1.122571	1.13362	1.1129751	1.1294332	1.1162262	1.1262751	1.1191329	2035-05-07	tropics	28	0.0	0.0	0.0	0.0	0.0	0.0	0.0	2035-05-07	tropics	28	0.0	0.0	0.0	0.0	0.0	0.0	0.0	GARW	2036-04-01
2035-05-08	tropics	28	1.1225933	1.1335936	1.1130668	1.1295068	1.1162938	1.1263547	1.1191844	2035-05-08	tropics	28	1.1225933	1.1335936	1.1130668	1.1295068	1.1162938	1.1263547	1.1191844	2035-05-08	tropics	28	0.0	0.0	0.0	0.0	0.0	0.0	0.0	2035-05-08	tropics	28	0.0	0.0	0.0	0.0	0.0	0.0	0.0	GARW	2036-04-01
2035-05-09	tropics	28	1.122612	1.1336198	1.1131376	1.1295688	1.1163675	1.1263912	1.1192569	2035-05-09	tropics	28	1.122612	1.1336198	1.1131376	1.1295688	1.1163675	1.1263912	1.1192569	2035-05-09	tropics	28	0.0	0.0	0.0	0.0	0.0	0.0	0.0	2035-05-09	tropics	28	0.0	0.0	0.0	0.0	0.0	0.0	0.0	GARW	2036-04-01
2035-05-10	tropics	28	1.122675	1.1336868	1.113176	1.129575	1.1164325	1.1264405	1.1193334	2035-05-10	tropics	28	1.122675	1.1336868	1.113176	1.129575	1.1164325	1.1264405	1.1193334	2035-05-10	tropics	28	0.0	0.0	0.0	0.0	0.0	0.0	0.0	2035-05-10	tropics	28	0.0	0.0	0.0	0.0	0.0	0.0	0.0	GARW	2036-04-01
2035-05-11	tropics	28	1.1226776	1.1336882	1.1131704	1.1295681	1.116478	1.1265378	1.1194022	2035-05-11	tropics	28	1.1226776	1.1336882	1.1131704	1.1295681	1.116478	1.1265378	1.1194022	2035-05-11	tropics	28	0.0	0.0	0.0	0.0	0.0	0.0	0.0	2035-05-11	tropics	28	0.0	0.0	0.0	0.0	0.0	0.0	0.0	GARW	2036-04-01
2035-05-12	tropics	28	1.1227384	1.1336898	1.1131587	1.1296394	1.1165261	1.1265733	1.1194696	2035-05-12	tropics	28	1.1227384	1.1336898	1.1131587	1.1296394	1.1165261	1.1265733	1.1194696	2035-05-12	tropics	28	0.0	0.0	0.0	0.0	0.0	0.0	0.0	2035-05-12	tropics	28	0.0	0.0	0.0	0.0	0.0	0.0	0.0	GARW	2036-04-01
2035-05-13	tropics	28	1.122756	1.1336919	1.1131479	1.1296978	1.116583	1.1266155	1.1195006	2035-05-13	tropics	28	1.122756	1.1336919	1.1131479	1.1296978	1.116583	1.1266155	1.1195006	2035-05-13	tropics	28	0.0	0.0	0.0	0.0	0.0	0.0	0.0	2035-05-13	tropics	28	0.0	0.0	0.0	0.0	0.0	0.0	0.0	GARW	2036-04-01
2035-05-14	tropics	28	1.1227925	1.1336952	1.1131382	1.1297473	1.1166211	1.1266096	1.1195464	2035-05-14	tropics	28	1.1227925	1.1336952	1.1131382	1.1297473	1.1166211	1.1266096	1.1195464	2035-05-14	tropics	28	0.0	0.0	0.0	0.0	0.0	0.0	0.0	2035-05-14	tropics	28	0.0	0.0	0.0	0.0	0.0	0.0	0.0	GARW	2036-04-01
2035-05-15	tropics	28	1.1228057	1.1336997	1.1131297	1.1298085	1.1166528	1.1266412	1.119596	2035-05-15	tropics	28	1.1228057	1.1336997	1.1131297	1.1298085	1.1166528	1.1266412	1.119596	2035-05-15	tropics	28	0.0	0.0	0.0	0.0	0.0	0.0	0.0	2035-05-15	tropics	28	0.0	0.0	0.0	0.0	0.0	0.0	0.0	GARW	2036-04-01
2035-05-16	tropics	28	1.1228368	1.1337053	1.1131929	1.12987	1.1166812	1.12665	1.1196404	2035-05-16	tropics	28	1.1228368	1.1337053	1.1131929	1.12987	1.1166812	1.12665	1.1196404	2035-05-16	tropics	28	0.0	0.0	0.0	0.0	0.0	0.0	0.0	2035-05-16	tropics	28	0.0	0.0	0.0	0.0	0.0	0.0	0.0	GARW	2036-04-01
2035-05-17	tropics	28	1.1228819	1.1337119	1.1132787	1.1299392	1.1167014	1.1267115	1.1196824	2035-05-17	tropics	28	1.1228819	1.1337119	1.1132787	1.1299392	1.1167014	1.1267115	1.1196824	2035-05-17	tropics	28	0.0	0.0	0.0	0.0	0.0	0.0	0.0	2035-05-17	tropics	28	0.0	0.0	0.0	0.0	0.0	0.0	0.0	GARW	2036-04-01
2035-05-18	tropics	28	1.1229167	1.1337196	1.1133642	1.1300011	1.116655	1.126799	1.1197342	2035-05-18	tropics	28	1.1229167	1.1337196	1.1133642	1.1300011	1.116655	1.126799	1.1197342	2035-05-18	tropics	28	0.0	0.0	0.0	0.0	0.0	0.0	0.0	2035-05-18	tropics	28	0.0	0.0	0.0	0.0	0.0	0.0	0.0	GARW	2036-04-01
2035-05-19	tropics	28	1.1229887	1.1337278	1.1134491	1.1300492	1.1166925	1.1268127	1.119786	2035-05-19	tropics	28	1.1229887	1.1337278	1.1134491	1.1300492	1.1166925	1.1268127	1.119786	2035-05-19	tropics	28	0.0	0.0	0.0	0.0	0.0	0.0	0.0	2035-05-19	tropics	28	0.0	0.0	0.0	0.0	0.0	0.0	0.0	GARW	2036-04-01
2035-05-20	tropics	28	1.1230536	1.1337091	1.1135335	1.1300517	1.1167719	1.1267763	1.1198211	2035-05-20	tropics	28	1.1230536	1.1337091	1.1135335	1.1300517	1.1167719	1.1267763	1.1198211	2035-05-20	tropics	28	0.0	0.0	0.0	0.0	0.0	0.0	0.0	2035-05-20	tropics	28	0.0	0.0	0.0	0.0	0.0	0.0	0.0	GARW	2036-04-01
2035-05-21	tropics	28	1.1230729	1.1336877	1.1136011	1.1301186	1.1168118	1.1267858	1.1198003	2035-05-21	tropics	28	1.1230729	1.1336877	1.1136011	1.1301186	1.1168118	1.1267858	1.1198003	2035-05-21	tropics	28	0.0	0.0	0.0	0.0	0.0	0.0	0.0	2035-05-21	tropics	28	0.0	0.0	0.0	0.0	0.0	0.0	0.0	GARW	2036-04-01
2035-05-22	tropics	28	1.1230733	1.1336621	1.1136453	1.1301551	1.1168875	1.1267545	1.1198404	2035-05-22	tropics	28	1.1230733	1.1336621	1.1136453	1.1301551	1.1168875	1.1267545	1.1198404	2035-05-22	tropics	28	0.0	0.0	0.0	0.0	0.0	0.0	0.0	2035-05-22	tropics	28	0.0	0.0	0.0	0.0	0.0	0.0	0.0	GARW	2036-04-01
2035-05-23	tropics	28	1.1231225	1.1336492	1.1136905	1.1301872	1.1168925	1.1267445	1.1198355	2035-05-23	tropics	28	1.1231225	1.1336492	1.1136905	1.1301872	1.1168925	1.1267445	1.1198355	2035-05-23	tropics	28	0.0	0.0	0.0	0.0	0.0	0.0	0.0	2035-05-23	tropics	28	0.0	0.0	0.0	0.0	0.0	0.0	0.0	GARW	2036-04-01
2035-05-24	tropics	28	1.1231607	1.1336781	1.113734	1.1302445	1.1168604	1.1267177	1.1198479	2035-05-24	tropics	28	1.1231607	1.1336781	1.113734	1.1302445	1.1168604	1.1267177	1.1198479	2035-05-24	tropics	28	0.0	0.0	0.0	0.0	0.0	0.0	0.0	2035-05-24	tropics	28	0.0	0.0	0.0	0.0	0.0	0.0	0.0	GARW	2036-04-01
2035-05-25	tropics	28	1.1231803	1.1337048	1.1137785	1.1302617	1.1169008	1.126686	1.1198988	2035-05-25	tropics	28	1.1231803	1.1337048	1.1137785	1.1302617	1.1169008	1.126686	1.1198988	2035-05-25	tropics	28	0.0	0.0	0.0	0.0	0.0	0.0	0.0	2035-05-25	tropics	28	0.0	0.0	0.0	0.0	0.0	0.0	0.0	GARW	2036-04-01
2035-05-26	tropics	28	1.123193	1.1337296	1.1138241	1.1302854	1.1169176	1.1266502	1.1199154	2035-05-26	tropics	28	1.123193	1.1337296	1.1138241	1.1302854	1.1169176	1.1266502	1.1199154	2035-05-26	tropics	28	0.0	0.0	0.0	0.0	0.0	0.0	0.0	2035-05-26	tropics	28	0.0	0.0	0.0	0.0	0.0	0.0	0.0	GARW	2036-04-01
2035-05-27	tropics	28	1.1232047	1.1337056	1.1138327	1.1302695	1.1169007	1.1266376	1.1199347	2035-05-27	tropics	28	1.1232047	1.1337056	1.1138327	1.1302695	1.1169007	1.1266376	1.1199347	2035-05-27	tropics	28	0.0	0.0	0.0	0.0	0.0	0.0	0.0	2035-05-27	tropics	28	0.0	0.0	0.0	0.0	0.0	0.0	0.0	GARW	2036-04-01
2035-05-28	tropics	28	1.1232079	1.133659	1.1138254	1.1302857	1.116884	1.1266419	1.1198919	2035-05-28	tropics	28	1.1232079	1.133659	1.1138254	1.1302857	1.116884	1.1266419	1.1198919	2035-05-28	tropics	28	0.0	0.0	0.0	0.0	0.0	0.0	0.0	2035-05-28	tropics	28	0.0	0.0	0.0	0.0	0.0	0.0	0.0	GARW	2036-04-01
2035-05-29	tropics	28	1.12322	1.1336173	1.1138172	1.1303039	1.1168674	1.1266925	1.1198956	2035-05-29	tropics	28	1.12322	1.1336173	1.1138172	1.1303039	1.1168674	1.1266925	1.1198956	2035-05-29	tropics	28	0.0	0.0	0.0	0.0	0.0	0.0	0.0	2035-05-29	tropics	28	0.0	0.0	0.0	0.0	0.0	0.0	0.0	GARW	2036-04-01
2035-05-30	tropics	28	1.1232369	1.1336219	1.113808	1.1303037	1.1168587	1.1267238	1.1198714	2035-05-30	tropics	28	1.1232369	1.1336219	1.113808	1.1303037	1.1168587	1.1267238	1.1198714	2035-05-30	tropics	28	0.0	0.0	0.0	0.0	0.0	0.0	0.0	2035-05-30	tropics	28	0.0	0.0	0.0	0.0	0.0	0.0	0.0	GARW	2036-04-01
2035-05-31	tropics	28	1.1232387	1.1336255	1.1137948	1.1303053	1.1169364	1.12679	1.1198552	2035-05-31	tropics	28	1.1232387	1.1336255	1.1137948	1.1303053	1.1169364	1.12679	1.1198552	2035-05-31	tropics	28	0.0	0.0	0.0	0.0	0.0	0.0	0.0	2035-05-31	tropics	28	0.0	0.0	0.0	0.0	0.0	0.0	0.0	GARW	2036-04-01
2035-06-01	tropics	28	1.1232665	1.133628	1.1137806	1.1301873	1.116917	1.1268332	1.1198812	2035-06-01	tropics	28	1.1232665	1.133628	1.1137806	1.1301873	1.116917	1.1268332	1.1198812	2035-06-01	tropics	28	0.0	0.0	0.0	0.0	0.0	0.0	0.0	2035-06-01	tropics	28	0.0	0.0	0.0	0.0	0.0	0.0	0.0	GARW	2036-04-01
2035-06-02	tropics	28	1.1232526	1.1336294	1.1137764	1.1301961	1.1169016	1.1268692	1.1199167	2035-06-02	tropics	28	1.1232526	1.1336294	1.1137764	1.1301961	1.1169016	1.1268692	1.1199167	2035-06-02	tropics	28	0.0	0.0	0.0	0.0	0.0	0.0	0.0	2035-06-02	tropics	28	0.0	0.0	0.0	0.0	0.0	0.0	0.0	GARW	2036-04-01
2035-06-03	tropics	28	1.1232473	1.1336298	1.113826	1.1302265	1.1169311	1.1268824	1.1199293	2035-06-03	tropics	28	1.1232473	1.1336298	1.113826	1.1302265	1.1169311	1.1268824	1.1199293	2035-06-03	tropics	28	0.0	0.0	0.0	0.0	0.0	0.0	0.0	2035-06-03	tropics	28	0.0	0.0	0.0	0.0	0.0	0.0	0.0	GARW	2036-04-01
2035-06-04	tropics	28	1.123255	1.1336291	1.1138749	1.1302162	1.1169711	1.1268651	1.119886	2035-06-04	tropics	28	1.123255	1.1336291	1.1138749	1.1302162	1.1169711	1.1268651	1.119886	2035-06-04	tropics	28	0.0	0.0	0.0	0.0	0.0	0.0	0.0	2035-06-04	tropics	28	0.0	0.0	0.0	0.0	0.0	0.0	0.0	GARW	2036-04-01
2035-06-05	tropics	28	1.1232362	1.1336215	1.1139227	1.1301843	1.1169902	1.1268852	1.1198528	2035-06-05	tropics	28	1.1232362	1.1336215	1.1139227	1.1301843	1.1169902	1.1268852	1.1198528	2035-06-05	tropics	28	0.0	0.0	0.0	0.0	0.0	0.0	0.0	2035-06-05	tropics	28	0.0	0.0	0.0	0.0	0.0	0.0	0.0	GARW	2036-04-01
2035-06-06	tropics	28	1.1232314	1.1335574	1.1139694	1.1301427	1.11699	1.1269164	1.1197947	2035-06-06	tropics	28	1.1232314	1.1335574	1.1139694	1.1301427	1.11699	1.1269164	1.1197947	2035-06-06	tropics	28	0.0	0.0	0.0	0.0	0.0	0.0	0.0	2035-06-06	tropics	28	0.0	0.0	0.0	0.0	0.0	0.0	0.0	GARW	2036-04-01
2035-06-07	tropics	28	1.1232345	1.1335125	1.1140131	1.130077	1.1169565	1.1269457	1.1197984	2035-06-07	tropics	28	1.1232345	1.1335125	1.1140131	1.130077	1.1169565	1.1269457	1.1197984	2035-06-07	tropics	28	0.0	0.0	0.0	0.0	0.0	0.0	0.0	2035-06-07	tropics	28	0.0	0.0	0.0	0.0	0.0	0.0	0.0	GARW	2036-04-01
2035-06-08	tropics	28	1.1232266	1.1334889	1.1140404	1.1300156	1.1169344	1.126962	1.1197613	2035-06-08	tropics	28	1.1232266	1.1334889	1.1140404	1.1300156	1.1169344	1.126962	1.1197613	2035-06-08	tropics	28	0.0	0.0	0.0	0.0	0.0	0.0	0.0	2035-06-08	tropics	28	0.0	0.0	0.0	0.0	0.0	0.0	0.0	GARW	2036-04-01
2035-06-09	tropics	28	1.123244	1.1334963	1.114022	1.129934	1.1169548	1.1269627	1.1198392	2035-06-09	tropics	28	1.123244	1.1334963	1.114022	1.129934	1.1169548	1.1269627	1.1198392	2035-06-09	tropics	28	0.0	0.0	0.0	0.0	0.0	0.0	0.0	2035-06-09	tropics	28	0.0	0.0	0.0	0.0	0.0	0.0	0.0	GARW	2036-04-01
2035-06-10	tropics	28	1.1232591	1.1334442	1.1140014	1.1299475	1.1169785	1.1269271	1.1198349	2035-06-10	tropics	28	1.1232591	1.1334442	1.1140014	1.1299475	1.1169785	1.1269271	1.1198349	2035-06-10	tropics	28	0.0	0.0	0.0	0.0	0.0	0.0	0.0	2035-06-10	tropics	28	0.0	0.0	0.0	0.0	0.0	0.0	0.0	GARW	2036-04-01
2035-06-11	tropics	28	1.1232233	1.1334565	1.1139846	1.1298699	1.1170012	1.1268734	1.1198264	2035-06-11	tropics	28	1.1232233	1.1334565	1.1139846	1.1298699	1.1170012	1.1268734	1.1198264	2035-06-11	tropics	28	0.0	0.0	0.0	0.0	0.0	0.0	0.0	2035-06-11	tropics	28	0.0	0.0	0.0	0.0	0.0	0.0	0.0	GARW	2036-04-01
2035-06-12	tropics	28	1.1232388	1.1334794	1.114037	1.129881	1.1170275	1.1268052	1.1198025	2035-06-12	tropics	28	1.1232388	1.1334794	1.114037	1.129881	1.1170275	1.1268052	1.1198025	2035-06-12	tropics	28	0.0	0.0	0.0	0.0	0.0	0.0	0.0	2035-06-12	tropics	28	0.0	0.0	0.0	0.0	0.0	0.0	0.0	GARW	2036-04-01
2035-06-13	tropics	28	1.1232877	1.1335007	1.1140885	1.1298655	1.1169959	1.1267339	1.1197678	2035-06-13	tropics	28	1.1232877	1.1335007	1.1140885	1.1298655	1.1169959	1.1267339	1.1197678	2035-06-13	tropics	28	0.0	0.0	0.0	0.0	0.0	0.0	0.0	2035-06-13	tropics	28	0.0	0.0	0.0	0.0	0.0	0.0	0.0	GARW	2036-04-01
2035-06-14	tropics	28	1.1233411	1.1335201	1.1141392	1.1298805	1.1169761	1.1267266	1.1197268	2035-06-14	tropics	28	1.1233411	1.1335201	1.1141392	1.1298805	1.1169761	1.1267266	1.1197268	2035-06-14	tropics	28	0.0	0.0	0.0	0.0	0.0	0.0	0.0	2035-06-14	tropics	28	0.0	0.0	0.0	0.0	0.0	0.0	0.0	GARW	2036-04-01
2035-06-15	tropics	28	1.123306	1.1335379	1.1141732	1.1298838	1.1169174	1.1267421	1.1196837	2035-06-15	tropics	28	1.123306	1.1335379	1.1141732	1.1298838	1.1169174	1.1267421	1.1196837	2035-06-15	tropics	28	0.0	0.0	0.0	0.0	0.0	0.0	0.0	2035-06-15	tropics	28	0.0	0.0	0.0	0.0	0.0	0.0	0.0	GARW	2036-04-01
2035-06-16	tropics	28	1.1233008	1.1335552	1.1141583	1.1298559	1.1168715	1.1267486	1.1196624	2035-06-16	tropics	28	1.1233008	1.1335552	1.1141583	1.1298559	1.1168715	1.1267486	1.1196624	2035-06-16	tropics	28	0.0	0.0	0.0	0.0	0.0	0.0	0.0	2035-06-16	tropics	28	0.0	0.0	0.0	0.0	0.0	0.0	0.0	GARW	2036-04-01
2035-06-17	tropics	28	1.1232748	1.1335503	1.1141403	1.1298511	1.1168321	1.1267619	1.1196374	2035-06-17	tropics	28	1.1232748	1.1335503	1.1141403	1.1298511	1.1168321	1.1267619	1.1196374	2035-06-17	tropics	28	0.0	0.0	0.0	0.0	0.0	0.0	0.0	2035-06-17	tropics	28	0.0	0.0	0.0	0.0	0.0	0.0	0.0	GARW	2036-04-01
2035-06-18	tropics	28	1.1232499	1.1335101	1.1141226	1.1298586	1.1167953	1.1267862	1.1196045	2035-06-18	tropics	28	1.1232499	1.1335101	1.1141226	1.1298586	1.1167953	1.1267862	1.1196045	2035-06-18	tropics	28	0.0	0.0	0.0	0.0	0.0	0.0	0.0	2035-06-18	tropics	28	0.0	0.0	0.0	0.0	0.0	0.0	0.0	GARW	2036-04-01
2035-06-19	tropics	28	1.1232431	1.1334699	1.114129	1.1298362	1.1167612	1.1268114	1.1196105	2035-06-19	tropics	28	1.1232431	1.1334699	1.114129	1.1298362	1.1167612	1.1268114	1.1196105	2035-06-19	tropics	28	0.0	0.0	0.0	0.0	0.0	0.0	0.0	2035-06-19	tropics	28	0.0	0.0	0.0	0.0	0.0	0.0	0.0	GARW	2036-04-01
2035-06-20	tropics	28	1.1232371	1.1334277	1.1141509	1.1298498	1.1167337	1.1267875	1.1196275	2035-06-20	tropics	28	1.1232371	1.1334277	1.1141509	1.1298498	1.1167337	1.1267875	1.1196275	2035-06-20	tropics	28	0.0	0.0	0.0	0.0	0.0	0.0	0.0	2035-06-20	tropics	28	0.0	0.0	0.0	0.0	0.0	0.0	0.0	GARW	2036-04-01
2035-06-21	tropics	28	1.1232475	1.1333836	1.1141591	1.1298127	1.1166984	1.1267292	1.1196193	2035-06-21	tropics	28	1.1232475	1.1333836	1.1141591	1.1298127	1.1166984	1.1267292	1.1196193	2035-06-21	tropics	28	0.0	0.0	0.0	0.0	0.0	0.0	0.0	2035-06-21	tropics	28	0.0	0.0	0.0	0.0	0.0	0.0	0.0	GARW	2036-04-01
2035-06-22	tropics	28	1.1232297	1.1332849	1.1141465	1.1297717	1.1166892	1.1266544	1.1196498	2035-06-22	tropics	28	1.1232297	1.1332849	1.1141465	1.1297717	1.1166892	1.1266544	1.1196498	2035-06-22	tropics	28	0.0	0.0	0.0	0.0	0.0	0.0	0.0	2035-06-22	tropics	28	0.0	0.0	0.0	0.0	0.0	0.0	0.0	GARW	2036-04-01
2035-06-23	tropics	28	1.1232331	1.1331786	1.1141231	1.1297371	1.1166527	1.1265752	1.1196254	2035-06-23	tropics	28	1.1232331	1.1331786	1.1141231	1.1297371	1.1166527	1.1265752	1.1196254	2035-06-23	tropics	28	0.0	0.0	0.0	0.0	0.0	0.0	0.0	2035-06-23	tropics	28	0.0	0.0	0.0	0.0	0.0	0.0	0.0	GARW	2036-04-01
2035-06-24	tropics	28	1.123199	1.1330988	1.1140817	1.1296707	1.1166058	1.1264746	1.1195757	2035-06-24	tropics	28	1.123199	1.1330988	1.1140817	1.1296707	1.1166058	1.1264746	1.1195757	2035-06-24	tropics	28	0.0	0.0	0.0	0.0	0.0	0.0	0.0	2035-06-24	tropics	28	0.0	0.0	0.0	0.0	0.0	0.0	0.0	GARW	2036-04-01
2035-06-25	tropics	28	1.1231718	1.1330725	1.11403	1.1296164	1.116586	1.1264288	1.1195136	2035-06-25	tropics	28	1.1231718	1.1330725	1.11403	1.1296164	1.116586	1.1264288	1.1195136	2035-06-25	tropics	28	0.0	0.0	0.0	0.0	0.0	0.0	0.0	2035-06-25	tropics	28	0.0	0.0	0.0	0.0	0.0	0.0	0.0	GARW	2036-04-01
2035-06-26	tropics	28	1.1231604	1.133048	1.1139773	1.1295608	1.1165437	1.1263956	1.1194935	2035-06-26	tropics	28	1.1231604	1.133048	1.1139773	1.1295608	1.1165437	1.1263956	1.1194935	2035-06-26	tropics	28	0.0	0.0	0.0	0.0	0.0	0.0	0.0	2035-06-26	tropics	28	0.0	0.0	0.0	0.0	0.0	0.0	0.0	GARW	2036-04-01
2035-06-27	tropics	28	1.1231127	1.1330059	1.1139237	1.1295257	1.116503	1.1263453	1.1195195	2035-06-27	tropics	28	1.1231127	1.1330059	1.1139237	1.1295257	1.116503	1.1263453	1.1195195	2035-06-27	tropics	28	0.0	0.0	0.0	0.0	0.0	0.0	0.0	2035-06-27	tropics	28	0.0	0.0	0.0	0.0	0.0	0.0	0.0	GARW	2036-04-01
2035-06-28	tropics	28	1.1230354	1.1329485	1.1138693	1.1294756	1.1164618	1.1263057	1.1194913	2035-06-28	tropics	28	1.1230354	1.1329485	1.1138693	1.1294756	1.1164618	1.1263057	1.1194913	2035-06-28	tropics	28	0.0	0.0	0.0	0.0	0.0	0.0	0.0	2035-06-28	tropics	28	0.0	0.0	0.0	0.0	0.0	0.0	0.0	GARW	2036-04-01
2035-06-29	tropics	28	1.1230042	1.1329094	1.1138141	1.129421	1.1163973	1.1262662	1.1194333	2035-06-29	tropics	28	1.1230042	1.1329094	1.1138141	1.129421	1.1163973	1.1262662	1.1194333	2035-06-29	tropics	28	0.0	0.0	0.0	0.0	0.0	0.0	0.0	2035-06-29	tropics	28	0.0	0.0	0.0	0.0	0.0	0.0	0.0	GARW	2036-04-01
2035-06-30	tropics	28	1.1229823	1.1328605	1.1137584	1.1293637	1.1163714	1.1262088	1.1193242	2035-06-30	tropics	28	1.1229823	1.1328605	1.1137584	1.1293637	1.1163714	1.1262088	1.1193242	2035-06-30	tropics	28	0.0	0.0	0.0	0.0	0.0	0.0	0.0	2035-06-30	tropics	28	0.0	0.0	0.0	0.0	0.0	0.0	0.0	GARW	2036-04-01
2035-07-01	tropics	28	1.1229258	1.1328107	1.1137022	1.1293591	1.1163366	1.1261301	1.1192672	2035-07-01	tropics	28	1.1229258	1.1328107	1.1137022	1.1293591	1.1163366	1.1261301	1.1192672	2035-07-01	tropics	28	0.0	0.0	0.0	0.0	0.0	0.0	0.0	2035-07-01	tropics	28	0.0	0.0	0.0	0.0	0.0	0.0	0.0	GARW	2036-04-01
2035-07-02	tropics	28	1.122893	1.1327584	1.1136371	1.1293418	1.1162792	1.126102	1.1191764	2035-07-02	tropics	28	1.122893	1.1327584	1.1136371	1.1293418	1.1162792	1.126102	1.1191764	2035-07-02	tropics	28	0.0	0.0	0.0	0.0	0.0	0.0	0.0	2035-07-02	tropics	28	0.0	0.0	0.0	0.0	0.0	0.0	0.0	GARW	2036-04-01
2035-07-03	tropics	28	1.1228383	1.1327027	1.1135579	1.1292859	1.116207	1.1260718	1.1190834	2035-07-03	tropics	28	1.1228383	1.1327027	1.1135579	1.1292859	1.116207	1.1260718	1.1190834	2035-07-03	tropics	28	0.0	0.0	0.0	0.0	0.0	0.0	0.0	2035-07-03	tropics	28	0.0	0.0	0.0	0.0	0.0	0.0	0.0	GARW	2036-04-01
2035-07-04	tropics	28	1.1228426	1.1326436	1.1134747	1.1292105	1.116143	1.1260413	1.1190227	2035-07-04	tropics	28	1.1228426	1.1326436	1.1134747	1.1292105	1.116143	1.1260413	1.1190227	2035-07-04	tropics	28	0.0	0.0	0.0	0.0	0.0	0.0	0.0	2035-07-04	tropics	28	0.0	0.0	0.0	0.0	0.0	0.0	0.0	GARW	2036-04-01
2035-07-05	tropics	28	1.1228185	1.1325812	1.1133876	1.1291294	1.116105	1.1259985	1.1190529	2035-07-05	tropics	28	1.1228185	1.1325812	1.1133876	1.1291294	1.116105	1.1259985	1.1190529	2035-07-05	tropics	28	0.0	0.0	0.0	0.0	0.0	0.0	0.0	2035-07-05	tropics	28	0.0	0.0	0.0	0.0	0.0	0.0	0.0	GARW	2036-04-01
2035-07-06	tropics	28	1.1227837	1.1325157	1.1133084	1.1290656	1.1160722	1.1259451	1.1190603	2035-07-06	tropics	28	1.1227837	1.1325157	1.1133084	1.1290656	1.1160722	1.1259451	1.1190603	2035-07-06	tropics	28	0.0	0.0	0.0	0.0	0.0	0.0	0.0	2035-07-06	tropics	28	0.0	0.0	0.0	0.0	0.0	0.0	0.0	GARW	2036-04-01
2035-07-07	tropics	28	1.1227617	1.1324846	1.1132314	1.129004	1.1160498	1.125885	1.119017	2035-07-07	tropics	28	1.1227617	1.1324846	1.1132314	1.129004	1.1160498	1.125885	1.119017	2035-07-07	tropics	28	0.0	0.0	0.0	0.0	0.0	0.0	0.0	2035-07-07	tropics	28	0.0	0.0	0.0	0.0	0.0	0.0	0.0	GARW	2036-04-01
2035-07-08	tropics	28	1.1227331	1.1324692	1.1131537	1.1289752	1.1160061	1.125833	1.1189654	2035-07-08	tropics	28	1.1227331	1.1324692	1.1131537	1.1289752	1.1160061	1.125833	1.1189654	2035-07-08	tropics	28	0.0	0.0	0.0	0.0	0.0	0.0	0.0	2035-07-08	tropics	28	0.0	0.0	0.0	0.0	0.0	0.0	0.0	GARW	2036-04-01
2035-07-09	tropics	28	1.1226964	1.1324515	1.1131163	1.1289252	1.1159784	1.1258068	1.1189036	2035-07-09	tropics	28	1.1226964	1.1324515	1.1131163	1.1289252	1.1159784	1.1258068	1.1189036	2035-07-09	tropics	28	0.0	0.0	0.0	0.0	0.0	0.0	0.0	2035-07-09	tropics	28	0.0	0.0	0.0	0.0	0.0	0.0	0.0	GARW	2036-04-01
2035-07-10	tropics	28	1.1226832	1.132432	1.1131399	1.1288813	1.1159538	1.1257846	1.118843	2035-07-10	tropics	28	1.1226832	1.132432	1.1131399	1.1288813	1.1159538	1.1257846	1.118843	2035-07-10	tropics	28	0.0	0.0	0.0	0.0	0.0	0.0	0.0	2035-07-10	tropics	28	0.0	0.0	0.0	0.0	0.0	0.0	0.0	GARW	2036-04-01
2035-07-11	tropics	28	1.1226122	1.1324103	1.1131707	1.1288404	1.1159335	1.1257706	1.1188133	2035-07-11	tropics	28	1.1226122	1.1324103	1.1131707	1.1288404	1.1159335	1.1257706	1.1188133	2035-07-11	tropics	28	0.0	0.0	0.0	0.0	0.0	0.0	0.0	2035-07-11	tropics	28	0.0	0.0	0.0	0.0	0.0	0.0	0.0	GARW	2036-04-01
2035-07-12	tropics	28	1.1225498	1.1323864	1.1132009	1.1288	1.1159172	1.1257114	1.1187732	2035-07-12	tropics	28	1.1225498	1.1323864	1.1132009	1.1288	1.1159172	1.1257114	1.1187732	2035-07-12	tropics	28	0.0	0.0	0.0	0.0	0.0	0.0	0.0	2035-07-12	tropics	28	0.0	0.0	0.0	0.0	0.0	0.0	0.0	GARW	2036-04-01
2035-07-13	tropics	28	1.1225343	1.1323607	1.1132301	1.1288118	1.1158732	1.1257051	1.1187073	2035-07-13	tropics	28	1.1225343	1.1323607	1.1132301	1.1288118	1.1158732	1.1257051	1.1187073	2035-07-13	tropics	28	0.0	0.0	0.0	0.0	0.0	0.0	0.0	2035-07-13	tropics	28	0.0	0.0	0.0	0.0	0.0	0.0	0.0	GARW	2036-04-01
2035-07-14	tropics	28	1.1224942	1.1323327	1.1132585	1.1288205	1.1158413	1.1256834	1.1186783	2035-07-14	tropics	28	1.1224942	1.1323327	1.1132585	1.1288205	1.1158413	1.1256834	1.1186783	2035-07-14	tropics	28	0.0	0.0	0.0	0.0	0.0	0.0	0.0	2035-07-14	tropics	28	0.0	0.0	0.0	0.0	0.0	0.0	0.0	GARW	2036-04-01
2035-07-15	tropics	28	1.1224568	1.1323024	1.1132857	1.128775	1.1157676	1.1256856	1.1186492	2035-07-15	tropics	28	1.1224568	1.1323024	1.1132857	1.128775	1.1157676	1.1256856	1.1186492	2035-07-15	tropics	28	0.0	0.0	0.0	0.0	0.0	0.0	0.0	2035-07-15	tropics	28	0.0	0.0	0.0	0.0	0.0	0.0	0.0	GARW	2036-04-01
2035-07-16	tropics	28	1.1224229	1.1322701	1.113293	1.1287657	1.1157613	1.1256647	1.1186429	2035-07-16	tropics	28	1.1224229	1.1322701	1.113293	1.1287657	1.1157613	1.1256647	1.1186429	2035-07-16	tropics	28	0.0	0.0	0.0	0.0	0.0	0.0	0.0	2035-07-16	tropics	28	0.0	0.0	0.0	0.0	0.0	0.0	0.0	GARW	2036-04-01
2035-07-17	tropics	28	1.1223874	1.1322356	1.1132339	1.1287715	1.1157116	1.1256201	1.118603	2035-07-17	tropics	28	1.1223874	1.1322356	1.1132339	1.1287715	1.1157116	1.1256201	1.118603	2035-07-17	tropics	28	0.0	0.0	0.0	0.0	0.0	0.0	0.0	2035-07-17	tropics	28	0.0	0.0	0.0	0.0	0.0	0.0	0.0	GARW	2036-04-01
2035-07-18	tropics	28	1.1223222	1.1321988	1.1131752	1.1286855	1.1156721	1.1255475	1.1185246	2035-07-18	tropics	28	1.1223222	1.1321988	1.1131752	1.1286855	1.1156721	1.1255475	1.1185246	2035-07-18	tropics	28	0.0	0.0	0.0	0.0	0.0	0.0	0.0	2035-07-18	tropics	28	0.0	0.0	0.0	0.0	0.0	0.0	0.0	GARW	2036-04-01
2035-07-19	tropics	28	1.1222696	1.13216	1.1131033	1.128645	1.1156468	1.1255361	1.1184124	2035-07-19	tropics	28	1.1222696	1.13216	1.1131033	1.128645	1.1156468	1.1255361	1.1184124	2035-07-19	tropics	28	0.0	0.0	0.0	0.0	0.0	0.0	0.0	2035-07-19	tropics	28	0.0	0.0	0.0	0.0	0.0	0.0	0.0	GARW	2036-04-01
2035-07-20	tropics	28	1.1221983	1.1321326	1.1130807	1.1286889	1.1156182	1.125526	1.1183181	2035-07-20	tropics	28	1.1221983	1.1321326	1.1130807	1.1286889	1.1156182	1.125526	1.1183181	2035-07-20	tropics	28	0.0	0.0	0.0	0.0	0.0	0.0	0.0	2035-07-20	tropics	28	0.0	0.0	0.0	0.0	0.0	0.0	0.0	GARW	2036-04-01
2035-07-21	tropics	28	1.1221594	1.1321428	1.1130526	1.128631	1.1155596	1.1254908	1.1182544	2035-07-21	tropics	28	1.1221594	1.1321428	1.1130526	1.128631	1.1155596	1.1254908	1.1182544	2035-07-21	tropics	28	0.0	0.0	0.0	0.0	0.0	0.0	0.0	2035-07-21	tropics	28	0.0	0.0	0.0	0.0	0.0	0.0	0.0	GARW	2036-04-01
2035-07-22	tropics	28	1.1221006	1.1321616	1.1130084	1.1285518	1.1155353	1.1254693	1.1182017	2035-07-22	tropics	28	1.1221006	1.1321616	1.1130084	1.1285518	1.1155353	1.1254693	1.1182017	2035-07-22	tropics	28	0.0	0.0	0.0	0.0	0.0	0.0	0.0	2035-07-22	tropics	28	0.0	0.0	0.0	0.0	0.0	0.0	0.0	GARW	2036-04-01
2035-07-23	tropics	28	1.1220422	1.1321795	1.1129568	1.1284724	1.115538	1.1254249	1.1181254	2035-07-23	tropics	28	1.1220422	1.1321795	1.1129568	1.1284724	1.115538	1.1254249	1.1181254	2035-07-23	tropics	28	0.0	0.0	0.0	0.0	0.0	0.0	0.0	2035-07-23	tropics	28	0.0	0.0	0.0	0.0	0.0	0.0	0.0	GARW	2036-04-01
2035-07-24	tropics	28	1.1219565	1.1321751	1.1129069	1.1283929	1.1154907	1.1253796	1.1180521	2035-07-24	tropics	28	1.1219565	1.1321751	1.1129069	1.1283929	1.1154907	1.1253796	1.1180521	2035-07-24	tropics	28	0.0	0.0	0.0	0.0	0.0	0.0	0.0	2035-07-24	tropics	28	0.0	0.0	0.0	0.0	0.0	0.0	0.0	GARW	2036-04-01
2035-07-25	tropics	28	1.1218762	1.1321236	1.1128588	1.1283593	1.115437	1.1253159	1.1180036	2035-07-25	tropics	28	1.1218762	1.1321236	1.1128588	1.1283593	1.115437	1.1253159	1.1180036	2035-07-25	tropics	28	0.0	0.0	0.0	0.0	0.0	0.0	0.0	2035-07-25	tropics	28	0.0	0.0	0.0	0.0	0.0	0.0	0.0	GARW	2036-04-01
2035-07-26	tropics	28	1.121803	1.1320713	1.1128126	1.1283166	1.1153717	1.1252474	1.1179347	2035-07-26	tropics	28	1.121803	1.1320713	1.1128126	1.1283166	1.1153717	1.1252474	1.1179347	2035-07-26	tropics	28	0.0	0.0	0.0	0.0	0.0	0.0	0.0	2035-07-26	tropics	28	0.0	0.0	0.0	0.0	0.0	0.0	0.0	GARW	2036-04-01
2035-07-27	tropics	28	1.1217489	1.1320183	1.1127689	1.1283331	1.1152618	1.1251595	1.1178836	2035-07-27	tropics	28	1.1217489	1.1320183	1.1127689	1.1283331	1.1152618	1.1251595	1.1178836	2035-07-27	tropics	28	0.0	0.0	0.0	0.0	0.0	0.0	0.0	2035-07-27	tropics	28	0.0	0.0	0.0	0.0	0.0	0.0	0.0	GARW	2036-04-01
2035-07-28	tropics	28	1.1216755	1.1319647	1.1127275	1.128349	1.1151526	1.1251107	1.1178377	2035-07-28	tropics	28	1.1216755	1.1319647	1.1127275	1.128349	1.1151526	1.1251107	1.1178377	2035-07-28	tropics	28	0.0	0.0	0.0	0.0	0.0	0.0	0.0	2035-07-28	tropics	28	0.0	0.0	0.0	0.0	0.0	0.0	0.0	GARW	2036-04-01
2035-07-29	tropics	28	1.1216304	1.1319107	1.1126887	1.1282616	1.1151148	1.1251051	1.1178403	2035-07-29	tropics	28	1.1216304	1.1319107	1.1126887	1.1282616	1.1151148	1.1251051	1.1178403	2035-07-29	tropics	28	0.0	0.0	0.0	0.0	0.0	0.0	0.0	2035-07-29	tropics	28	0.0	0.0	0.0	0.0	0.0	0.0	0.0	GARW	2036-04-01
2035-07-30	tropics	28	1.1216204	1.131856	1.1126527	1.1281824	1.1150744	1.1250652	1.1177484	2035-07-30	tropics	28	1.1216204	1.131856	1.1126527	1.1281824	1.1150744	1.1250652	1.1177484	2035-07-30	tropics	28	0.0	0.0	0.0	0.0	0.0	0.0	0.0	2035-07-30	tropics	28	0.0	0.0	0.0	0.0	0.0	0.0	0.0	GARW	2036-04-01
2035-07-31	tropics	28	1.1215856	1.1318009	1.1126196	1.1281573	1.1150465	1.1250486	1.1176946	2035-07-31	tropics	28	1.1215856	1.1318009	1.1126196	1.1281573	1.1150465	1.1250486	1.1176946	2035-07-31	tropics	28	0.0	0.0	0.0	0.0	0.0	0.0	0.0	2035-07-31	tropics	28	0.0	0.0	0.0	0.0	0.0	0.0	0.0	GARW	2036-04-01
2035-08-01	tropics	28	1.1215564	1.131747	1.1125592	1.1281157	1.1150395	1.1250159	1.1176467	2035-08-01	tropics	28	1.1215564	1.131747	1.1125592	1.1281157	1.1150395	1.1250159	1.1176467	2035-08-01	tropics	28	0.0	0.0	0.0	0.0	0.0	0.0	0.0	2035-08-01	tropics	28	0.0	0.0	0.0	0.0	0.0	0.0	0.0	GARW	2036-04-01
2035-08-02	tropics	28	1.1215175	1.1316928	1.1125301	1.1280872	1.115013	1.1249545	1.1176105	2035-08-02	tropics	28	1.1215175	1.1316928	1.1125301	1.1280872	1.115013	1.1249545	1.1176105	2035-08-02	tropics	28	0.0	0.0	0.0	0.0	0.0	0.0	0.0	2035-08-02	tropics	28	0.0	0.0	0.0	0.0	0.0	0.0	0.0	GARW	2036-04-01
2035-08-03	tropics	28	1.121443	1.1316382	1.1125327	1.1280315	1.1149734	1.1248624	1.1175759	2035-08-03	tropics	28	1.121443	1.1316382	1.1125327	1.1280315	1.1149734	1.1248624	1.1175759	2035-08-03	tropics	28	0.0	0.0	0.0	0.0	0.0	0.0	0.0	2035-08-03	tropics	28	0.0	0.0	0.0	0.0	0.0	0.0	0.0	GARW	2036-04-01
2035-08-04	tropics	28	1.1213672	1.1315833	1.1125354	1.127974	1.1148931	1.1247954	1.1175585	2035-08-04	tropics	28	1.1213672	1.1315833	1.1125354	1.127974	1.1148931	1.1247954	1.1175585	2035-08-04	tropics	28	0.0	0.0	0.0	0.0	0.0	0.0	0.0	2035-08-04	tropics	28	0.0	0.0	0.0	0.0	0.0	0.0	0.0	GARW	2036-04-01
2035-08-05	tropics	28	1.121325	1.1315631	1.1125379	1.127916	1.114877	1.1247908	1.1175127	2035-08-05	tropics	28	1.121325	1.1315631	1.1125379	1.127916	1.114877	1.1247908	1.1175127	2035-08-05	tropics	28	0.0	0.0	0.0	0.0	0.0	0.0	0.0	2035-08-05	tropics	28	0.0	0.0	0.0	0.0	0.0	0.0	0.0	GARW	2036-04-01
2035-08-06	tropics	28	1.1212859	1.1315653	1.11254	1.1278673	1.1148176	1.1247628	1.117501	2035-08-06	tropics	28	1.1212859	1.1315653	1.11254	1.1278673	1.1148176	1.1247628	1.117501	2035-08-06	tropics	28	0.0	0.0	0.0	0.0	0.0	0.0	0.0	2035-08-06	tropics	28	0.0	0.0	0.0	0.0	0.0	0.0	0.0	GARW	2036-04-01
2035-08-07	tropics	28	1.1212244	1.1315703	1.1125412	1.1278265	1.1147398	1.1247333	1.1174867	2035-08-07	tropics	28	1.1212244	1.1315703	1.1125412	1.1278265	1.1147398	1.1247333	1.1174867	2035-08-07	tropics	28	0.0	0.0	0.0	0.0	0.0	0.0	0.0	2035-08-07	tropics	28	0.0	0.0	0.0	0.0	0.0	0.0	0.0	GARW	2036-04-01
2035-08-08	tropics	28	1.1211812	1.1315752	1.11253	1.1277721	1.1147242	1.1246732	1.1174765	2035-08-08	tropics	28	1.1211812	1.1315752	1.11253	1.1277721	1.1147242	1.1246732	1.1174765	2035-08-08	tropics	28	0.0	0.0	0.0	0.0	0.0	0.0	0.0	2035-08-08	tropics	28	0.0	0.0	0.0	0.0	0.0	0.0	0.0	GARW	2036-04-01
2035-08-09	tropics	28	1.1211137	1.13158	1.1125195	1.1276954	1.1146895	1.1246399	1.1173975	2035-08-09	tropics	28	1.1211137	1.13158	1.1125195	1.1276954	1.1146895	1.1246399	1.1173975	2035-08-09	tropics	28	0.0	0.0	0.0	0.0	0.0	0.0	0.0	2035-08-09	tropics	28	0.0	0.0	0.0	0.0	0.0	0.0	0.0	GARW	2036-04-01
2035-08-10	tropics	28	1.1210637	1.1315844	1.1124895	1.127665	1.1147088	1.1246146	1.1173291	2035-08-10	tropics	28	1.1210637	1.1315844	1.1124895	1.127665	1.1147088	1.1246146	1.1173291	2035-08-10	tropics	28	0.0	0.0	0.0	0.0	0.0	0.0	0.0	2035-08-10	tropics	28	0.0	0.0	0.0	0.0	0.0	0.0	0.0	GARW	2036-04-01
2035-08-11	tropics	28	1.1210644	1.1315888	1.1124257	1.127588	1.1146996	1.1245812	1.1173006	2035-08-11	tropics	28	1.1210644	1.1315888	1.1124257	1.127588	1.1146996	1.1245812	1.1173006	2035-08-11	tropics	28	0.0	0.0	0.0	0.0	0.0	0.0	0.0	2035-08-11	tropics	28	0.0	0.0	0.0	0.0	0.0	0.0	0.0	GARW	2036-04-01
2035-08-12	tropics	28	1.1210523	1.131596	1.1123633	1.1275722	1.1146609	1.124566	1.1172507	2035-08-12	tropics	28	1.1210523	1.131596	1.1123633	1.1275722	1.1146609	1.124566	1.1172507	2035-08-12	tropics	28	0.0	0.0	0.0	0.0	0.0	0.0	0.0	2035-08-12	tropics	28	0.0	0.0	0.0	0.0	0.0	0.0	0.0	GARW	2036-04-01
2035-08-13	tropics	28	1.1210271	1.1316293	1.1123024	1.127482	1.1146196	1.1244991	1.1171979	2035-08-13	tropics	28	1.1210271	1.1316293	1.1123024	1.127482	1.1146196	1.1244991	1.1171979	2035-08-13	tropics	28	0.0	0.0	0.0	0.0	0.0	0.0	0.0	2035-08-13	tropics	28	0.0	0.0	0.0	0.0	0.0	0.0	0.0	GARW	2036-04-01
2035-08-14	tropics	28	1.1209767	1.1316142	1.112243	1.1274298	1.1146162	1.1244076	1.1171633	2035-08-14	tropics	28	1.1209767	1.1316142	1.112243	1.1274298	1.1146162	1.1244076	1.1171633	2035-08-14	tropics	28	0.0	0.0	0.0	0.0	0.0	0.0	0.0	2035-08-14	tropics	28	0.0	0.0	0.0	0.0	0.0	0.0	0.0	GARW	2036-04-01
2035-08-15	tropics	28	1.1209369	1.1315905	1.1121835	1.1274087	1.1145573	1.1243606	1.1170652	2035-08-15	tropics	28	1.1209369	1.1315905	1.1121835	1.1274087	1.1145573	1.1243606	1.1170652	2035-08-15	tropics	28	0.0	0.0	0.0	0.0	0.0	0.0	0.0	2035-08-15	tropics	28	0.0	0.0	0.0	0.0	0.0	0.0	0.0	GARW	2036-04-01
2035-08-16	tropics	28	1.1208642	1.131565	1.1121709	1.1273785	1.1145585	1.1242993	1.1170027	2035-08-16	tropics	28	1.1208642	1.131565	1.1121709	1.1273785	1.1145585	1.1242993	1.1170027	2035-08-16	tropics	28	0.0	0.0	0.0	0.0	0.0	0.0	0.0	2035-08-16	tropics	28	0.0	0.0	0.0	0.0	0.0	0.0	0.0	GARW	2036-04-01
2035-08-17	tropics	28	1.1208128	1.1315277	1.1121285	1.1273834	1.1145914	1.1242532	1.1169356	2035-08-17	tropics	28	1.1208128	1.1315277	1.1121285	1.1273834	1.1145914	1.1242532	1.1169356	2035-08-17	tropics	28	0.0	0.0	0.0	0.0	0.0	0.0	0.0	2035-08-17	tropics	28	0.0	0.0	0.0	0.0	0.0	0.0	0.0	GARW	2036-04-01
2035-08-18	tropics	28	1.1208253	1.1314911	1.11206	1.1273681	1.1145955	1.1241946	1.1169024	2035-08-18	tropics	28	1.1208253	1.1314911	1.11206	1.1273681	1.1145955	1.1241946	1.1169024	2035-08-18	tropics	28	0.0	0.0	0.0	0.0	0.0	0.0	0.0	2035-08-18	tropics	28	0.0	0.0	0.0	0.0	0.0	0.0	0.0	GARW	2036-04-01
2035-08-19	tropics	28	1.1208274	1.1314548	1.1119918	1.1273537	1.1145921	1.1241553	1.1169089	2035-08-19	tropics	28	1.1208274	1.1314548	1.1119918	1.1273537	1.1145921	1.1241553	1.1169089	2035-08-19	tropics	28	0.0	0.0	0.0	0.0	0.0	0.0	0.0	2035-08-19	tropics	28	0.0	0.0	0.0	0.0	0.0	0.0	0.0	GARW	2036-04-01
2035-08-20	tropics	28	1.1208246	1.1314194	1.1119239	1.1273253	1.1145607	1.1241076	1.1168734	2035-08-20	tropics	28	1.1208246	1.1314194	1.1119239	1.1273253	1.1145607	1.1241076	1.1168734	2035-08-20	tropics	28	0.0	0.0	0.0	0.0	0.0	0.0	0.0	2035-08-20	tropics	28	0.0	0.0	0.0	0.0	0.0	0.0	0.0	GARW	2036-04-01
2035-08-21	tropics	28	1.1207887	1.1313845	1.1118708	1.1272669	1.1145381	1.1241028	1.1168549	2035-08-21	tropics	28	1.1207887	1.1313845	1.1118708	1.1272669	1.1145381	1.1241028	1.1168549	2035-08-21	tropics	28	0.0	0.0	0.0	0.0	0.0	0.0	0.0	2035-08-21	tropics	28	0.0	0.0	0.0	0.0	0.0	0.0	0.0	GARW	2036-04-01
2035-08-22	tropics	28	1.1207442	1.13135	1.1118641	1.1271969	1.1144614	1.1240615	1.1167928	2035-08-22	tropics	28	1.1207442	1.13135	1.1118641	1.1271969	1.1144614	1.1240615	1.1167928	2035-08-22	tropics	28	0.0	0.0	0.0	0.0	0.0	0.0	0.0	2035-08-22	tropics	28	0.0	0.0	0.0	0.0	0.0	0.0	0.0	GARW	2036-04-01
2035-08-23	tropics	28	1.1207088	1.1313175	1.1118572	1.1271751	1.1144078	1.1240084	1.1167538	2035-08-23	tropics	28	1.1207088	1.1313175	1.1118572	1.1271751	1.1144078	1.1240084	1.1167538	2035-08-23	tropics	28	0.0	0.0	0.0	0.0	0.0	0.0	0.0	2035-08-23	tropics	28	0.0	0.0	0.0	0.0	0.0	0.0	0.0	GARW	2036-04-01
2035-08-24	tropics	28	1.1206956	1.1312882	1.1118296	1.127145	1.1143289	1.1240258	1.1167408	2035-08-24	tropics	28	1.1206956	1.1312882	1.1118296	1.127145	1.1143289	1.1240258	1.1167408	2035-08-24	tropics	28	0.0	0.0	0.0	0.0	0.0	0.0	0.0	2035-08-24	tropics	28	0.0	0.0	0.0	0.0	0.0	0.0	0.0	GARW	2036-04-01
2035-08-25	tropics	28	1.1206377	1.1312498	1.1117053	1.1270958	1.1143346	1.1240268	1.1167004	2035-08-25	tropics	28	1.1206377	1.1312498	1.1117053	1.1270958	1.1143346	1.1240268	1.1167004	2035-08-25	tropics	28	0.0	0.0	0.0	0.0	0.0	0.0	0.0	2035-08-25	tropics	28	0.0	0.0	0.0	0.0	0.0	0.0	0.0	GARW	2036-04-01
2035-08-26	tropics	28	1.1205847	1.131187	1.1115835	1.1270468	1.114345	1.1240373	1.1166942	2035-08-26	tropics	28	1.1205847	1.131187	1.1115835	1.1270468	1.114345	1.1240373	1.1166942	2035-08-26	tropics	28	0.0	0.0	0.0	0.0	0.0	0.0	0.0	2035-08-26	tropics	28	0.0	0.0	0.0	0.0	0.0	0.0	0.0	GARW	2036-04-01
2035-08-27	tropics	28	1.1205513	1.1311247	1.1115184	1.1269987	1.1142856	1.1240188	1.1166484	2035-08-27	tropics	28	1.1205513	1.1311247	1.1115184	1.1269987	1.1142856	1.1240188	1.1166484	2035-08-27	tropics	28	0.0	0.0	0.0	0.0	0.0	0.0	0.0	2035-08-27	tropics	28	0.0	0.0	0.0	0.0	0.0	0.0	0.0	GARW	2036-04-01
2035-08-28	tropics	28	1.120496	1.1310587	1.1114532	1.1269753	1.1142284	1.1240133	1.1166213	2035-08-28	tropics	28	1.120496	1.1310587	1.1114532	1.1269753	1.1142284	1.1240133	1.1166213	2035-08-28	tropics	28	0.0	0.0	0.0	0.0	0.0	0.0	0.0	2035-08-28	tropics	28	0.0	0.0	0.0	0.0	0.0	0.0	0.0	GARW	2036-04-01
2035-08-29	tropics	28	1.1204319	1.1310409	1.1113869	1.1269758	1.1141741	1.1240369	1.1166196	2035-08-29	tropics	28	1.1204319	1.1310409	1.1113869	1.1269758	1.1141741	1.1240369	1.1166196	2035-08-29	tropics	28	0.0	0.0	0.0	0.0	0.0	0.0	0.0	2035-08-29	tropics	28	0.0	0.0	0.0	0.0	0.0	0.0	0.0	GARW	2036-04-01
2035-08-30	tropics	28	1.120409	1.1310512	1.1113412	1.1269778	1.1141272	1.1240419	1.116571	2035-08-30	tropics	28	1.120409	1.1310512	1.1113412	1.1269778	1.1141272	1.1240419	1.116571	2035-08-30	tropics	28	0.0	0.0	0.0	0.0	0.0	0.0	0.0	2035-08-30	tropics	28	0.0	0.0	0.0	0.0	0.0	0.0	0.0	GARW	2036-04-01
2035-08-31	tropics	28	1.120362	1.1310503	1.1113224	1.1269809	1.1141484	1.1240116	1.1165359	2035-08-31	tropics	28	1.120362	1.1310503	1.1113224	1.1269809	1.1141484	1.1240116	1.1165359	2035-08-31	tropics	28	0.0	0.0	0.0	0.0	0.0	0.0	0.0	2035-08-31	tropics	28	0.0	0.0	0.0	0.0	0.0	0.0	0.0	GARW	2036-04-01
2035-09-01	tropics	28	1.1203437	1.1309823	1.1112847	1.1269238	1.1141249	1.1239957	1.116507	2035-09-01	tropics	28	1.1203437	1.1309823	1.1112847	1.1269238	1.1141249	1.1239957	1.116507	2035-09-01	tropics	28	0.0	0.0	0.0	0.0	0.0	0.0	0.0	2035-09-01	tropics	28	0.0	0.0	0.0	0.0	0.0	0.0	0.0	GARW	2036-04-01
2035-09-02	tropics	28	1.1203204	1.1309135	1.1112505	1.1269331	1.1140926	1.123965	1.1164551	2035-09-02	tropics	28	1.1203204	1.1309135	1.1112505	1.1269331	1.1140926	1.123965	1.1164551	2035-09-02	tropics	28	8.883264	9.148463	8.573617	9.091715	8.684085	8.98167	8.775647	2035-09-02	tropics	28	8.883264	9.148463	8.573617	9.091715	8.684085	8.98167	8.775647	GARW	2036-04-01
2035-09-03	tropics	28	1.120301	1.130844	1.1112279	1.1269205	1.1140684	1.1239307	1.1164101	2035-09-03	tropics	28	1.120301	1.130844	1.1112279	1.1269205	1.1140684	1.1239307	1.1164101	2035-09-03	tropics	28	14.731297	14.731298	14.731297	14.731298	14.731297	14.7312975	14.731297	2035-09-03	tropics	28	14.731297	14.731298	14.731297	14.731298	14.731297	14.7312975	14.731297	GARW	2036-04-01
2035-09-04	tropics	28	1.1202524	1.130774	1.1112059	1.1269304	1.114043	1.1239443	1.116385	2035-09-04	tropics	28	1.1202524	1.130774	1.1112059	1.1269304	1.114043	1.1239443	1.116385	2035-09-04	tropics	28	2.810642	2.8106425	2.8106418	2.8106422	2.8106418	2.8106422	2.8106418	2035-09-04	tropics	28	2.810642	2.8106425	2.8106418	2.8106422	2.8106418	2.8106422	2.8106418	GARW	2036-04-01
2035-09-05	tropics	28	1.1201943	1.1307034	1.1111872	1.1268911	1.1139762	1.1239054	1.1163778	2035-09-05	tropics	28	1.1201943	1.1307034	1.1111872	1.1268911	1.1139762	1.1239054	1.1163778	2035-09-05	tropics	28	0.7739593	0.7739881	0.7739345	0.77397746	0.77394223	0.7739693	0.77394867	2035-09-05	tropics	28	0.7739593	0.7739881	0.7739345	0.77397746	0.77394223	0.7739693	0.77394867	GARW	2036-04-01
2035-09-06	tropics	28	1.1201382	1.130633	1.1111715	1.1268008	1.1139327	1.1238824	1.1163588	2035-09-06	tropics	28	1.1201382	1.130633	1.1111715	1.1268008	1.1139327	1.1238824	1.1163588	2035-09-06	tropics	28	0.25373036	0.25412712	0.2533893	0.25398284	0.2534958	0.2538702	0.25358474	2035-09-06	tropics	28	0.25373036	0.25412712	0.2533893	0.25398284	0.2534958	0.2538702	0.25358474	GARW	2036-04-01
2035-09-07	tropics	28	1.1201382	1.1305631	1.1111366	1.1267767	1.1138859	1.1238643	1.1163528	2035-09-07	tropics	28	1.1201382	1.1305631	1.1111366	1.1267767	1.1138859	1.1238643	1.1163528	2035-09-07	tropics	28	0.20639673	0.20766957	0.20530401	0.20720755	0.20564231	0.20684648	0.20593399	2035-09-07	tropics	28	0.20639673	0.20766957	0.20530401	0.20720755	0.20564231	0.20684648	0.20593399	GARW	2036-04-01
2035-09-08	tropics	28	1.1201451	1.1304928	1.111092	1.1267058	1.1138679	1.123838	1.1163373	2035-09-08	tropics	28	1.1201451	1.1304928	1.111092	1.1267058	1.1138679	1.123838	1.1163373	2035-09-08	tropics	28	0.23035318	0.2318806	0.2290392	0.23132502	0.22944431	0.23090002	0.2298003	2035-09-08	tropics	28	0.23035318	0.2318806	0.2290392	0.23132502	0.22944431	0.23090002	0.2298003	GARW	2036-04-01
2035-09-09	tropics	28	1.1201489	1.130426	1.1110514	1.1266949	1.1138736	1.1238334	1.1163306	2035-09-09	tropics	28	1.1201489	1.130426	1.1110514	1.1266949	1.1138736	1.1238334	1.1163306	2035-09-09	tropics	28	0.19126165	0.19247049	0.19019593	0.19202808	0.190525	0.19169396	0.19081503	2035-09-09	tropics	28	0.19126165	0.19247049	0.19019593	0.19202808	0.190525	0.19169396	0.19081503	GARW	2036-04-01
2035-09-10	tropics	28	1.1201313	1.1304039	1.1110132	1.1267154	1.113878	1.1238315	1.1163301	2035-09-10	tropics	28	1.1201313	1.1304039	1.1110132	1.1267154	1.113878	1.1238315	1.1163301	2035-09-10	tropics	28	0.14933799	0.1504842	0.14831875	0.15007259	0.14864	0.14975122	0.14891529	2035-09-10	tropics	28	0.14933799	0.1504842	0.14831875	0.15007259	0.14864	0.14975122	0.14891529	GARW	2036-04-01
2035-09-11	tropics	28	1.1201062	1.130384	1.1109779	1.1266975	1.1138821	1.1237952	1.1163255	2035-09-11	tropics	28	1.1201062	1.130384	1.1109779	1.1266975	1.1138821	1.1237952	1.1163255	2035-09-11	tropics	28	0.13440844	0.13570143	0.13325949	0.13523886	0.1336248	0.13487402	0.13393447	2035-09-11	tropics	28	0.13440844	0.13570143	0.13325949	0.13523886	0.1336248	0.13487402	0.13393447	GARW	2036-04-01
2035-09-12	tropics	28	1.1200848	1.1303922	1.1109467	1.1266813	1.1138852	1.1237605	1.1163183	2035-09-12	tropics	28	1.1200848	1.1303922	1.1109467	1.1266813	1.1138852	1.1237605	1.1163183	2035-09-12	tropics	28	0.12682024	0.12816398	0.12562728	0.12768221	0.12601104	0.12730028	0.12633123	2035-09-12	tropics	28	0.12682024	0.12816398	0.12562728	0.12768221	0.12601104	0.12730028	0.12633123	GARW	2036-04-01
2035-09-13	tropics	28	1.1200664	1.1304106	1.11092	1.1267194	1.1138848	1.123715	1.1163199	2035-09-13	tropics	28	1.1200664	1.1304106	1.11092	1.1267194	1.1138848	1.123715	1.1163199	2035-09-13	tropics	28	0.11529547	0.11660885	0.11413018	0.116139926	0.1145096	0.115756646	0.11481854	2035-09-13	tropics	28	0.11529547	0.11660885	0.11413018	0.116139926	0.1145096	0.115756646	0.11481854	GARW	2036-04-01
2035-09-14	tropics	28	1.1200473	1.1304289	1.1108683	1.1266336	1.113887	1.1236675	1.1162941	2035-09-14	tropics	28	1.1200473	1.1304289	1.1108683	1.1266336	1.113887	1.1236675	1.1162941	2035-09-14	tropics	28	0.10466534	0.10599024	0.103492595	0.10550488	0.103882335	0.105124086	0.10418779	2035-09-14	tropics	28	0.10466534	0.10599024	0.103492595	0.10550488	0.103882335	0.105124086	0.10418779	GARW	2036-04-01
2035-09-15	tropics	28	1.1200359	1.1304471	1.1108133	1.1266505	1.1138911	1.1236295	1.1162517	2035-09-15	tropics	28	1.1200359	1.1304471	1.1108133	1.1266505	1.1138911	1.1236295	1.1162517	2035-09-15	tropics	28	0.09766111	0.099024035	0.09644958	0.09852529	0.09685831	0.0981307	0.09716529	2035-09-15	tropics	28	0.09766111	0.099024035	0.09644958	0.09852529	0.09685831	0.0981307	0.09716529	GARW	2036-04-01
2035-09-16	tropics	28	1.1200385	1.1304654	1.1107606	1.1266695	1.1138631	1.1236444	1.1162146	2035-09-16	tropics	28	1.1200385	1.1304654	1.1107606	1.1266695	1.1138631	1.1236444	1.1162146	2035-09-16	tropics	28	0.09208393	0.09346754	0.090848975	0.09296243	0.091268316	0.09256518	0.09157771	2035-09-16	tropics	28	0.09208393	0.09346754	0.090848975	0.09296243	0.091268316	0.09256518	0.09157771	GARW	2036-04-01
2035-09-17	tropics	28	1.1200218	1.1304837	1.1107105	1.1266909	1.1138779	1.1236469	1.1162196	2035-09-17	tropics	28	1.1200218	1.1304837	1.1107105	1.1266909	1.1138779	1.1236469	1.1162196	2035-09-17	tropics	28	0.08199912	0.0834672	0.08069748	0.082935184	0.08114231	0.082508564	0.08147293	2035-09-17	tropics	28	0.08199912	0.0834672	0.08069748	0.082935184	0.08114231	0.082508564	0.08147293	GARW	2036-04-01
2035-09-18	tropics	28	1.1199353	1.130502	1.1106629	1.1267142	1.1138636	1.1236098	1.1162415	2035-09-18	tropics	28	1.1199353	1.130502	1.1106629	1.1267142	1.1138636	1.1236098	1.1162415	2035-09-18	tropics	28	0.012806118	0.015381393	0.010498968	0.014447188	0.0112714525	0.013700306	0.011858314	2035-09-18	tropics	28	0.012806118	0.015381393	0.010498968	0.014447188	0.0112714525	0.013700306	0.011858314	GARW	2036-04-01
2035-09-19	tropics	28	1.1198771	1.1305202	1.1106175	1.1267396	1.1138506	1.1235847	1.1162732	2035-09-19	tropics	28	1.1198771	1.1305202	1.1106175	1.1267396	1.1138506	1.1235847	1.1162732	2035-09-19	tropics	28	-0.002165556	0.00094071956	-0.0049585374	-0.00018135393	-0.004010296	-0.0010828078	-0.003305018	2035-09-19	tropics	28	-0.002165556	0.00094071956	-0.0049585374	-0.00018135393	-0.004010296	-0.0010828078	-0.003305018	GARW	2036-04-01
2035-09-20	tropics	28	1.11988	1.1305385	1.1105746	1.126767	1.1138175	1.1235986	1.1163077	2035-09-20	tropics	28	1.11988	1.1305385	1.1105746	1.126767	1.1138175	1.1235986	1.1163077	2035-09-20	tropics	28	0.041200876	0.04357856	0.039111897	0.042735983	0.039845813	0.042030215	0.04039055	2035-09-20	tropics	28	0.041200876	0.04357856	0.039111897	0.042735983	0.039845813	0.042030215	0.04039055	GARW	2036-04-01
2035-09-21	tropics	28	1.1198332	1.130557	1.1105341	1.1267855	1.1138227	1.1236327	1.1163148	2035-09-21	tropics	28	1.1198332	1.130557	1.1105341	1.1267855	1.1138227	1.1236327	1.1163148	2035-09-21	tropics	28	0.04103762	0.04325627	0.039086156	0.042472683	0.03976836	0.04181242	0.040293068	2035-09-21	tropics	28	0.04103762	0.04325627	0.039086156	0.042472683	0.03976836	0.04181242	0.040293068	GARW	2036-04-01
2035-09-22	tropics	28	1.1197832	1.1305754	1.1104964	1.1268083	1.1137644	1.1236732	1.1163161	2035-09-22	tropics	28	1.1197832	1.1305754	1.1104964	1.1268083	1.1137644	1.1236732	1.1163161	2035-09-22	tropics	28	0.024834633	0.027362762	0.022613477	0.026473569	0.023387253	0.025721073	0.0239909	2035-09-22	tropics	28	0.024834633	0.027362762	0.022613477	0.026473569	0.023387253	0.025721073	0.0239909	GARW	2036-04-01
2035-09-23	tropics	28	1.119741	1.1305939	1.11048	1.1267569	1.1136872	1.1236895	1.116296	2035-09-23	tropics	28	1.119741	1.1305939	1.11048	1.1267569	1.1136872	1.1236895	1.116296	2035-09-23	tropics	28	0.025285184	0.027915863	0.02299115	0.026993787	0.02380607	0.026227266	0.024424553	2035-09-23	tropics	28	0.025285184	0.027915863	0.02299115	0.026993787	0.02380607	0.026227266	0.024424553	GARW	2036-04-01
2035-09-24	tropics	28	1.1197274	1.1306125	1.1104653	1.1267397	1.1136148	1.1236072	1.116276	2035-09-24	tropics	28	1.1197274	1.1306125	1.1104653	1.1267397	1.1136148	1.1236072	1.116276	2035-09-24	tropics	28	0.031630695	0.034154005	0.029454824	0.03326427	0.03021357	0.03254667	0.030823201	2035-09-24	tropics	28	0.031630695	0.034154005	0.029454824	0.03326427	0.03021357	0.03254667	0.030823201	GARW	2036-04-01
2035-09-25	tropics	28	1.1197357	1.1305788	1.1104523	1.1267099	1.1136541	1.1235672	1.1162642	2035-09-25	tropics	28	1.1197357	1.1305788	1.1104523	1.1267099	1.1136541	1.1235672	1.1162642	2035-09-25	tropics	28	0.03118974	0.033683762	0.0290518	0.032800686	0.029783582	0.03208244	0.030396104	2035-09-25	tropics	28	0.03118974	0.033683762	0.0290518	0.032800686	0.029783582	0.03208244	0.030396104	GARW	2036-04-01
2035-09-26	tropics	28	1.1197584	1.130542	1.1104407	1.1266742	1.113658	1.1235282	1.1162722	2035-09-26	tropics	28	1.1197584	1.130542	1.1104407	1.1266742	1.113658	1.1235282	1.1162722	2035-09-26	tropics	28	0.028727472	0.03127018	0.026538525	0.03036642	0.027289141	0.029631436	0.027911723	2035-09-26	tropics	28	0.028727472	0.03127018	0.026538525	0.03036642	0.027289141	0.029631436	0.027911723	GARW	2036-04-01
2035-09-27	tropics	28	1.1197371	1.1305083	1.1104308	1.126639	1.1135985	1.1235622	1.1162348	2035-09-27	tropics	28	1.1197371	1.1305083	1.1104308	1.126639	1.1135985	1.1235622	1.1162348	2035-09-27	tropics	28	0.028986871	0.031533502	0.026773736	0.03062421	0.027546335	0.02988112	0.02815789	2035-09-27	tropics	28	0.028986871	0.031533502	0.026773736	0.03062421	0.027546335	0.02988112	0.02815789	GARW	2036-04-01
2035-09-28	tropics	28	1.1197166	1.1304743	1.1104223	1.1266418	1.1136068	1.1236286	1.1162543	2035-09-28	tropics	28	1.1197166	1.1304743	1.1104223	1.1266418	1.1136068	1.1236286	1.1162543	2035-09-28	tropics	28	0.029940963	0.032459076	0.027747303	0.031557404	0.028494656	0.030833751	0.029115677	2035-09-28	tropics	28	0.029940963	0.032459076	0.027747303	0.031557404	0.028494656	0.030833751	0.029115677	GARW	2036-04-01
2035-09-29	tropics	28	1.1197134	1.1304405	1.1104151	1.1266164	1.1136028	1.1236074	1.1162326	2035-09-29	tropics	28	1.1197134	1.1304405	1.1104151	1.1266164	1.1136028	1.1236074	1.1162326	2035-09-29	tropics	28	0.029801786	0.032308817	0.027617678	0.031413913	0.028366268	0.030707508	0.028988034	2035-09-29	tropics	28	0.029801786	0.032308817	0.027617678	0.031413913	0.028366268	0.030707508	0.028988034	GARW	2036-04-01
2035-09-30	tropics	28	1.1197194	1.1304065	1.1104093	1.1265717	1.1135852	1.1235809	1.1162758	2035-09-30	tropics	28	1.1197194	1.1304065	1.1104093	1.1265717	1.1135852	1.1235809	1.1162758	2035-09-30	tropics	28	0.029430091	0.031941414	0.027238693	0.03105005	0.02799356	0.03034541	0.028612882	2035-09-30	tropics	28	0.029430091	0.031941414	0.027238693	0.03105005	0.02799356	0.03034541	0.028612882	GARW	2036-04-01
2035-10-01	tropics	28	1.1197112	1.1303726	1.1104046	1.1265467	1.1135495	1.1236062	1.1162493	2035-10-01	tropics	28	1.1197112	1.1303726	1.1104046	1.1265467	1.1135495	1.1236062	1.1162493	2035-10-01	tropics	28	0.029496968	0.032002512	0.027299529	0.031108141	0.028052628	0.030406058	0.02868408	2035-10-01	tropics	28	0.029496968	0.032002512	0.027299529	0.031108141	0.028052628	0.030406058	0.02868408	GARW	2036-04-01
2035-10-02	tropics	28	1.1197007	1.130339	1.1104012	1.1264869	1.113523	1.1236469	1.1162678	2035-10-02	tropics	28	1.1197007	1.130339	1.1104012	1.1264869	1.113523	1.1236469	1.1162678	2035-10-02	tropics	28	0.029638827	0.032132644	0.027444	0.031242598	0.028190125	0.03054592	0.02882716	2035-10-02	tropics	28	0.029638827	0.032132644	0.027444	0.031242598	0.028190125	0.03054592	0.02882716	GARW	2036-04-01
2035-10-03	tropics	28	1.1196933	1.1303056	1.1103989	1.1264855	1.1135304	1.1236928	1.1162589	2035-10-03	tropics	28	1.1196933	1.1303056	1.1103989	1.1264855	1.1135304	1.1236928	1.1162589	2035-10-03	tropics	28	0.029604733	0.032092642	0.027413854	0.031195318	0.028152978	0.030525416	0.028792351	2035-10-03	tropics	28	0.029604733	0.032092642	0.027413854	0.031195318	0.028152978	0.030525416	0.028792351	GARW	2036-04-01
2035-10-04	tropics	28	1.1196924	1.1303028	1.1103977	1.1265111	1.1135459	1.1237043	1.1162416	2035-10-04	tropics	28	1.1196924	1.1303028	1.1103977	1.1265111	1.1135459	1.1237043	1.1162416	2035-10-04	tropics	28	0.029549241	0.03203202	0.027356943	0.031136513	0.028092528	0.030480653	0.028743505	2035-10-04	tropics	28	0.029549241	0.03203202	0.027356943	0.031136513	0.028092528	0.030480653	0.028743505	GARW	2036-04-01
2035-10-05	tropics	28	1.1196854	1.1302999	1.11033	1.1265357	1.1134611	1.1236755	1.1162561	2035-10-05	tropics	28	1.1196854	1.1302999	1.11033	1.1265357	1.1134611	1.1236755	1.1162561	2035-10-05	tropics	28	0.029563785	0.03204346	0.02737018	0.03115679	0.028113317	0.030503094	0.028750539	2035-10-05	tropics	28	0.029563785	0.03204346	0.02737018	0.03115679	0.028113317	0.030503094	0.028750539	GARW	2036-04-01
2035-10-06	tropics	28	1.1196868	1.130297	1.1103388	1.1265576	1.1134303	1.1236949	1.1162913	2035-10-06	tropics	28	1.1196868	1.130297	1.1103388	1.1265576	1.1134303	1.1236949	1.1162913	2035-10-06	tropics	28	0.029580772	0.03206299	0.027384877	0.031183112	0.028122734	0.03051567	0.02877304	2035-10-06	tropics	28	0.029580772	0.03206299	0.027384877	0.031183112	0.028122734	0.03051567	0.02877304	GARW	2036-04-01
2035-10-07	tropics	28	1.1196877	1.1302936	1.1103568	1.1265138	1.113415	1.1236672	1.1163223	2035-10-07	tropics	28	1.1196877	1.1302936	1.1103568	1.1265138	1.113415	1.1236672	1.1163223	2035-10-07	tropics	28	0.029574871	0.03205582	0.027370607	0.031182181	0.028103996	0.03051266	0.028772324	2035-10-07	tropics	28	0.029574871	0.03205582	0.027370607	0.031182181	0.028103996	0.03051266	0.028772324	GARW	2036-04-01
2035-10-08	tropics	28	1.1196883	1.1302898	1.1103659	1.1265056	1.1134344	1.1236246	1.1163092	2035-10-08	tropics	28	1.1196883	1.1302898	1.1103659	1.1265056	1.1134344	1.1236246	1.1163092	2035-10-08	tropics	28	0.029567242	0.032047283	0.027367419	0.031169964	0.028091574	0.030504793	0.028773636	2035-10-08	tropics	28	0.029567242	0.032047283	0.027367419	0.031169964	0.028091574	0.030504793	0.028773636	GARW	2036-04-01
2035-10-09	tropics	28	1.1196378	1.1302857	1.1103812	1.1265624	1.113377	1.1235926	1.1162956	2035-10-09	tropics	28	1.1196378	1.1302857	1.1103812	1.1265624	1.113377	1.1235926	1.1162956	2035-10-09	tropics	28	0.029570043	0.032049317	0.027371299	0.031162666	0.028096009	0.030495733	0.028770864	2035-10-09	tropics	28	0.029570043	0.032049317	0.027371299	0.031162666	0.028096009	0.030495733	0.028770864	GARW	2036-04-01
2035-10-10	tropics	28	1.1196197	1.1302813	1.1103978	1.1265708	1.1133527	1.1235715	1.1162885	2035-10-10	tropics	28	1.1196197	1.1302813	1.1103978	1.1265708	1.1133527	1.1235715	1.1162885	2035-10-10	tropics	28	0.029568255	0.032051355	0.027377868	0.031178605	0.028091192	0.030490607	0.028780878	2035-10-10	tropics	28	0.029568255	0.032051355	0.027377868	0.031178605	0.028091192	0.030490607	0.028780878	GARW	2036-04-01
2035-10-11	tropics	28	1.1196139	1.1302769	1.1104138	1.1265681	1.1133382	1.123546	1.1163071	2035-10-11	tropics	28	1.1196139	1.1302769	1.1104138	1.1265681	1.1133382	1.123546	1.1163071	2035-10-11	tropics	28	0.029554605	0.03204917	0.027380507	0.031183958	0.028081894	0.03048554	0.02877152	2035-10-11	tropics	28	0.029554605	0.03204917	0.027380507	0.031183958	0.028081894	0.03048554	0.02877152	GARW	2036-04-01
2035-10-12	tropics	28	1.119628	1.1302572	1.1104189	1.1265634	1.1133248	1.1235489	1.1163291	2035-10-12	tropics	28	1.119628	1.1302572	1.1104189	1.1265634	1.1133248	1.1235489	1.1163291	2035-10-12	tropics	28	0.02955401	0.032046936	0.027383244	0.031182336	0.028076911	0.03047496	0.028774142	2035-10-12	tropics	28	0.02955401	0.032046936	0.027383244	0.031182336	0.028076911	0.03047496	0.028774142	GARW	2036-04-01
2035-10-13	tropics	28	1.1196345	1.1302184	1.1104133	1.1265501	1.1133116	1.123504	1.1163459	2035-10-13	tropics	28	1.1196345	1.1302184	1.1104133	1.1265501	1.1133116	1.123504	1.1163459	2035-10-13	tropics	28	0.029557586	0.032045763	0.027385795	0.031181704	0.028074026	0.030477703	0.028780103	2035-10-13	tropics	28	0.029557586	0.032045763	0.027385795	0.031181704	0.028074026	0.030477703	0.028780103	GARW	2036-04-01
2035-10-14	tropics	28	1.1196399	1.1301777	1.1104045	1.1264824	1.1133093	1.1234993	1.1163416	2035-10-14	tropics	28	1.1196399	1.1301777	1.1104045	1.1264824	1.1133093	1.1234993	1.1163416	2035-10-14	tropics	28	0.029560447	0.032037333	0.027386319	0.031180704	0.028071713	0.030467898	0.028784215	2035-10-14	tropics	28	0.029560447	0.032037333	0.027386319	0.031180704	0.028071713	0.030467898	0.028784215	GARW	2036-04-01
2035-10-15	tropics	28	1.1196344	1.1301354	1.1103952	1.1265056	1.1132876	1.1235018	1.1163576	2035-10-15	tropics	28	1.1196344	1.1301354	1.1103952	1.1265056	1.1132876	1.1235018	1.1163576	2035-10-15	tropics	28	0.029560685	0.03202784	0.027383907	0.031172574	0.028068686	0.030463219	0.028784573	2035-10-15	tropics	28	0.029560685	0.03202784	0.027383907	0.031172574	0.028068686	0.030463219	0.028784573	GARW	2036-04-01
2035-10-16	tropics	28	1.1196237	1.1300912	1.1103861	1.1265312	1.1132745	1.1234889	1.1163738	2035-10-16	tropics	28	1.1196237	1.1300912	1.1103861	1.1265312	1.1132745	1.1234889	1.1163738	2035-10-16	tropics	28	0.029559493	0.03201809	0.02738164	0.031164134	0.028065275	0.030465841	0.028784335	2035-10-16	tropics	28	0.029559493	0.03201809	0.02738164	0.031164134	0.028065275	0.030465841	0.028784335	GARW	2036-04-01
2035-10-17	tropics	28	1.1196375	1.130045	1.1103771	1.1265322	1.113259	1.1234716	1.1163355	2035-10-17	tropics	28	1.1196375	1.130045	1.1103771	1.1265322	1.113259	1.1234716	1.1163355	2035-10-17	tropics	28	0.029557228	0.03200793	0.027379716	0.03117156	0.02806232	0.030464292	0.028793395	2035-10-17	tropics	28	0.029557228	0.03200793	0.027379716	0.03117156	0.02806232	0.030464292	0.028793395	GARW	2036-04-01
2035-10-18	tropics	28	1.119627	1.130005	1.1103681	1.1264957	1.1132519	1.1234782	1.116284	2035-10-18	tropics	28	1.119627	1.130005	1.1103681	1.1264957	1.1132519	1.1234782	1.116284	2035-10-18	tropics	28	0.02955854	0.031997398	0.027377348	0.031176902	0.028058792	0.030459225	0.028788567	2035-10-18	tropics	28	0.02955854	0.031997398	0.027377348	0.031176902	0.028058792	0.030459225	0.028788567	GARW	2036-04-01
2035-10-19	tropics	28	1.1196084	1.1299689	1.1103592	1.1264874	1.1132437	1.123469	1.1163201	2035-10-19	tropics	28	1.1196084	1.1299689	1.1103592	1.1264874	1.1132437	1.123469	1.1163201	2035-10-19	tropics	28	0.02955842	0.031986997	0.027375346	0.03116368	0.028056646	0.030460536	0.02877295	2035-10-19	tropics	28	0.02955842	0.031986997	0.027375346	0.03116368	0.028056646	0.030460536	0.02877295	GARW	2036-04-01
2035-10-20	tropics	28	1.1195903	1.1299313	1.1103446	1.1264586	1.1132264	1.1234522	1.116372	2035-10-20	tropics	28	1.1195903	1.1299313	1.1103446	1.1264586	1.1132264	1.1234522	1.116372	2035-10-20	tropics	28	0.029554248	0.031978734	0.027373219	0.031162763	0.028056836	0.03045863	0.028776705	2035-10-20	tropics	28	0.029554248	0.031978734	0.027373219	0.031162763	0.028056836	0.03045863	0.028776705	GARW	2036-04-01
2035-10-21	tropics	28	1.1195731	1.1298926	1.1103218	1.1264955	1.113217	1.1234543	1.1164074	2035-10-21	tropics	28	1.1195731	1.1298926	1.1103218	1.1264955	1.113217	1.1234543	1.1164074	2035-10-21	tropics	28	0.029550195	0.031970087	0.027370876	0.031164527	0.028051972	0.030451477	0.028787017	2035-10-21	tropics	28	0.029550195	0.031970087	0.027370876	0.031164527	0.028051972	0.030451477	0.028787017	GARW	2036-04-01
2035-10-22	tropics	28	1.1195499	1.1298524	1.1103168	1.126512	1.1131915	1.1234497	1.1164142	2035-10-22	tropics	28	1.1195499	1.1298524	1.1103168	1.126512	1.1131915	1.1234497	1.1164142	2035-10-22	tropics	28	0.029546976	0.0319612	0.027365375	0.031157946	0.02804873	0.030455112	0.02879709	2035-10-22	tropics	28	0.029546976	0.0319612	0.027365375	0.031157946	0.02804873	0.030455112	0.02879709	GARW	2036-04-01
2035-10-23	tropics	28	1.1195256	1.1298107	1.1103194	1.1265138	1.1131417	1.1234179	1.11643	2035-10-23	tropics	28	1.1195256	1.1298107	1.1103194	1.1265138	1.1131417	1.1234179	1.11643	2035-10-23	tropics	28	0.029541135	0.03195206	0.027361965	0.03116858	0.028045963	0.030452728	0.028801084	2035-10-23	tropics	28	0.029541135	0.03195206	0.027361965	0.03116858	0.028045963	0.030452728	0.028801084	GARW	2036-04-01
2035-10-24	tropics	28	1.119498	1.1297674	1.1102933	1.1265057	1.1130925	1.1233877	1.1164434	2035-10-24	tropics	28	1.119498	1.1297674	1.1102933	1.1265057	1.1130925	1.1233877	1.1164434	2035-10-24	tropics	28	0.029535651	0.031942297	0.027362686	0.031170344	0.028034378	0.030449867	0.028806448	2035-10-24	tropics	28	0.029535651	0.031942297	0.027362686	0.031170344	0.028034378	0.030449867	0.028806448	GARW	2036-04-01
2035-10-25	tropics	28	1.1194761	1.129723	1.1102477	1.126498	1.1131155	1.123352	1.1164454	2035-10-25	tropics	28	1.1194761	1.129723	1.1102477	1.126498	1.1131155	1.123352	1.1164454	2035-10-25	tropics	28	0.029529572	0.031932533	0.027360624	0.031169176	0.028022408	0.030441523	0.028809965	2035-10-25	tropics	28	0.029529572	0.031932533	0.027360624	0.031169176	0.028022408	0.030441523	0.028809965	GARW	2036-04-01
2035-10-26	tropics	28	1.1194549	1.1296827	1.110227	1.1264929	1.1131243	1.1233423	1.1164181	2035-10-26	tropics	28	1.1194549	1.1296827	1.110227	1.1264929	1.1131243	1.1233423	1.1164181	2035-10-26	tropics	28	0.029522657	0.031922154	0.02734973	0.03116231	0.028019022	0.030433834	0.028811395	2035-10-26	tropics	28	0.029522657	0.031922154	0.02734973	0.03116231	0.028019022	0.030433834	0.028811395	GARW	2036-04-01
2035-10-27	tropics	28	1.1194534	1.12967	1.1102116	1.1264879	1.1130241	1.1233125	1.1163931	2035-10-27	tropics	28	1.1194534	1.12967	1.1102116	1.1264879	1.1130241	1.1233125	1.1163931	2035-10-27	tropics	28	0.02951634	0.03191206	0.027342344	0.031165505	0.028027177	0.030426204	0.028804421	2035-10-27	tropics	28	0.02951634	0.03191206	0.027342344	0.031165505	0.028027177	0.030426204	0.028804421	GARW	2036-04-01
2035-10-28	tropics	28	1.119407	1.1295983	1.1101972	1.1264961	1.1130465	1.1232615	1.1163707	2035-10-28	tropics	28	1.119407	1.1295983	1.1101972	1.1264961	1.1130465	1.1232615	1.1163707	2035-10-28	tropics	28	0.029517889	0.031909544	0.02733869	0.031164456	0.02801001	0.030424714	0.02879852	2035-10-28	tropics	28	0.029517889	0.031909544	0.02733869	0.031164456	0.02801001	0.030424714	0.02879852	GARW	2036-04-01
2035-10-29	tropics	28	1.1193964	1.1295699	1.1101838	1.1265196	1.113031	1.1232136	1.1163492	2035-10-29	tropics	28	1.1193964	1.1295699	1.1101838	1.1265196	1.113031	1.1232136	1.1163492	2035-10-29	tropics	28	0.029508948	0.031895302	0.02733525	0.0311635	0.028005123	0.030416012	0.028793097	2035-10-29	tropics	28	0.029508948	0.031895302	0.02733525	0.0311635	0.028005123	0.030416012	0.028793097	GARW	2036-04-01
2035-10-30	tropics	28	1.1194136	1.1296053	1.1101712	1.1265384	1.1130103	1.1231745	1.1163316	2035-10-30	tropics	28	1.1194136	1.1296053	1.1101712	1.1265384	1.1130103	1.1231745	1.1163316	2035-10-30	tropics	28	0.029502392	0.031880587	0.027331924	0.031169461	0.028001118	0.030401528	0.02878797	2035-10-30	tropics	28	0.029502392	0.031880587	0.027331924	0.031169461	0.028001118	0.030401528	0.02878797	GARW	2036-04-01
2035-10-31	tropics	28	1.1194067	1.1296405	1.1101323	1.1265565	1.1130257	1.1231341	1.1163146	2035-10-31	tropics	28	1.1194067	1.1296405	1.1101323	1.1265565	1.1130257	1.1231341	1.1163146	2035-10-31	tropics	28	0.029507518	0.031888068	0.027328962	0.03117404	0.027997613	0.030392349	0.028783262	2035-10-31	tropics	28	0.029507518	0.031888068	0.027328962	0.03117404	0.027997613	0.030392349	0.028783262	GARW	2036-04-01
2035-11-01	tropics	28	1.1194476	1.1296746	1.1101174	1.1265694	1.1130335	1.1231014	1.1162945	2035-11-01	tropics	28	1.1194476	1.1296746	1.1101174	1.1265694	1.1130335	1.1231014	1.1162945	2035-11-01	tropics	28	0.029505968	0.031896077	0.027322983	0.031178355	0.02800114	0.03038305	0.028779984	2035-11-01	tropics	28	0.029505968	0.031896077	0.027322983	0.031178355	0.02800114	0.03038305	0.028779984	GARW	2036-04-01
2035-11-02	tropics	28	1.1194768	1.129694	1.1101235	1.1265156	1.1130464	1.1230538	1.1162806	2035-11-02	tropics	28	1.1194768	1.129694	1.1101235	1.1265156	1.1130464	1.1230538	1.1162806	2035-11-02	tropics	28	0.029510379	0.03190434	0.02731474	0.031181287	0.028003622	0.030374587	0.0287745	2035-11-02	tropics	28	0.029510379	0.03190434	0.02731474	0.031181287	0.028003622	0.030374587	0.0287745	GARW	2036-04-01
2035-11-03	tropics	28	1.1194596	1.1296924	1.1101277	1.1264849	1.1130136	1.123018	1.1162901	2035-11-03	tropics	28	1.1194596	1.1296924	1.1101277	1.1264849	1.1130136	1.123018	1.1162901	2035-11-03	tropics	28	0.029520512	0.031911045	0.02731602	0.031175947	0.028006244	0.030365884	0.028771162	2035-11-03	tropics	28	0.029520512	0.031911045	0.02731602	0.031175947	0.028006244	0.030365884	0.028771162	GARW	2036-04-01
2035-11-04	tropics	28	1.1194394	1.129651	1.1101182	1.1264465	1.1129528	1.1229798	1.1162738	2035-11-04	tropics	28	1.1194394	1.129651	1.1101182	1.1264465	1.1129528	1.1229798	1.1162738	2035-11-04	tropics	28	0.029519081	0.031911425	0.027317256	0.031166052	0.028007174	0.030355453	0.028769374	2035-11-04	tropics	28	0.029519081	0.031911425	0.027317256	0.031166052	0.028007174	0.030355453	0.028769374	GARW	2036-04-01
2035-11-05	tropics	28	1.1194003	1.1296046	1.1101089	1.1264062	1.1129199	1.1229782	1.1162617	2035-11-05	tropics	28	1.1194003	1.1296046	1.1101089	1.1264062	1.1129199	1.1229782	1.1162617	2035-11-05	tropics	28	0.029515266	0.031905435	0.027316218	0.031157613	0.02799182	0.03034681	0.02876699	2035-11-05	tropics	28	0.029515266	0.031905435	0.027316218	0.031157613	0.02799182	0.03034681	0.02876699	GARW	2036-04-01
2035-11-06	tropics	28	1.1193895	1.129588	1.1100999	1.1264137	1.1129667	1.1229575	1.1162641	2035-11-06	tropics	28	1.1193895	1.129588	1.1100999	1.1264137	1.1129667	1.1229575	1.1162641	2035-11-06	tropics	28	0.029505491	0.031894803	0.027314024	0.03114841	0.027979827	0.030344546	0.028767824	2035-11-06	tropics	28	0.029505491	0.031894803	0.027314024	0.03114841	0.027979827	0.030344546	0.028767824	GARW	2036-04-01
2035-11-07	tropics	28	1.1193767	1.1295543	1.1100911	1.1263734	1.1129539	1.1230096	1.1162343	2035-11-07	tropics	28	1.1193767	1.1295543	1.1100911	1.1263734	1.1129539	1.1230096	1.1162343	2035-11-07	tropics	28	0.02950263	0.031887036	0.02731182	0.03114469	0.02798443	0.030336618	0.02876538	2035-11-07	tropics	28	0.02950263	0.031887036	0.02731182	0.03114469	0.02798443	0.030336618	0.02876538	GARW	2036-04-01
2035-11-08	tropics	28	1.1193702	1.1295621	1.1100824	1.1263407	1.1129267	1.1229925	1.1161916	2035-11-08	tropics	28	1.1193702	1.1295621	1.1100824	1.1263407	1.1129267	1.1229925	1.1161916	2035-11-08	tropics	28	0.029498935	0.031882793	0.02730974	0.031141423	0.027988147	0.030346155	0.028761923	2035-11-08	tropics	28	0.029498935	0.031882793	0.02730974	0.031141423	0.027988147	0.030346155	0.028761923	GARW	2036-04-01
2035-11-09	tropics	28	1.1193846	1.1295474	1.1100737	1.1263094	1.1129012	1.1229196	1.1161354	2035-11-09	tropics	28	1.1193846	1.1295474	1.1100737	1.1263094	1.1129012	1.1229196	1.1161354	2035-11-09	tropics	28	0.029494762	0.03188038	0.027307648	0.03113017	0.027981615	0.030353665	0.028754056	2035-11-09	tropics	28	0.029494762	0.03188038	0.027307648	0.03113017	0.027981615	0.030353665	0.028754056	GARW	2036-04-01
2035-11-10	tropics	28	1.1193476	1.1295286	1.1100649	1.1263386	1.1129094	1.1228855	1.1160841	2035-11-10	tropics	28	1.1193476	1.1295286	1.1100649	1.1263386	1.1129094	1.1228855	1.1160841	2035-11-10	tropics	28	0.02950275	0.03187905	0.027305668	0.031119537	0.027975464	0.030332983	0.028738618	2035-11-10	tropics	28	0.02950275	0.03187905	0.027305668	0.031119537	0.027975464	0.030332983	0.028738618	GARW	2036-04-01
2035-11-11	tropics	28	1.1193409	1.129508	1.1100839	1.1263647	1.1129299	1.1228915	1.1161044	2035-11-11	tropics	28	1.1193409	1.129508	1.1100839	1.1263647	1.1129299	1.1228915	1.1161044	2035-11-11	tropics	28	0.029492617	0.031875025	0.027303439	0.03112638	0.027973413	0.030320585	0.028727949	2035-11-11	tropics	28	0.029492617	0.031875025	0.027303439	0.03112638	0.027973413	0.030320585	0.028727949	GARW	2036-04-01
2035-11-12	tropics	28	1.119326	1.1295145	1.1100904	1.1263233	1.112952	1.1228985	1.1160839	2035-11-12	tropics	28	1.119326	1.1295145	1.1100904	1.1263233	1.112952	1.1228985	1.1160839	2035-11-12	tropics	28	0.02949047	0.031870037	0.027305579	0.031133438	0.027978182	0.030322313	0.028726459	2035-11-12	tropics	28	0.02949047	0.031870037	0.027305579	0.031133438	0.027978182	0.030322313	0.028726459	GARW	2036-04-01
2035-11-13	tropics	28	1.1193134	1.129512	1.1100774	1.1263213	1.1128721	1.122848	1.1160188	2035-11-13	tropics	28	1.1193134	1.129512	1.1100774	1.1263213	1.1128721	1.122848	1.1160188	2035-11-13	tropics	28	0.029487371	0.0318696	0.027309103	0.031127095	0.027983189	0.030323923	0.028725922	2035-11-13	tropics	28	0.029487371	0.0318696	0.027309103	0.031127095	0.027983189	0.030323923	0.028725922	GARW	2036-04-01
2035-11-14	tropics	28	1.1192911	1.1294732	1.1100749	1.1262455	1.1127777	1.1227779	1.1159314	2035-11-14	tropics	28	1.1192911	1.1294732	1.1100749	1.1262455	1.1127777	1.1227779	1.1159314	2035-11-14	tropics	28	0.029484749	0.031870715	0.027307654	0.031127285	0.027974844	0.030318141	0.02871573	2035-11-14	tropics	28	0.029484749	0.031870715	0.027307654	0.031127285	0.027974844	0.030318141	0.02871573	GARW	2036-04-01
2035-11-15	tropics	28	1.1192751	1.1294428	1.1100937	1.1261601	1.11278	1.122748	1.1158249	2035-11-15	tropics	28	1.1192751	1.1294428	1.1100937	1.1261601	1.11278	1.122748	1.1158249	2035-11-15	tropics	28	0.02948153	0.03186354	0.027303498	0.031114459	0.027952384	0.030301213	0.028695226	2035-11-15	tropics	28	0.02948153	0.03186354	0.027303498	0.031114459	0.027952384	0.030301213	0.028695226	GARW	2036-04-01
2035-11-16	tropics	28	1.1192577	1.1294429	1.1100832	1.1260846	1.1128697	1.1227419	1.1158314	2035-11-16	tropics	28	1.1192577	1.1294429	1.1100832	1.1260846	1.1128697	1.1227419	1.1158314	2035-11-16	tropics	28	0.029476047	0.03185426	0.027308255	0.031095456	0.027937174	0.030295074	0.028671205	2035-11-16	tropics	28	0.029476047	0.03185426	0.027308255	0.031095456	0.027937174	0.030295074	0.028671205	GARW	2036-04-01
2035-11-17	tropics	28	1.1192214	1.1294409	1.1100487	1.126003	1.11293	1.122711	1.1157901	2035-11-17	tropics	28	1.1192214	1.1294409	1.1100487	1.126003	1.11293	1.122711	1.1157901	2035-11-17	tropics	28	0.029472113	0.0318534	0.027309222	0.031074094	0.027958203	0.030283153	0.02866292	2035-11-17	tropics	28	0.029472113	0.0318534	0.027309222	0.031074094	0.027958203	0.030283153	0.02866292	GARW	2036-04-01
2035-11-18	tropics	28	1.1191709	1.1294347	1.110015	1.1259129	1.1128546	1.1226764	1.1157489	2035-11-18	tropics	28	1.1191709	1.1294347	1.110015	1.1259129	1.1128546	1.1226764	1.1157489	2035-11-18	tropics	28	0.029465556	0.031853247	0.027301818	0.031062007	0.027980257	0.030285358	0.028660119	2035-11-18	tropics	28	0.029465556	0.031853247	0.027301818	0.031062007	0.027980257	0.030285358	0.028660119	GARW	2036-04-01
2035-11-19	tropics	28	1.1191528	1.1294242	1.1099821	1.1259358	1.1128101	1.122608	1.115684	2035-11-19	tropics	28	1.1191528	1.1294242	1.1099821	1.1259358	1.1128101	1.122608	1.115684	2035-11-19	tropics	28	0.02945447	0.031852126	0.027293723	0.031033253	0.02796936	0.030274928	0.02864945	2035-11-19	tropics	28	0.02945447	0.031852126	0.027293723	0.031033253	0.02796936	0.030274928	0.02864945	GARW	2036-04-01
2035-11-20	tropics	28	1.119113	1.1293993	1.109925	1.125899	1.1128317	1.1225951	1.1156611	2035-11-20	tropics	28	1.119113	1.1293993	1.109925	1.125899	1.1128317	1.1225951	1.1156611	2035-11-20	tropics	28	0.02944696	0.03185013	0.027285893	0.031033635	0.02795	0.030263603	0.028630257	2035-11-20	tropics	28	0.02944696	0.03185013	0.027285893	0.031033635	0.02795	0.030263603	0.028630257	GARW	2036-04-01
2035-11-21	tropics	28	1.1191068	1.1293612	1.1098678	1.1258501	1.1128217	1.1226249	1.1156143	2035-11-21	tropics	28	1.1191068	1.1293612	1.1098678	1.1258501	1.1128217	1.1226249	1.1156143	2035-11-21	tropics	28	0.029443622	0.03184642	0.027274674	0.031030416	0.027955199	0.03024751	0.028627455	2035-11-21	tropics	28	0.029443622	0.03184642	0.027274674	0.031030416	0.027955199	0.03024751	0.028627455	GARW	2036-04-01
2035-11-22	tropics	28	1.1190639	1.1293223	1.109811	1.1258076	1.112776	1.1226901	1.1155648	2035-11-22	tropics	28	1.1190639	1.1293223	1.109811	1.1258076	1.112776	1.1226901	1.1155648	2035-11-22	tropics	28	0.029437542	0.031837597	0.02726084	0.03101959	0.027958894	0.030257285	0.028617322	2035-11-22	tropics	28	0.029437542	0.031837597	0.02726084	0.03101959	0.027958894	0.030257285	0.028617322	GARW	2036-04-01
2035-11-23	tropics	28	1.1190348	1.1292782	1.1097616	1.1257765	1.1127313	1.1226245	1.1155164	2035-11-23	tropics	28	1.1190348	1.1292782	1.1097616	1.1257765	1.1127313	1.1226245	1.1155164	2035-11-23	tropics	28	0.029427767	0.031828716	0.027247507	0.031007504	0.027947854	0.030272782	0.02860558	2035-11-23	tropics	28	0.029427767	0.031828716	0.027247507	0.031007504	0.027947854	0.030272782	0.02860558	GARW	2036-04-01
2035-11-24	tropics	28	1.1190133	1.1292284	1.1097138	1.125742	1.1126282	1.1225462	1.115499	2035-11-24	tropics	28	1.1190133	1.1292284	1.1097138	1.125742	1.1126282	1.1225462	1.115499	2035-11-24	tropics	28	0.02941966	0.03181907	0.02723505	0.031000542	0.027936935	0.030267477	0.028594255	2035-11-24	tropics	28	0.02941966	0.03181907	0.02723505	0.031000542	0.027936935	0.030267477	0.028594255	GARW	2036-04-01
2035-11-25	tropics	28	1.1189616	1.1291728	1.1096427	1.1256672	1.1125054	1.1225132	1.1154597	2035-11-25	tropics	28	1.1189616	1.1291728	1.1096427	1.1256672	1.1125054	1.1225132	1.1154597	2035-11-25	tropics	28	0.029416442	0.031807885	0.027223969	0.030992864	0.027919436	0.03024894	0.028583169	2035-11-25	tropics	28	0.029416442	0.031807885	0.027223969	0.030992864	0.027919436	0.03024894	0.028583169	GARW	2036-04-01
2035-11-26	tropics	28	1.118912	1.1291114	1.1095829	1.1256055	1.1124368	1.122519	1.11547	2035-11-26	tropics	28	1.118912	1.1291114	1.1095829	1.1256055	1.1124368	1.122519	1.11547	2035-11-26	tropics	28	0.029405951	0.03179547	0.027208269	0.03098178	0.027890325	0.030235708	0.028575838	2035-11-26	tropics	28	0.029405951	0.03179547	0.027208269	0.03098178	0.027890325	0.030235708	0.028575838	GARW	2036-04-01
2035-11-27	tropics	28	1.1188542	1.1290438	1.109512	1.1255088	1.1124098	1.1224921	1.1154966	2035-11-27	tropics	28	1.1188542	1.1290438	1.109512	1.1255088	1.1124098	1.1224921	1.1154966	2035-11-27	tropics	28	0.029392362	0.03178185	0.027194316	0.030965684	0.027867055	0.030234933	0.0285784	2035-11-27	tropics	28	0.029392362	0.03178185	0.027194316	0.030965684	0.027867055	0.030234933	0.0285784	GARW	2036-04-01
2035-11-28	tropics	28	1.1187932	1.1289288	1.1094438	1.1253703	1.1123837	1.1224469	1.1154746	2035-11-28	tropics	28	1.1187932	1.1289288	1.1094438	1.1253703	1.1123837	1.1224469	1.1154746	2035-11-28	tropics	28	0.02938199	0.03176641	0.027177526	0.030943466	0.027859498	0.030233681	0.028582752	2035-11-28	tropics	28	0.02938199	0.03176641	0.027177526	0.030943466	0.027859498	0.030233681	0.028582752	GARW	2036-04-01
2035-11-29	tropics	28	1.1187265	1.1287969	1.1093785	1.1252679	1.1123571	1.1223733	1.1155074	2035-11-29	tropics	28	1.1187265	1.1287969	1.1093785	1.1252679	1.1123571	1.1223733	1.1155074	2035-11-29	tropics	28	0.029363513	0.031744637	0.027161198	0.030915523	0.027853489	0.030223608	0.028582573	2035-11-29	tropics	28	0.029363513	0.031744637	0.027161198	0.030915523	0.027853489	0.030223608	0.028582573	GARW	2036-04-01
2035-11-30	tropics	28	1.1186469	1.1286588	1.109316	1.1251947	1.112254	1.122286	1.115404	2035-11-30	tropics	28	1.1186469	1.1286588	1.109316	1.1251947	1.112254	1.122286	1.115404	2035-11-30	tropics	28	0.029352307	0.031714264	0.02714554	0.030884886	0.027847147	0.030207932	0.02858591	2035-11-30	tropics	28	0.029352307	0.031714264	0.02714554	0.030884886	0.027847147	0.030207932	0.02858591	GARW	2036-04-01
2035-12-01	tropics	28	1.1185964	1.1285142	1.1092497	1.1251026	1.1121304	1.1222174	1.1153026	2035-12-01	tropics	28	1.1185964	1.1285142	1.1092497	1.1251026	1.1121304	1.1222174	1.1153026	2035-12-01	tropics	28	0.029331207	0.031682707	0.02713046	0.030867886	0.027831506	0.030189991	0.028574407	2035-12-01	tropics	28	0.029331207	0.031682707	0.02713046	0.030867886	0.027831506	0.030189991	0.028574407	GARW	2036-04-01
2035-12-02	tropics	28	1.1185484	1.1283629	1.1091515	1.1249963	1.111999	1.1221261	1.1152191	2035-12-02	tropics	28	1.1185484	1.1283629	1.1091515	1.1249963	1.111999	1.1221261	1.1152191	2035-12-02	tropics	28	0.029319286	0.03164955	0.02711605	0.030848956	0.027802657	0.030172527	0.028547227	2035-12-02	tropics	28	0.029319286	0.03164955	0.02711605	0.030848956	0.027802657	0.030172527	0.028547227	GARW	2036-04-01
2035-12-03	tropics	28	1.118491	1.1282258	1.1090587	1.124888	1.1118994	1.1220232	1.1151874	2035-12-03	tropics	28	1.118491	1.1282258	1.1090587	1.124888	1.1118994	1.1220232	1.1151874	2035-12-03	tropics	28	0.029307485	0.031614598	0.027095318	0.030824328	0.02777245	0.030151963	0.028524399	2035-12-03	tropics	28	0.029307485	0.031614598	0.027095318	0.030824328	0.02777245	0.030151963	0.028524399	GARW	2036-04-01
2035-12-04	tropics	28	1.118422	1.1281272	1.1089977	1.1247768	1.1118436	1.1218808	1.1151197	2035-12-04	tropics	28	1.118422	1.1281272	1.1089977	1.1247768	1.1118436	1.1218808	1.1151197	2035-12-04	tropics	28	0.029295087	0.031578667	0.027071232	0.030799387	0.02774341	0.03012985	0.02851516	2035-12-04	tropics	28	0.029295087	0.031578667	0.027071232	0.030799387	0.02774341	0.03012985	0.02851516	GARW	2036-04-01
2035-12-05	tropics	28	1.118325	1.1280241	1.1089358	1.1246593	1.1117924	1.1217479	1.1150362	2035-12-05	tropics	28	1.118325	1.1280241	1.1089358	1.1246593	1.1117924	1.1217479	1.1150362	2035-12-05	tropics	28	0.029281616	0.031555187	0.027055258	0.030773567	0.027728224	0.030097902	0.028503	2035-12-05	tropics	28	0.029281616	0.031555187	0.027055258	0.030773567	0.027728224	0.030097902	0.028503	GARW	2036-04-01
2035-12-06	tropics	28	1.118221	1.1279162	1.1088732	1.1245433	1.111656	1.1215839	1.1149111	2035-12-06	tropics	28	1.118221	1.1279162	1.1088732	1.1245433	1.111656	1.1215839	1.1149111	2035-12-06	tropics	28	0.029264808	0.031531543	0.02704091	0.030748606	0.02771616	0.030067861	0.02848959	2035-12-06	tropics	28	0.029264808	0.031531543	0.02704091	0.030748606	0.02771616	0.030067861	0.02848959	GARW	2036-04-01
2035-12-07	tropics	28	1.1180928	1.1278028	1.1088096	1.1243874	1.1115597	1.1214815	1.114835	2035-12-07	tropics	28	1.1180928	1.1278028	1.1088096	1.1243874	1.1115597	1.1214815	1.114835	2035-12-07	tropics	28	0.029240131	0.031506695	0.027026176	0.030719161	0.027687455	0.030029833	0.028456867	2035-12-07	tropics	28	0.029240131	0.031506695	0.027026176	0.030719161	0.027687455	0.030029833	0.028456867	GARW	2036-04-01
2035-12-08	tropics	28	1.1180354	1.1276836	1.1087204	1.1242256	1.111498	1.1213824	1.114735	2035-12-08	tropics	28	1.1180354	1.1276836	1.1087204	1.1242256	1.111498	1.1213824	1.114735	2035-12-08	tropics	28	0.02920866	0.03148079	0.027010977	0.030689191	0.027668547	0.030003428	0.028434753	2035-12-08	tropics	28	0.02920866	0.03148079	0.027010977	0.030689191	0.027668547	0.030003428	0.028434753	GARW	2036-04-01
2035-12-09	tropics	28	1.1179591	1.1275581	1.1086011	1.1241524	1.1114243	1.1213831	1.1146598	2035-12-09	tropics	28	1.1179591	1.1275581	1.1086011	1.1241524	1.1114243	1.1213831	1.1146598	2035-12-09	tropics	28	0.029186964	0.03145369	0.026994646	0.03064959	0.027646279	0.029974043	0.028416693	2035-12-09	tropics	28	0.029186964	0.03145369	0.026994646	0.03064959	0.027646279	0.029974043	0.028416693	GARW	2036-04-01
2035-12-10	tropics	28	1.1178877	1.1274422	1.1084796	1.1241207	1.1113968	1.121253	1.1145949	2035-12-10	tropics	28	1.1178877	1.1274422	1.1084796	1.1241207	1.1113968	1.121253	1.1145949	2035-12-10	tropics	28	0.029172301	0.031425077	0.026966602	0.030618072	0.02763014	0.029969752	0.02839464	2035-12-10	tropics	28	0.029172301	0.031425077	0.026966602	0.030618072	0.02763014	0.029969752	0.02839464	GARW	2036-04-01
2035-12-11	tropics	28	1.117766	1.1273991	1.1083604	1.1240813	1.1113721	1.1211233	1.1145315	2035-12-11	tropics	28	1.117766	1.1273991	1.1083604	1.1240813	1.1113721	1.1211233	1.1145315	2035-12-11	tropics	28	0.02915454	0.03139454	0.026938075	0.030608177	0.027620126	0.02995205	0.028376043	2035-12-11	tropics	28	0.02915454	0.03139454	0.026938075	0.030608177	0.027620126	0.02995205	0.028376043	GARW	2036-04-01
2035-12-12	tropics	28	1.1176422	1.127239	1.1083368	1.1239955	1.1113197	1.1210078	1.1143854	2035-12-12	tropics	28	1.1176422	1.127239	1.1083368	1.1239955	1.1113197	1.1210078	1.1143854	2035-12-12	tropics	28	0.029133677	0.031380065	0.026908856	0.030609608	0.027614761	0.029917121	0.028368056	2035-12-12	tropics	28	0.029133677	0.031380065	0.026908856	0.030609608	0.027614761	0.029917121	0.028368056	GARW	2036-04-01
2035-12-13	tropics	28	1.1174893	1.1270573	1.1082892	1.1239185	1.1112379	1.1208609	1.1142368	2035-12-13	tropics	28	1.1174893	1.1270573	1.1082892	1.1239185	1.1112379	1.1208609	1.1142368	2035-12-13	tropics	28	0.02910316	0.031354815	0.026896046	0.030582	0.02760687	0.02989024	0.028338015	2035-12-13	tropics	28	0.02910316	0.031354815	0.026896046	0.030582	0.02760687	0.02989024	0.028338015	GARW	2036-04-01
2035-12-14	tropics	28	1.1174207	1.1268694	1.1082151	1.1238561	1.1111462	1.1207607	1.1141295	2035-12-14	tropics	28	1.1174207	1.1268694	1.1082151	1.1238561	1.1111462	1.1207607	1.1141295	2035-12-14	tropics	28	0.029066086	0.03131303	0.026888449	0.030564807	0.02758782	0.029862404	0.02830261	2035-12-14	tropics	28	0.029066086	0.03131303	0.026888449	0.030564807	0.02758782	0.029862404	0.02830261	GARW	2036-04-01
2035-12-15	tropics	28	1.1172943	1.1266719	1.1081178	1.1236486	1.1110895	1.1206303	1.114011	2035-12-15	tropics	28	1.1172943	1.1266719	1.1081178	1.1236486	1.1110895	1.1206303	1.114011	2035-12-15	tropics	28	0.029046297	0.031269897	0.02687202	0.030557156	0.02756996	0.029826999	0.028270304	2035-12-15	tropics	28	0.029046297	0.031269897	0.02687202	0.030557156	0.02756996	0.029826999	0.028270304	GARW	2036-04-01
2035-12-16	tropics	28	1.1172124	1.1264409	1.1079892	1.123503	1.1109517	1.1204232	1.1138945	2035-12-16	tropics	28	1.1172124	1.1264409	1.1079892	1.123503	1.1109517	1.1204232	1.1138945	2035-12-16	tropics	28	0.02901566	0.031224472	0.026852649	0.030515838	0.027554179	0.029816091	0.028244436	2035-12-16	tropics	28	0.02901566	0.031224472	0.026852649	0.030515838	0.027554179	0.029816091	0.028244436	GARW	2036-04-01
2035-12-17	tropics	28	1.1170453	1.1261896	1.1078309	1.1233783	1.1108725	1.1203055	1.1137614	2035-12-17	tropics	28	1.1170453	1.1261896	1.1078309	1.1233783	1.1108725	1.1203055	1.1137614	2035-12-17	tropics	28	0.029002905	0.0311759	0.026822245	0.030475067	0.02752452	0.02976185	0.028220177	2035-12-17	tropics	28	0.029002905	0.0311759	0.026822245	0.030475067	0.02752452	0.02976185	0.028220177	GARW	2036-04-01
2035-12-18	tropics	28	1.1169432	1.1259282	1.1076471	1.1231582	1.1106834	1.1201662	1.1136292	2035-12-18	tropics	28	1.1169432	1.1259282	1.1076471	1.1231582	1.1106834	1.1201662	1.1136292	2035-12-18	tropics	28	0.028962612	0.031116355	0.026789373	0.030444909	0.027498793	0.029726565	0.028188288	2035-12-18	tropics	28	0.028962612	0.031116355	0.026789373	0.030444909	0.027498793	0.029726565	0.028188288	GARW	2036-04-01
2035-12-19	tropics	28	1.1167564	1.125659	1.1074623	1.1229069	1.1106075	1.1200039	1.1135068	2035-12-19	tropics	28	1.1167564	1.125659	1.1074623	1.1229069	1.1106075	1.1200039	1.1135068	2035-12-19	tropics	28	0.028935194	0.031056387	0.026746059	0.030405043	0.027468633	0.029699624	0.028156042	2035-12-19	tropics	28	0.028935194	0.031056387	0.026746059	0.030405043	0.027468633	0.029699624	0.028156042	GARW	2036-04-01
2035-12-20	tropics	28	1.1165669	1.1254587	1.107338	1.1226459	1.1104788	1.119837	1.113415	2035-12-20	tropics	28	1.1165669	1.1254587	1.107338	1.1226459	1.1104788	1.119837	1.113415	2035-12-20	tropics	28	0.02889371	0.030993719	0.026701855	0.03034916	0.027440643	0.029660821	0.02812457	2035-12-20	tropics	28	0.02889371	0.030993719	0.026701855	0.03034916	0.027440643	0.029660821	0.02812457	GARW	2036-04-01
2035-12-21	tropics	28	1.1164476	1.125176	1.1072167	1.1224351	1.1103506	1.1195903	1.1132653	2035-12-21	tropics	28	1.1164476	1.125176	1.1072167	1.1224351	1.1103506	1.1195903	1.1132653	2035-12-21	tropics	28	0.02885127	0.030947631	0.02666694	0.03028741	0.02741456	0.029622078	0.02810371	2035-12-21	tropics	28	0.02885127	0.030947631	0.02666694	0.03028741	0.02741456	0.029622078	0.02810371	GARW	2036-04-01
2035-12-22	tropics	28	1.1162914	1.1249241	1.1070712	1.122334	1.1102108	1.1193861	1.1130946	2035-12-22	tropics	28	1.1162914	1.1249241	1.1070712	1.122334	1.1102108	1.1193861	1.1130946	2035-12-22	tropics	28	0.028825521	0.030882383	0.026639413	0.030227851	0.027387047	0.029566765	0.02807331	2035-12-22	tropics	28	0.028825521	0.030882383	0.026639413	0.030227851	0.027387047	0.029566765	0.02807331	GARW	2036-04-01
2035-12-23	tropics	28	1.1161451	1.1246268	1.1068766	1.1221842	1.1100494	1.1191461	1.1129677	2035-12-23	tropics	28	1.1161451	1.1246268	1.1068766	1.1221842	1.1100494	1.1191461	1.1129677	2035-12-23	tropics	28	0.028787136	0.03081478	0.026608692	0.030198812	0.027350236	0.029520392	0.028032184	2035-12-23	tropics	28	0.028787136	0.03081478	0.026608692	0.030198812	0.027350236	0.029520392	0.028032184	GARW	2036-04-01
2035-12-24	tropics	28	1.1159914	1.1244613	1.1066802	1.1219269	1.1098083	1.1189604	1.1127554	2035-12-24	tropics	28	1.1159914	1.1244613	1.1066802	1.1219269	1.1098083	1.1189604	1.1127554	2035-12-24	tropics	28	0.02874899	0.030763185	0.02656368	0.030176353	0.02731638	0.029459834	0.02799964	2035-12-24	tropics	28	0.02874899	0.030763185	0.02656368	0.030176353	0.02731638	0.029459834	0.02799964	GARW	2036-04-01
2035-12-25	tropics	28	1.1158149	1.1243432	1.106496	1.121649	1.1095709	1.1187345	1.1125734	2035-12-25	tropics	28	1.1158149	1.1243432	1.106496	1.121649	1.1095709	1.1187345	1.1125734	2035-12-25	tropics	28	0.028717041	0.030703712	0.026517808	0.03012247	0.027262926	0.02942133	0.027953029	2035-12-25	tropics	28	0.028717041	0.030703712	0.026517808	0.03012247	0.027262926	0.02942133	0.027953029	GARW	2036-04-01
2035-12-26	tropics	28	1.11568	1.1241958	1.1063321	1.1214235	1.1094161	1.1185124	1.1123776	2035-12-26	tropics	28	1.11568	1.1241958	1.1063321	1.1214235	1.1094161	1.1185124	1.1123776	2035-12-26	tropics	28	0.028677225	0.030667713	0.026471233	0.03005252	0.027206372	0.029366255	0.027912617	2035-12-26	tropics	28	0.028677225	0.030667713	0.026471233	0.03005252	0.027206372	0.029366255	0.027912617	GARW	2036-04-01
2035-12-27	tropics	28	1.115449	1.1239761	1.1061621	1.1212275	1.1092104	1.1183236	1.1121727	2035-12-27	tropics	28	1.115449	1.1239761	1.1061621	1.1212275	1.1092104	1.1183236	1.1121727	2035-12-27	tropics	28	0.028644085	0.030647125	0.026432693	0.029999161	0.027160501	0.029311538	0.027867436	2035-12-27	tropics	28	0.028644085	0.030647125	0.026432693	0.029999161	0.027160501	0.029311538	0.027867436	GARW	2036-04-01
2035-12-28	tropics	28	1.1151873	1.1237196	1.1059859	1.1209624	1.1091053	1.1180766	1.1119454	2035-12-28	tropics	28	1.1151873	1.1237196	1.1059859	1.1209624	1.1091053	1.1180766	1.1119454	2035-12-28	tropics	28	0.028597355	0.030595945	0.02639295	0.029944707	0.02711091	0.029269695	0.027817845	2035-12-28	tropics	28	0.028597355	0.030595945	0.02639295	0.029944707	0.02711091	0.029269695	0.027817845	GARW	2036-04-01
2035-12-29	tropics	28	1.1149435	1.1235117	1.105803	1.1206794	1.1089028	1.117845	1.1116464	2035-12-29	tropics	28	1.1149435	1.1235117	1.105803	1.1206794	1.1089028	1.117845	1.1116464	2035-12-29	tropics	28	0.028531551	0.030535413	0.026351701	0.029894495	0.027094126	0.02921617	0.02777052	2035-12-29	tropics	28	0.028531551	0.030535413	0.026351701	0.029894495	0.027094126	0.02921617	0.02777052	GARW	2036-04-01
2035-12-30	tropics	28	1.1147082	1.1232184	1.1056081	1.1203823	1.1086348	1.1175739	1.1113863	2035-12-30	tropics	28	1.1147082	1.1232184	1.1056081	1.1203823	1.1086348	1.1175739	1.1113863	2035-12-30	tropics	28	0.028473377	0.030486703	0.02630875	0.029829072	0.027045965	0.029159546	0.02770269	2035-12-30	tropics	28	0.028473377	0.030486703	0.02630875	0.029829072	0.027045965	0.029159546	0.02770269	GARW	2036-04-01
2035-12-31	tropics	28	1.1144829	1.1228681	1.1053692	1.1200839	1.1084391	1.1172369	1.1111351	2035-12-31	tropics	28	1.1144829	1.1228681	1.1053692	1.1200839	1.1084391	1.1172369	1.1111351	2035-12-31	tropics	28	0.02841711	0.03043244	0.026264573	0.02975936	0.026987886	0.029102683	0.027637959	2035-12-31	tropics	28	0.02841711	0.03043244	0.026264573	0.02975936	0.026987886	0.029102683	0.027637959	GARW	2036-04-01
2036-01-01	tropics	28	1.1141839	1.122556	1.1051618	1.119719	1.1082357	1.1169605	1.110915	2036-01-01	tropics	28	1.1141839	1.122556	1.1051618	1.119719	1.1082357	1.1169605	1.110915	2036-01-01	tropics	28	0.02836585	0.030344225	0.026210427	0.029692506	0.026936864	0.02902019	0.027579308	2036-01-01	tropics	28	0.02836585	0.030344225	0.026210427	0.029692506	0.026936864	0.02902019	0.027579308	GARW	2036-04-01
2036-01-02	tropics	28	1.1138537	1.1223277	1.1049771	1.1193951	1.1080836	1.1166645	1.1106722	2036-01-02	tropics	28	1.1138537	1.1223277	1.1049771	1.1193951	1.1080836	1.1166645	1.1106722	2036-01-02	tropics	28	0.028301954	0.030272221	0.026156032	0.029608393	0.026888084	0.028956056	0.02752614	2036-01-02	tropics	28	0.028301954	0.030272221	0.026156032	0.029608393	0.026888084	0.028956056	0.02752614	GARW	2036-04-01
2036-01-03	tropics	28	1.1135848	1.1220818	1.1047808	1.1191145	1.1077996	1.1163573	1.1104705	2036-01-03	tropics	28	1.1135848	1.1220818	1.1047808	1.1191145	1.1077996	1.1163573	1.1104705	2036-01-03	tropics	28	0.028225422	0.03021226	0.026111972	0.029526806	0.02684536	0.028887272	0.027464509	2036-01-03	tropics	28	0.028225422	0.03021226	0.026111972	0.029526806	0.02684536	0.028887272	0.027464509	GARW	2036-04-01
2036-01-04	tropics	28	1.1132486	1.121812	1.1045524	1.118811	1.1074905	1.1160092	1.1102458	2036-01-04	tropics	28	1.1132486	1.121812	1.1045524	1.118811	1.1074905	1.1160092	1.1102458	2036-01-04	tropics	28	0.028159618	0.03015659	0.026067913	0.02946267	0.026789427	0.028817177	0.027420044	2036-01-04	tropics	28	0.028159618	0.03015659	0.026067913	0.02946267	0.026789427	0.028817177	0.027420044	GARW	2036-04-01
2036-01-05	tropics	28	1.1129494	1.1215173	1.1042678	1.1184819	1.1072022	1.1156397	1.1099005	2036-01-05	tropics	28	1.1129494	1.1215173	1.1042678	1.1184819	1.1072022	1.1156397	1.1099005	2036-01-05	tropics	28	0.02808547	0.030095696	0.026015913	0.029394198	0.026724434	0.028738141	0.0273695	2036-01-05	tropics	28	0.02808547	0.030095696	0.026015913	0.029394198	0.026724434	0.028738141	0.0273695	GARW	2036-04-01
2036-01-06	tropics	28	1.1126465	1.1211969	1.103973	1.1181856	1.1069412	1.1152647	1.1095855	2036-01-06	tropics	28	1.1126465	1.1211969	1.103973	1.1181856	1.1069412	1.1152647	1.1095855	2036-01-06	tropics	28	0.028007269	0.030028608	0.025952948	0.029314948	0.026647424	0.028653383	0.027294278	2036-01-06	tropics	28	0.028007269	0.030028608	0.025952948	0.029314948	0.026647424	0.028653383	0.027294278	GARW	2036-04-01
2036-01-07	tropics	28	1.1122282	1.1208624	1.1036693	1.1177161	1.1066743	1.1149325	1.1092403	2036-01-07	tropics	28	1.1122282	1.1208624	1.1036693	1.1177161	1.1066743	1.1149325	1.1092403	2036-01-07	tropics	28	0.027945995	0.029956045	0.025883699	0.029248334	0.026582146	0.028564453	0.02721417	2036-01-07	tropics	28	0.027945995	0.029956045	0.025883699	0.029248334	0.026582146	0.028564453	0.02721417	GARW	2036-04-01
2036-01-08	tropics	28	1.1119041	1.1205266	1.1034756	1.1173211	1.1064014	1.114614	1.108889	2036-01-08	tropics	28	1.1119041	1.1205266	1.1034756	1.1173211	1.1064014	1.114614	1.108889	2036-01-08	tropics	28	0.027848005	0.029876603	0.025812363	0.02914276	0.026523208	0.02848196	0.027136803	2036-01-08	tropics	28	0.027848005	0.029876603	0.025812363	0.02914276	0.026523208	0.02848196	0.027136803	GARW	2036-04-01
2036-01-09	tropics	28	1.1115816	1.1200895	1.1033604	1.1169113	1.1061233	1.1141946	1.1085441	2036-01-09	tropics	28	1.1115816	1.1200895	1.1033604	1.1169113	1.1061233	1.1141946	1.1085441	2036-01-09	tropics	28	0.027770042	0.029800273	0.025752962	0.02905035	0.026458502	0.02840507	0.027053118	2036-01-09	tropics	28	0.027770042	0.029800273	0.025752962	0.02905035	0.026458502	0.02840507	0.027053118	GARW	2036-04-01
2036-01-10	tropics	28	1.1111882	1.1195853	1.1031343	1.1165522	1.1058373	1.1137674	1.1082243	2036-01-10	tropics	28	1.1111882	1.1195853	1.1031343	1.1165522	1.1058373	1.1137674	1.1082243	2036-01-10	tropics	28	0.027688265	0.029710032	0.025723709	0.028955078	0.026392793	0.02831781	0.026970744	2036-01-10	tropics	28	0.027688265	0.029710032	0.025723709	0.028955078	0.026392793	0.02831781	0.026970744	GARW	2036-04-01
2036-01-11	tropics	28	1.1108389	1.1191323	1.1028893	1.1161379	1.1055092	1.1133716	1.1078815	2036-01-11	tropics	28	1.1108389	1.1191323	1.1028893	1.1161379	1.1055092	1.1133716	1.1078815	2036-01-11	tropics	28	0.027604103	0.029592765	0.025676941	0.028864956	0.026326085	0.028211951	0.026894927	2036-01-11	tropics	28	0.027604103	0.029592765	0.025676941	0.028864956	0.026326085	0.028211951	0.026894927	GARW	2036-04-01
2036-01-12	tropics	28	1.1105008	1.118655	1.102612	1.1156638	1.1051878	1.1129414	1.1076064	2036-01-12	tropics	28	1.1105008	1.118655	1.102612	1.1156638	1.1051878	1.1129414	1.1076064	2036-01-12	tropics	28	0.027517319	0.02948257	0.025622059	0.028769683	0.026249837	0.028116465	0.026819825	2036-01-12	tropics	28	0.027517319	0.02948257	0.025622059	0.028769683	0.026249837	0.028116465	0.026819825	GARW	2036-04-01
2036-01-13	tropics	28	1.1101645	1.1181713	1.1023661	1.1153151	1.1048847	1.1125045	1.107265	2036-01-13	tropics	28	1.1101645	1.1181713	1.1023661	1.1153151	1.1048847	1.1125045	1.107265	2036-01-13	tropics	28	0.027431965	0.02937335	0.025557434	0.028673077	0.026176691	0.028019667	0.026743889	2036-01-13	tropics	28	0.027431965	0.02937335	0.025557434	0.028673077	0.026176691	0.028019667	0.026743889	GARW	2036-04-01
2036-01-14	tropics	28	1.1097656	1.117734	1.1021425	1.1148437	1.1045362	1.1120934	1.1068879	2036-01-14	tropics	28	1.1097656	1.117734	1.1021425	1.1148437	1.1045362	1.1120934	1.1068879	2036-01-14	tropics	28	0.027357578	0.029256226	0.025494253	0.028582906	0.026098538	0.027921677	0.02667439	2036-01-14	tropics	28	0.027357578	0.029256226	0.025494253	0.028582906	0.026098538	0.027921677	0.02667439	GARW	2036-04-01
2036-01-15	tropics	28	1.1093097	1.1172657	1.1019162	1.1143962	1.1041211	1.1116647	1.106553	2036-01-15	tropics	28	1.1093097	1.1172657	1.1019162	1.1143962	1.1041211	1.1116647	1.106553	2036-01-15	tropics	28	0.027275324	0.029152764	0.025441313	0.028466702	0.026026344	0.02781403	0.026589751	2036-01-15	tropics	28	0.027275324	0.029152764	0.025441313	0.028466702	0.026026344	0.02781403	0.026589751	GARW	2036-04-01
2036-01-16	tropics	28	1.1088226	1.1167287	1.1016802	1.1138749	1.1037284	1.1112535	1.1061631	2036-01-16	tropics	28	1.1088226	1.1167287	1.1016802	1.1138749	1.1037284	1.1112535	1.1061631	2036-01-16	tropics	28	0.027157307	0.029044308	0.025387466	0.028368331	0.025927687	0.027718306	0.026496291	2036-01-16	tropics	28	0.027157307	0.029044308	0.025387466	0.028368331	0.025927687	0.027718306	0.026496291	GARW	2036-04-01
2036-01-17	tropics	28	1.108338	1.1161324	1.1013151	1.1132945	1.1032897	1.1108446	1.1057458	2036-01-17	tropics	28	1.108338	1.1161324	1.1013151	1.1132945	1.1032897	1.1108446	1.1057458	2036-01-17	tropics	28	0.027053118	0.028928518	0.025333118	0.02824912	0.025828648	0.027626276	0.026412606	2036-01-17	tropics	28	0.027053118	0.028928518	0.025333118	0.02824912	0.025828648	0.027626276	0.026412606	GARW	2036-04-01
2036-01-18	tropics	28	1.1079026	1.1157207	1.1009002	1.1127915	1.102899	1.1103605	1.1053134	2036-01-18	tropics	28	1.1079026	1.1157207	1.1009002	1.1127915	1.102899	1.1103605	1.1053134	2036-01-18	tropics	28	0.026940346	0.028787244	0.025257038	0.02811556	0.025731897	0.027525544	0.026314616	2036-01-18	tropics	28	0.026940346	0.028787244	0.025257038	0.02811556	0.025731897	0.027525544	0.026314616	GARW	2036-04-01
2036-01-19	tropics	28	1.1074357	1.115401	1.1005709	1.112288	1.1025082	1.1098768	1.1048454	2036-01-19	tropics	28	1.1074357	1.115401	1.1005709	1.112288	1.1025082	1.1098768	1.1048454	2036-01-19	tropics	28	0.026840687	0.028666222	0.025164114	0.027994633	0.025631476	0.0274117	0.026215434	2036-01-19	tropics	28	0.026840687	0.028666222	0.025164114	0.027994633	0.025631476	0.0274117	0.026215434	GARW	2036-04-01
2036-01-20	tropics	28	1.1070387	1.1150683	1.1002394	1.111716	1.1020966	1.1094434	1.1044011	2036-01-20	tropics	28	1.1070387	1.1150683	1.1002394	1.111716	1.1020966	1.1094434	1.1044011	2036-01-20	tropics	28	0.02671504	0.028591895	0.025075447	0.027875518	0.025534581	0.027305365	0.026111245	2036-01-20	tropics	28	0.02671504	0.028591895	0.025075447	0.027875518	0.025534581	0.027305365	0.026111245	GARW	2036-04-01
2036-01-21	tropics	28	1.1065181	1.1146446	1.0999058	1.11115	1.1017247	1.1088822	1.1040181	2036-01-21	tropics	28	1.1065181	1.1146446	1.0999058	1.11115	1.1017247	1.1088822	1.1040181	2036-01-21	tropics	28	0.026625395	0.02851416	0.02499709	0.027744055	0.025447369	0.0271976	0.0259943	2036-01-21	tropics	28	0.026625395	0.02851416	0.02499709	0.027744055	0.025447369	0.0271976	0.0259943	GARW	2036-04-01
2036-01-22	tropics	28	1.1059334	1.1141294	1.099514	1.1106212	1.1012576	1.1083394	1.1035374	2036-01-22	tropics	28	1.1059334	1.1141294	1.099514	1.1106212	1.1012576	1.1083394	1.1035374	2036-01-22	tropics	28	0.026507854	0.028427446	0.024916876	0.027606582	0.025352001	0.027071714	0.025900602	2036-01-22	tropics	28	0.026507854	0.028427446	0.024916876	0.027606582	0.025352001	0.027071714	0.025900602	GARW	2036-04-01
2036-01-23	tropics	28	1.105458	1.1134661	1.0991554	1.1100609	1.1008863	1.1078175	1.103041	2036-01-23	tropics	28	1.105458	1.1134661	1.0991554	1.1100609	1.1008863	1.1078175	1.103041	2036-01-23	tropics	28	0.02637291	0.028311731	0.024829268	0.02748251	0.025262546	0.026946783	0.025796771	2036-01-23	tropics	28	0.02637291	0.028311731	0.024829268	0.02748251	0.025262546	0.026946783	0.025796771	GARW	2036-04-01
2036-01-24	tropics	28	1.1049423	1.1129625	1.0987531	1.1095705	1.1004143	1.1073211	1.1025927	2036-01-24	tropics	28	1.1049423	1.1129625	1.0987531	1.1095705	1.1004143	1.1073211	1.1025927	2036-01-24	tropics	28	0.026246786	0.028170288	0.024740065	0.02734971	0.025151968	0.02681303	0.02567637	2036-01-24	tropics	28	0.026246786	0.028170288	0.024740065	0.02734971	0.025151968	0.02681303	0.02567637	GARW	2036-04-01
2036-01-25	tropics	28	1.1044064	1.1124208	1.0983082	1.1090556	1.0999126	1.1068146	1.1020877	2036-01-25	tropics	28	1.1044064	1.1124208	1.0983082	1.1090556	1.0999126	1.1068146	1.1020877	2036-01-25	tropics	28	0.026135683	0.028027726	0.02464149	0.027233267	0.02505293	0.02669251	0.025570273	2036-01-25	tropics	28	0.026135683	0.028027726	0.02464149	0.027233267	0.02505293	0.02669251	0.025570273	GARW	2036-04-01
2036-01-26	tropics	28	1.1039338	1.1117707	1.0978062	1.10859	1.09942	1.1063578	1.1016608	2036-01-26	tropics	28	1.1039338	1.1117707	1.0978062	1.10859	1.09942	1.1063578	1.1016608	2036-01-26	tropics	28	0.0260036	0.02791566	0.024551498	0.027091837	0.024938012	0.026575446	0.025452018	2036-01-26	tropics	28	0.0260036	0.02791566	0.024551498	0.027091837	0.024938012	0.026575446	0.025452018	GARW	2036-04-01
2036-01-27	tropics	28	1.1034245	1.1111124	1.0974195	1.1080052	1.098998	1.1059269	1.1012197	2036-01-27	tropics	28	1.1034245	1.1111124	1.0974195	1.1080052	1.098998	1.1059269	1.1012197	2036-01-27	tropics	28	0.025889874	0.027762454	0.02443415	0.026988411	0.024815654	0.026461363	0.025343657	2036-01-27	tropics	28	0.025889874	0.027762454	0.02443415	0.026988411	0.024815654	0.026461363	0.025343657	GARW	2036-04-01
2036-01-28	tropics	28	1.1029149	1.1106875	1.0969427	1.1074349	1.0986099	1.1054475	1.1006385	2036-01-28	tropics	28	1.1029149	1.1106875	1.0969427	1.1074349	1.0986099	1.1054475	1.1006385	2036-01-28	tropics	28	0.02577281	0.027607568	0.024328435	0.026866008	0.024709892	0.02635777	0.025241852	2036-01-28	tropics	28	0.02577281	0.027607568	0.024328435	0.026866008	0.024709892	0.02635777	0.025241852	GARW	2036-04-01
2036-01-29	tropics	28	1.1023922	1.1103028	1.0963987	1.1070175	1.0980048	1.1049426	1.100093	2036-01-29	tropics	28	1.1023922	1.1103028	1.0963987	1.1070175	1.0980048	1.1049426	1.100093	2036-01-29	tropics	28	0.02565384	0.027483184	0.024223793	0.026732063	0.024623727	0.026249886	0.025110602	2036-01-29	tropics	28	0.02565384	0.027483184	0.024223793	0.026732063	0.024623727	0.026249886	0.025110602	GARW	2036-04-01
2036-01-30	tropics	28	1.1018274	1.1099082	1.0958153	1.1064314	1.0976262	1.1044121	1.0995038	2036-01-30	tropics	28	1.1018274	1.1099082	1.0958153	1.1064314	1.0976262	1.1044121	1.0995038	2036-01-30	tropics	28	0.025520802	0.02739313	0.024097968	0.026611948	0.024492025	0.02612865	0.024982572	2036-01-30	tropics	28	0.025520802	0.02739313	0.024097968	0.026611948	0.024492025	0.02612865	0.024982572	GARW	2036-04-01
2036-01-31	tropics	28	1.1013112	1.1095138	1.0952413	1.1058664	1.0970966	1.1038423	1.0989082	2036-01-31	tropics	28	1.1013112	1.1095138	1.0952413	1.1058664	1.0970966	1.1038423	1.0989082	2036-01-31	tropics	28	0.025398493	0.027300466	0.02396289	0.026480244	0.024369622	0.02600813	0.02484572	2036-01-31	tropics	28	0.025398493	0.027300466	0.02396289	0.026480244	0.024369622	0.02600813	0.02484572	GARW	2036-04-01
2036-02-01	tropics	28	1.1008105	1.1090204	1.0946261	1.1053104	1.0966183	1.1033235	1.0982994	2036-02-01	tropics	28	1.1008105	1.1090204	1.0946261	1.1053104	1.0966183	1.1033235	1.0982994	2036-02-01	tropics	28	0.025259018	0.027206898	0.023817765	0.026355362	0.024272729	0.02587235	0.024711728	2036-02-01	tropics	28	0.025259018	0.027206898	0.023817765	0.026355362	0.024272729	0.02587235	0.024711728	GARW	2036-04-01
2036-02-02	tropics	28	1.1002784	1.1083106	1.0940411	1.104908	1.0960003	1.1027902	1.0977635	2036-02-02	tropics	28	1.1002784	1.1083106	1.0940411	1.104908	1.0960003	1.1027902	1.0977635	2036-02-02	tropics	28	0.025149107	0.0271135	0.023679197	0.026224898	0.024142599	0.025755048	0.024546146	2036-02-02	tropics	28	0.025149107	0.0271135	0.023679197	0.026224898	0.024142599	0.025755048	0.024546146	GARW	2036-04-01
2036-02-03	tropics	28	1.0997703	1.1076837	1.0934883	1.1044406	1.0955321	1.1021953	1.09723	2036-02-03	tropics	28	1.0997703	1.1076837	1.0934883	1.1044406	1.0955321	1.1021953	1.09723	2036-02-03	tropics	28	0.02502203	0.026949098	0.023530532	0.026095532	0.024014998	0.025619984	0.024426818	2036-02-03	tropics	28	0.02502203	0.026949098	0.023530532	0.026095532	0.024014998	0.025619984	0.024426818	GARW	2036-04-01
2036-02-04	tropics	28	1.0991628	1.1072123	1.0929656	1.1037899	1.0950089	1.1015787	1.0967168	2036-02-04	tropics	28	1.0991628	1.1072123	1.0929656	1.1037899	1.0950089	1.1015787	1.0967168	2036-02-04	tropics	28	0.024906635	0.026785623	0.023399413	0.02601695	0.023881674	0.025484681	0.024286628	2036-02-04	tropics	28	0.024906635	0.026785623	0.023399413	0.02601695	0.023881674	0.025484681	0.024286628	GARW	2036-04-01
2036-02-05	tropics	28	1.0986255	1.1068165	1.0924739	1.1033037	1.0944079	1.101053	1.0961357	2036-02-05	tropics	28	1.0986255	1.1068165	1.0924739	1.1033037	1.0944079	1.101053	1.0961357	2036-02-05	tropics	28	0.024759293	0.026669076	0.023268713	0.02586999	0.023763418	0.025337696	0.024176002	2036-02-05	tropics	28	0.024759293	0.026669076	0.023268713	0.02586999	0.023763418	0.025337696	0.024176002	GARW	2036-04-01
2036-02-06	tropics	28	1.0980358	1.1064115	1.0918384	1.1027704	1.0938994	1.1004962	1.095602	2036-02-06	tropics	28	1.0980358	1.1064115	1.0918384	1.1027704	1.0938994	1.1004962	1.095602	2036-02-06	tropics	28	0.0246284	0.026567666	0.023153652	0.02574725	0.023626756	0.025206089	0.024044394	2036-02-06	tropics	28	0.0246284	0.026567666	0.023153652	0.02574725	0.023626756	0.025206089	0.024044394	GARW	2036-04-01
2036-02-07	tropics	28	1.0974824	1.10581	1.0911988	1.1022708	1.0932517	1.0999877	1.0951371	2036-02-07	tropics	28	1.0974824	1.10581	1.0911988	1.1022708	1.0932517	1.0999877	1.0951371	2036-02-07	tropics	28	0.024498224	0.026474372	0.023012768	0.025619125	0.023494005	0.025072098	0.023901701	2036-02-07	tropics	28	0.024498224	0.026474372	0.023012768	0.025619125	0.023494005	0.025072098	0.023901701	GARW	2036-04-01
2036-02-08	tropics	28	1.0969512	1.1051332	1.0905596	1.1018069	1.0926362	1.0994458	1.0946019	2036-02-08	tropics	28	1.0969512	1.1051332	1.0905596	1.1018069	1.0926362	1.0994458	1.0946019	2036-02-08	tropics	28	0.024357796	0.026352407	0.022855567	0.025502823	0.023347903	0.024946928	0.023784399	2036-02-08	tropics	28	0.024357796	0.026352407	0.022855567	0.025502823	0.023347903	0.024946928	0.023784399	GARW	2036-04-01
2036-02-09	tropics	28	1.0964129	1.1045027	1.089909	1.1013421	1.091976	1.0989236	1.0940578	2036-02-09	tropics	28	1.0964129	1.1045027	1.089909	1.1013421	1.091976	1.0989236	1.0940578	2036-02-09	tropics	28	0.024224281	0.026194526	0.0227062	0.02538004	0.023201276	0.02482009	0.023667216	2036-02-09	tropics	28	0.024224281	0.026194526	0.0227062	0.02538004	0.023201276	0.02482009	0.023667216	GARW	2036-04-01
2036-02-10	tropics	28	1.0958905	1.1038032	1.0893168	1.1008615	1.0913329	1.0984151	1.0935656	2036-02-10	tropics	28	1.0958905	1.1038032	1.0893168	1.1008615	1.0913329	1.0984151	1.0935656	2036-02-10	tropics	28	0.024104118	0.026029624	0.02254598	0.025271034	0.023046304	0.024697423	0.023530245	2036-02-10	tropics	28	0.024104118	0.026029624	0.02254598	0.025271034	0.023046304	0.024697423	0.023530245	GARW	2036-04-01
2036-02-11	tropics	28	1.0953286	1.1032232	1.0888046	1.1003535	1.0906974	1.0978532	1.0930955	2036-02-11	tropics	28	1.0953286	1.1032232	1.0888046	1.1003535	1.0906974	1.0978532	1.0930955	2036-02-11	tropics	28	0.023985147	0.025871444	0.02239729	0.02516141	0.022891903	0.024576306	0.023415923	2036-02-11	tropics	28	0.023985147	0.025871444	0.02239729	0.02516141	0.022891903	0.024576306	0.023415923	GARW	2036-04-01
2036-02-12	tropics	28	1.0947194	1.1024582	1.0882196	1.0999094	1.0900322	1.0972284	1.0925319	2036-02-12	tropics	28	1.0947194	1.1024582	1.0882196	1.0999094	1.0900322	1.0972284	1.0925319	2036-02-12	tropics	28	0.023840427	0.025731767	0.022269929	0.025042629	0.022739744	0.024445295	0.023296237	2036-02-12	tropics	28	0.023840427	0.025731767	0.022269929	0.025042629	0.022739744	0.024445295	0.023296237	GARW	2036-04-01
2036-02-13	tropics	28	1.0941185	1.1019138	1.0877548	1.0994457	1.0894903	1.0966352	1.0919902	2036-02-13	tropics	28	1.0941185	1.1019138	1.0877548	1.0994457	1.0894903	1.0966352	1.0919902	2036-02-13	tropics	28	0.02370286	0.025563193	0.022141576	0.024928426	0.022582483	0.024295807	0.02317071	2036-02-13	tropics	28	0.02370286	0.025563193	0.022141576	0.024928426	0.022582483	0.024295807	0.02317071	GARW	2036-04-01
2036-02-14	tropics	28	1.093609	1.1014872	1.0872594	1.0989767	1.0889161	1.0960606	1.0914907	2036-02-14	tropics	28	1.093609	1.1014872	1.0872594	1.0989767	1.0889161	1.0960606	1.0914907	2036-02-14	tropics	28	0.02355218	0.025412036	0.022010922	0.024820901	0.022436952	0.02415979	0.02303958	2036-02-14	tropics	28	0.02355218	0.025412036	0.022010922	0.024820901	0.022436952	0.02415979	0.02303958	GARW	2036-04-01
2036-02-15	tropics	28	1.0930685	1.100869	1.0865194	1.0984933	1.0883199	1.0955584	1.0910474	2036-02-15	tropics	28	1.0930685	1.100869	1.0865194	1.0984933	1.0883199	1.0955584	1.0910474	2036-02-15	tropics	28	0.023427963	0.025299335	0.021902597	0.024702167	0.022307396	0.024013996	0.022918344	2036-02-15	tropics	28	0.023427963	0.025299335	0.021902597	0.024702167	0.022307396	0.024013996	0.022918344	GARW	2036-04-01
2036-02-16	tropics	28	1.0925701	1.1003786	1.0857513	1.097999	1.0876794	1.0951302	1.0904962	2036-02-16	tropics	28	1.0925701	1.1003786	1.0857513	1.097999	1.0876794	1.0951302	1.0904962	2036-02-16	tropics	28	0.023296833	0.02517177	0.021742523	0.024592258	0.022161294	0.023888469	0.02280128	2036-02-16	tropics	28	0.023296833	0.02517177	0.021742523	0.024592258	0.022161294	0.023888469	0.02280128	GARW	2036-04-01
2036-02-17	tropics	28	1.0921016	1.1000094	1.0851171	1.0975194	1.0871898	1.0946121	1.0899811	2036-02-17	tropics	28	1.0921016	1.1000094	1.0851171	1.0975194	1.0871898	1.0946121	1.0899811	2036-02-17	tropics	28	0.023174524	0.025036063	0.02155627	0.02447772	0.022025967	0.023782253	0.022683024	2036-02-17	tropics	28	0.023174524	0.025036063	0.02155627	0.02447772	0.022025967	0.023782253	0.022683024	GARW	2036-04-01
2036-02-18	tropics	28	1.0916086	1.0997162	1.0844765	1.096904	1.0866793	1.0940979	1.0894091	2036-02-18	tropics	28	1.0916086	1.0997162	1.0844765	1.096904	1.0866793	1.0940979	1.0894091	2036-02-18	tropics	28	0.023059368	0.024941813	0.021390568	0.024360036	0.021879768	0.023662567	0.022554755	2036-02-18	tropics	28	0.023059368	0.024941813	0.021390568	0.024360036	0.021879768	0.023662567	0.022554755	GARW	2036-04-01
2036-02-19	tropics	28	1.091115	1.0991971	1.083988	1.0964631	1.0861382	1.0936326	1.0889026	2036-02-19	tropics	28	1.091115	1.0991971	1.083988	1.0964631	1.0861382	1.0936326	1.0889026	2036-02-19	tropics	28	0.022938728	0.024869012	0.021232963	0.024236392	0.02175045	0.023540497	0.02242744	2036-02-19	tropics	28	0.022938728	0.024869012	0.021232963	0.024236392	0.02175045	0.023540497	0.02242744	GARW	2036-04-01
2036-02-20	tropics	28	1.0906115	1.0985967	1.0834395	1.0959275	1.0855857	1.0930927	1.0883296	2036-02-20	tropics	28	1.0906115	1.0985967	1.0834395	1.0959275	1.0855857	1.0930927	1.0883296	2036-02-20	tropics	28	0.022822857	0.024778306	0.021098185	0.02408905	0.021622468	0.023436666	0.022295356	2036-02-20	tropics	28	0.022822857	0.024778306	0.021098185	0.02408905	0.021622468	0.023436666	0.022295356	GARW	2036-04-01
2036-02-21	tropics	28	1.0901027	1.0981388	1.0828712	1.0954182	1.0851946	1.0926771	1.0878103	2036-02-21	tropics	28	1.0901027	1.0981388	1.0828712	1.0954182	1.0851946	1.0926771	1.0878103	2036-02-21	tropics	28	0.022700787	0.024617674	0.020972013	0.023986435	0.021495676	0.023302913	0.02216506	2036-02-21	tropics	28	0.022700787	0.024617674	0.020972013	0.023986435	0.021495676	0.023302913	0.02216506	GARW	2036-04-01
2036-02-22	tropics	28	1.0896814	1.0976914	1.0824432	1.0948074	1.0848473	1.0922457	1.0872637	2036-02-22	tropics	28	1.0896814	1.0976914	1.0824432	1.0948074	1.0848473	1.0922457	1.0872637	2036-02-22	tropics	28	0.022572994	0.024505103	0.020834649	0.023855304	0.02138424	0.023186922	0.022032022	2036-02-22	tropics	28	0.022572994	0.024505103	0.020834649	0.023855304	0.02138424	0.023186922	0.022032022	GARW	2036-04-01
2036-02-23	tropics	28	1.089165	1.0972055	1.081892	1.0942544	1.0843867	1.0917025	1.0866692	2036-02-23	tropics	28	1.089165	1.0972055	1.081892	1.0942544	1.0843867	1.0917025	1.0866692	2036-02-23	tropics	28	0.022471666	0.024398899	0.020729173	0.02372861	0.02130041	0.023104548	0.021911383	2036-02-23	tropics	28	0.022471666	0.024398899	0.020729173	0.02372861	0.02130041	0.023104548	0.021911383	GARW	2036-04-01
2036-02-24	tropics	28	1.0886573	1.0967875	1.0812765	1.0936786	1.0840311	1.0911843	1.0861549	2036-02-24	tropics	28	1.0886573	1.0967875	1.0812765	1.0936786	1.0840311	1.0911843	1.0861549	2036-02-24	tropics	28	0.022354364	0.024285652	0.020603944	0.023588132	0.021189833	0.022966504	0.021765113	2036-02-24	tropics	28	0.022354364	0.024285652	0.020603944	0.023588132	0.021189833	0.022966504	0.021765113	GARW	2036-04-01
2036-02-25	tropics	28	1.0882205	1.0962994	1.0807261	1.0931448	1.0833787	1.0908669	1.08558	2036-02-25	tropics	28	1.0882205	1.0962994	1.0807261	1.0931448	1.0833787	1.0908669	1.08558	2036-02-25	tropics	28	0.022231817	0.0241722	0.020464147	0.02345152	0.021110917	0.022837639	0.02162397	2036-02-25	tropics	28	0.022231817	0.0241722	0.020464147	0.02345152	0.021110917	0.022837639	0.02162397	GARW	2036-04-01
2036-02-26	tropics	28	1.0876975	1.0959654	1.0801178	1.0926776	1.0828251	1.0904847	1.0850947	2036-02-26	tropics	28	1.0876975	1.0959654	1.0801178	1.0926776	1.0828251	1.0904847	1.0850947	2036-02-26	tropics	28	0.022121906	0.02405864	0.020320654	0.023309087	0.020977354	0.022745848	0.02150929	2036-02-26	tropics	28	0.022121906	0.02405864	0.020320654	0.023309087	0.020977354	0.022745848	0.02150929	GARW	2036-04-01
2036-02-27	tropics	28	1.087293	1.0954659	1.0796142	1.0922048	1.0824703	1.0900865	1.0845283	2036-02-27	tropics	28	1.087293	1.0954659	1.0796142	1.0922048	1.0824703	1.0900865	1.0845283	2036-02-27	tropics	28	0.021995068	0.023981059	0.020179426	0.023210669	0.020814944	0.022652388	0.021365523	2036-02-27	tropics	28	0.021995068	0.023981059	0.020179426	0.023210669	0.020814944	0.022652388	0.021365523	GARW	2036-04-01
2036-02-28	tropics	28	1.0867884	1.0948839	1.0791515	1.0917873	1.0819068	1.089597	1.0840385	2036-02-28	tropics	28	1.0867884	1.0948839	1.0791515	1.0917873	1.0819068	1.089597	1.0840385	2036-02-28	tropics	28	0.021896124	0.023877228	0.020044673	0.023070335	0.020724107	0.022570848	0.021237373	2036-02-28	tropics	28	0.021896124	0.023877228	0.020044673	0.023070335	0.020724107	0.022570848	0.021237373	GARW	2036-04-01
2036-02-29	tropics	28	1.0864561	1.0944554	1.0785573	1.0914153	1.0812286	1.0891653	1.0835394	2036-02-29	tropics	28	1.0864561	1.0944554	1.0785573	1.0914153	1.0812286	1.0891653	1.0835394	2036-02-29	tropics	28	0.021777391	0.02373805	0.019931424	0.022981454	0.020616483	0.022456765	0.021108866	2036-02-29	tropics	28	0.021777391	0.02373805	0.019931424	0.022981454	0.020616483	0.022456765	0.021108866	GARW	2036-04-01
2036-03-01	tropics	28	1.0860555	1.0942087	1.0779277	1.091094	1.080597	1.0887365	1.0829432	2036-03-01	tropics	28	1.0860555	1.0942087	1.0779277	1.091094	1.080597	1.0887365	1.0829432	2036-03-01	tropics	28	0.021684885	0.02360804	0.019802904	0.022894096	0.020457601	0.022340894	0.020997047	2036-03-01	tropics	28	0.021684885	0.02360804	0.019802904	0.022894096	0.020457601	0.022340894	0.020997047	GARW	2036-04-01
2036-03-02	tropics	28	1.0855827	1.0939047	1.0772802	1.090807	1.0801408	1.0883021	1.0824922	2036-03-02	tropics	28	1.0855827	1.0939047	1.0772802	1.090807	1.0801408	1.0883021	1.0824922	2036-03-02	tropics	28	0.021600723	0.02355398	0.019650828	0.022803068	0.020291854	0.022251606	0.02085793	2036-03-02	tropics	28	0.021600723	0.02355398	0.019650828	0.022803068	0.020291854	0.022251606	0.02085793	GARW	2036-04-01
2036-03-03	tropics	28	1.0852253	1.093484	1.0766333	1.0904448	1.0794737	1.0878966	1.0820274	2036-03-03	tropics	28	1.0852253	1.093484	1.0766333	1.0904448	1.0794737	1.0878966	1.0820274	2036-03-03	tropics	28	0.021484375	0.023477484	0.019495284	0.022731923	0.020176172	0.022141576	0.020737886	2036-03-03	tropics	28	0.021484375	0.023477484	0.019495284	0.022731923	0.020176172	0.022141576	0.020737886	GARW	2036-04-01
2036-03-04	tropics	28	1.0848088	1.09315	1.0759418	1.0901928	1.0789164	1.0874108	1.0816188	2036-03-04	tropics	28	1.0848088	1.09315	1.0759418	1.0901928	1.0789164	1.0874108	1.0816188	2036-03-04	tropics	28	0.021394968	0.023392834	0.019338548	0.022661017	0.020034408	0.022032738	0.020631194	2036-03-04	tropics	28	0.021394968	0.023392834	0.019338548	0.022661017	0.020034408	0.022032738	0.020631194	GARW	2036-04-01
2036-03-05	tropics	28	1.084333	1.0927868	1.075163	1.089958	1.0783893	1.0871478	1.0811609	2036-03-05	tropics	28	1.084333	1.0927868	1.075163	1.089958	1.0783893	1.0871478	1.0811609	2036-03-05	tropics	28	0.021304607	0.023297643	0.019170308	0.022590779	0.01987114	0.021926045	0.02054274	2036-03-05	tropics	28	0.021304607	0.023297643	0.019170308	0.022590779	0.01987114	0.021926045	0.02054274	GARW	2036-04-01
2036-03-06	tropics	28	1.0839981	1.0924726	1.0747317	1.0897216	1.0778763	1.0868913	1.080647	2036-03-06	tropics	28	1.0839981	1.0924726	1.0747317	1.0897216	1.0778763	1.0868913	1.080647	2036-03-06	tropics	28	0.021179438	0.023215009	0.018983947	0.022529792	0.019755553	0.021849632	0.020418406	2036-03-06	tropics	28	0.021179438	0.023215009	0.018983947	0.022529792	0.019755553	0.021849632	0.020418406	GARW	2036-04-01
2036-03-07	tropics	28	1.0835648	1.0922692	1.0743233	1.0894836	1.0772231	1.0866175	1.0803263	2036-03-07	tropics	28	1.0835648	1.0922692	1.0743233	1.0894836	1.0772231	1.0866175	1.0803263	2036-03-07	tropics	28	0.021093607	0.023119748	0.018843412	0.022472477	0.019626856	0.021781206	0.020295978	2036-03-07	tropics	28	0.021093607	0.023119748	0.018843412	0.022472477	0.019626856	0.021781206	0.020295978	GARW	2036-04-01
2036-03-08	tropics	28	1.0831631	1.0920887	1.0737118	1.0892122	1.0766677	1.086336	1.0798578	2036-03-08	tropics	28	1.0831631	1.0920887	1.0737118	1.0892122	1.0766677	1.086336	1.0798578	2036-03-08	tropics	28	0.020996332	0.023077859	0.018752396	0.022408627	0.0194777	0.021719337	0.020208478	2036-03-08	tropics	28	0.020996332	0.023077859	0.018752396	0.022408627	0.0194777	0.021719337	0.020208478	GARW	2036-04-01
2036-03-09	tropics	28	1.0827162	1.0918199	1.0731231	1.0889244	1.076041	1.0861872	1.079411	2036-03-09	tropics	28	1.0827162	1.0918199	1.0731231	1.0889244	1.076041	1.0861872	1.079411	2036-03-09	tropics	28	0.020899534	0.023035599	0.018634988	0.022352647	0.019333268	0.021654129	0.020098567	2036-03-09	tropics	28	0.020899534	0.023035599	0.018634988	0.022352647	0.019333268	0.021654129	0.020098567	GARW	2036-04-01
2036-03-10	tropics	28	1.0823102	1.0915505	1.0724971	1.088667	1.075443	1.086006	1.0789093	2036-03-10	tropics	28	1.0823102	1.0915505	1.0724971	1.088667	1.075443	1.086006	1.0789093	2036-03-10	tropics	28	0.020792961	0.022975458	0.018477846	0.022273159	0.019189835	0.0216012	0.019999266	2036-03-10	tropics	28	0.020792961	0.022975458	0.018477846	0.022273159	0.019189835	0.0216012	0.019999266	GARW	2036-04-01
2036-03-11	tropics	28	1.0819442	1.0915515	1.0717562	1.0884118	1.0746821	1.0856844	1.0784073	2036-03-11	tropics	28	1.0819442	1.0915515	1.0717562	1.0884118	1.0746821	1.0856844	1.0784073	2036-03-11	tropics	28	0.020695686	0.022910716	0.018332899	0.022222186	0.019048119	0.021563053	0.01986897	2036-03-11	tropics	28	0.020695686	0.022910716	0.018332899	0.022222186	0.019048119	0.021563053	0.01986897	GARW	2036-04-01
2036-03-12	tropics	28	1.0816084	1.091662	1.0710515	1.0882078	1.0739919	1.0854301	1.0779045	2036-03-12	tropics	28	1.0816084	1.091662	1.0710515	1.0882078	1.0739919	1.0854301	1.0779045	2036-03-12	tropics	28	0.020598888	0.022879256	0.0181525	0.022154044	0.018868446	0.021503568	0.019744754	2036-03-12	tropics	28	0.020598888	0.022879256	0.0181525	0.022154044	0.018868446	0.021503568	0.019744754	GARW	2036-04-01
2036-03-13	tropics	28	1.081229	1.0916188	1.0703574	1.0880015	1.0736122	1.0850382	1.0773594	2036-03-13	tropics	28	1.081229	1.0916188	1.0703574	1.0880015	1.0736122	1.0850382	1.0773594	2036-03-13	tropics	28	0.020517588	0.022903508	0.017979383	0.02210431	0.0186862	0.021458268	0.01963818	2036-03-13	tropics	28	0.020517588	0.022903508	0.017979383	0.02210431	0.0186862	0.021458268	0.01963818	GARW	2036-04-01
2036-03-14	tropics	28	1.0808762	1.0915853	1.0696712	1.0878695	1.0731329	1.0849409	1.0769606	2036-03-14	tropics	28	1.0808762	1.0915853	1.0696712	1.0878695	1.0731329	1.0849409	1.0769606	2036-03-14	tropics	28	0.020426989	0.022906177	0.017808568	0.022048378	0.018573666	0.021350145	0.01950109	2036-03-14	tropics	28	0.020426989	0.022906177	0.017808568	0.022048378	0.018573666	0.021350145	0.01950109	GARW	2036-04-01
2036-03-15	tropics	28	1.0805694	1.0916085	1.0689759	1.0877727	1.0725813	1.0846637	1.0765064	2036-03-15	tropics	28	1.0805694	1.0916085	1.0689759	1.0877727	1.0725813	1.0846637	1.0765064	2036-03-15	tropics	28	0.020340204	0.022897184	0.017633451	0.022001695	0.018479442	0.021303296	0.01940918	2036-03-15	tropics	28	0.020340204	0.022897184	0.017633451	0.022001695	0.018479442	0.021303296	0.01940918	GARW	2036-04-01
2036-03-16	tropics	28	1.0802519	1.0915729	1.0681907	1.0877284	1.071992	1.0844475	1.0761123	2036-03-16	tropics	28	1.0802519	1.0915729	1.0681907	1.0877284	1.071992	1.0844475	1.0761123	2036-03-16	tropics	28	0.020258188	0.02289312	0.017472958	0.021999406	0.018341398	0.021236539	0.019285083	2036-03-16	tropics	28	0.020258188	0.02289312	0.017472958	0.021999406	0.018341398	0.021236539	0.019285083	GARW	2036-04-01
2036-03-17	tropics	28	1.0800061	1.0913609	1.0674164	1.0875636	1.0714597	1.0844026	1.0756137	2036-03-17	tropics	28	1.0800061	1.0913609	1.0674164	1.0875636	1.0714597	1.0844026	1.0756137	2036-03-17	tropics	28	0.020189047	0.022899438	0.017294694	0.021979809	0.018185044	0.021205664	0.019187093	2036-03-17	tropics	28	0.020189047	0.022899438	0.017294694	0.021979809	0.018185044	0.021205664	0.019187093	GARW	2036-04-01
2036-03-18	tropics	28	1.0796957	1.0915703	1.066655	1.0874436	1.0710878	1.0843496	1.0752538	2036-03-18	tropics	28	1.0796957	1.0915703	1.066655	1.0874436	1.0710878	1.0843496	1.0752538	2036-03-18	tropics	28	0.020118237	0.0228315	0.017083704	0.02192149	0.018033648	0.02116549	0.019067764	2036-03-18	tropics	28	0.020118237	0.0228315	0.017083704	0.02192149	0.018033648	0.02116549	0.019067764	GARW	2036-04-01
2036-03-19	tropics	28	1.0793313	1.0917959	1.0659868	1.0874467	1.0705674	1.0841458	1.074814	2036-03-19	tropics	28	1.0793313	1.0917959	1.0659868	1.0874467	1.0705674	1.0841458	1.074814	2036-03-19	tropics	28	0.020048618	0.022870958	0.016924249	0.021907043	0.017966365	0.021152616	0.018980145	2036-03-19	tropics	28	0.020048618	0.022870958	0.016924249	0.021907043	0.017966365	0.021152616	0.018980145	GARW	2036-04-01
2036-03-20	tropics	28	1.0790493	1.0918238	1.0654461	1.0872623	1.0701053	1.084095	1.0744884	2036-03-20	tropics	28	1.0790493	1.0918238	1.0654461	1.0872623	1.0701053	1.084095	1.0744884	2036-03-20	tropics	28	0.019957304	0.022924686	0.016716825	0.02188549	0.017832518	0.021130681	0.018880725	2036-03-20	tropics	28	0.019957304	0.022924686	0.016716825	0.02188549	0.017832518	0.021130681	0.018880725	GARW	2036-04-01
2036-03-21	tropics	28	1.0788336	1.0917002	1.0651151	1.0870264	1.069588	1.0840675	1.0739158	2036-03-21	tropics	28	1.0788336	1.0917002	1.0651151	1.0870264	1.069588	1.0840675	1.0739158	2036-03-21	tropics	28	0.019891262	0.022948408	0.016621161	0.021869898	0.01770711	0.021098495	0.018782377	2036-03-21	tropics	28	0.019891262	0.022948408	0.016621161	0.021869898	0.01770711	0.021098495	0.018782377	GARW	2036-04-01
2036-03-22	tropics	28	1.0786095	1.0915859	1.0645599	1.0870103	1.0692835	1.0839024	1.0736823	2036-03-22	tropics	28	1.0786095	1.0915859	1.0645599	1.0870103	1.0692835	1.0839024	1.0736823	2036-03-22	tropics	28	0.01982975	0.022935404	0.016471159	0.021818256	0.017617846	0.02108705	0.018669367	2036-03-22	tropics	28	0.01982975	0.022935404	0.016471159	0.021818256	0.017617846	0.02108705	0.018669367	GARW	2036-04-01
2036-03-23	tropics	28	1.0783567	1.0916584	1.0639659	1.0870434	1.0686378	1.0838498	1.0732296	2036-03-23	tropics	28	1.0783567	1.0916584	1.0639659	1.0870434	1.0686378	1.0838498	1.0732296	2036-03-23	tropics	28	0.019774914	0.022903537	0.01637889	0.021782206	0.01751628	0.021045804	0.018583775	2036-03-23	tropics	28	0.019774914	0.022903537	0.01637889	0.021782206	0.01751628	0.021045804	0.018583775	GARW	2036-04-01
2036-03-24	tropics	28	1.0780334	1.0916018	1.063269	1.0870832	1.0682281	1.083674	1.072743	2036-03-24	tropics	28	1.0780334	1.0916018	1.063269	1.0870832	1.0682281	1.083674	1.072743	2036-03-24	tropics	28	0.019725323	0.022919394	0.016231203	0.021772956	0.017401075	0.021035433	0.018500924	2036-03-24	tropics	28	0.019725323	0.022919394	0.016231203	0.021772956	0.017401075	0.021035433	0.018500924	GARW	2036-04-01
2036-03-25	tropics	28	1.0776983	1.0919582	1.0625154	1.0872762	1.0676936	1.0835404	1.0724531	2036-03-25	tropics	28	1.0776983	1.0919582	1.0625154	1.0872762	1.0676936	1.0835404	1.0724531	2036-03-25	tropics	28	0.019647121	0.022899559	0.016088117	0.021818351	0.01725335	0.020994663	0.018371701	2036-03-25	tropics	28	0.019647121	0.022899559	0.016088117	0.021818351	0.01725335	0.020994663	0.018371701	GARW	2036-04-01
2036-03-26	tropics	28	1.0774969	1.0921967	1.0620222	1.0873274	1.066876	1.0834396	1.0720487	2036-03-26	tropics	28	1.0774969	1.0921967	1.0620222	1.0873274	1.066876	1.0834396	1.0720487	2036-03-26	tropics	28	0.019582272	0.022942662	0.015869725	0.021837234	0.017116498	0.020972967	0.018295765	2036-03-26	tropics	28	0.019582272	0.022942662	0.015869725	0.021837234	0.017116498	0.020972967	0.018295765	GARW	2036-04-01
2036-03-27	tropics	28	1.0773163	1.0923666	1.0613459	1.0876639	1.066602	1.0833864	1.071722	2036-03-27	tropics	28	1.0773163	1.0923666	1.0613459	1.0876639	1.066602	1.0833864	1.071722	2036-03-27	tropics	28	0.019518375	0.023028722	0.015741933	0.021854637	0.016970444	0.020927548	0.018199563	2036-03-27	tropics	28	0.019518375	0.023028722	0.015741933	0.021854637	0.016970444	0.020927548	0.018199563	GARW	2036-04-01
2036-03-28	tropics	28	1.0772924	1.0925722	1.0604522	1.0877348	1.0663855	1.0831972	1.071568	2036-03-28	tropics	28	1.0772924	1.0925722	1.0604522	1.0877348	1.0663855	1.0831972	1.071568	2036-03-28	tropics	28	0.019450426	0.023053814	0.015610647	0.021920204	0.016832685	0.020922422	0.018090367	2036-03-28	tropics	28	0.019450426	0.023053814	0.015610647	0.021920204	0.016832685	0.020922422	0.018090367	GARW	2036-04-01
2036-03-29	tropics	28	1.0769434	1.0930037	1.0599091	1.0878477	1.0656316	1.0830698	1.0713058	2036-03-29	tropics	28	1.0769434	1.0930037	1.0599091	1.0878477	1.0656316	1.0830698	1.0713058	2036-03-29	tropics	28	0.019438028	0.023115056	0.015399635	0.02197175	0.016799737	0.020897508	0.01806736	2036-03-29	tropics	28	0.019438028	0.023115056	0.015399635	0.02197175	0.016799737	0.020897508	0.01806736	GARW	2036-04-01
2036-03-30	tropics	28	1.0766714	1.0936326	1.0593334	1.0881966	1.0651485	1.0831846	1.0711148	2036-03-30	tropics	28	1.0766714	1.0936326	1.0593334	1.0881966	1.0651485	1.0831846	1.0711148	2036-03-30	tropics	28	0.019394636	0.023193603	0.015220749	0.021961637	0.0166749	0.02086997	0.01799512	2036-03-30	tropics	28	0.019394636	0.023193603	0.015220749	0.021961637	0.0166749	0.02086997	0.01799512	GARW	2036-04-01
2036-03-31	tropics	28	1.0765278	1.0943342	1.0586927	1.0885404	1.0647917	1.0831568	1.0706795	2036-03-31	tropics	28	1.0765278	1.0943342	1.0586927	1.0885404	1.0647917	1.0831568	1.0706795	2036-03-31	tropics	28	0.019308567	0.023324937	0.015090478	0.022063779	0.01649208	0.020852566	0.01794362	2036-03-31	tropics	28	0.019308567	0.023324937	0.015090478	0.022063779	0.01649208	0.020852566	0.01794362	GARW	2036-04-01
2036-04-01	tropics	28	1.0763464	1.0947801	1.0578737	1.0886048	1.0640229	1.0830415	1.0703424	2036-04-01	tropics	28	1.0763464	1.0947801	1.0578737	1.0886048	1.0640229	1.0830415	1.0703424	2036-04-01	tropics	28	0.019258738	0.023489298	0.014942229	0.022152854	0.01644578	0.020858526	0.017865062	2036-04-01	tropics	28	0.019258738	0.023489298	0.014942229	0.022152854	0.01644578	0.020858526	0.017865062	GARW	2036-04-01
2035-04-03	tropics	6	1.0777223	1.0889958	1.0674105	1.0853158	1.0711503	1.0816159	1.0739633	2035-04-03	tropics	6	1.0777223	1.0889958	1.0674105	1.0853158	1.0711503	1.0816159	1.0739633	2035-04-03	tropics	6	nan	nan	nan	nan	nan	nan	nan	2035-04-03	tropics	6	nan	nan	nan	nan	nan	nan	nan	GARW	2036-04-01
2035-04-04	tropics	6	1.077832	1.0891142	1.0675567	1.0853596	1.0711119	1.0818455	1.0740976	2035-04-04	tropics	6	1.077832	1.0891142	1.0675567	1.0853596	1.0711119	1.0818455	1.0740976	2035-04-04	tropics	6	0.0	0.0	0.0	0.0	0.0	0.0	0.0	2035-04-04	tropics	6	0.0	0.0	0.0	0.0	0.0	0.0	0.0	GARW	2036-04-01
2035-04-05	tropics	6	1.0779841	1.089134	1.0676975	1.085431	1.0711606	1.0819284	1.0741386	2035-04-05	tropics	6	1.0779841	1.089134	1.0676975	1.085431	1.0711606	1.0819284	1.0741386	2035-04-05	tropics	6	0.0	0.0	0.0	0.0	0.0	0.0	0.0	2035-04-05	tropics	6	0.0	0.0	0.0	0.0	0.0	0.0	0.0	GARW	2036-04-01
2035-04-06	tropics	6	1.0781823	1.0890326	1.0678285	1.085584	1.071423	1.0820179	1.0743487	2035-04-06	tropics	6	1.0781823	1.0890326	1.0678285	1.085584	1.071423	1.0820179	1.0743487	2035-04-06	tropics	6	0.0	0.0	0.0	0.0	0.0	0.0	0.0	2035-04-06	tropics	6	0.0	0.0	0.0	0.0	0.0	0.0	0.0	GARW	2036-04-01
2035-04-07	tropics	6	1.0783794	1.0892973	1.0677167	1.0857509	1.071472	1.0821583	1.0744722	2035-04-07	tropics	6	1.0783794	1.0892973	1.0677167	1.0857509	1.071472	1.0821583	1.0744722	2035-04-07	tropics	6	0.0	0.0	0.0	0.0	0.0	0.0	0.0	2035-04-07	tropics	6	0.0	0.0	0.0	0.0	0.0	0.0	0.0	GARW	2036-04-01
2035-04-08	tropics	6	1.0785562	1.089465	1.067784	1.0860053	1.0715632	1.0823617	1.0747018	2035-04-08	tropics	6	1.0785562	1.089465	1.067784	1.0860053	1.0715632	1.0823617	1.0747018	2035-04-08	tropics	6	0.0	0.0	0.0	0.0	0.0	0.0	0.0	2035-04-08	tropics	6	0.0	0.0	0.0	0.0	0.0	0.0	0.0	GARW	2036-04-01
2035-04-09	tropics	6	1.0787342	1.089638	1.0677876	1.0861263	1.0717402	1.0824802	1.0747508	2035-04-09	tropics	6	1.0787342	1.089638	1.0677876	1.0861263	1.0717402	1.0824802	1.0747508	2035-04-09	tropics	6	0.0	0.0	0.0	0.0	0.0	0.0	0.0	2035-04-09	tropics	6	0.0	0.0	0.0	0.0	0.0	0.0	0.0	GARW	2036-04-01
2035-04-10	tropics	6	1.078869	1.0897688	1.067923	1.0862418	1.0718001	1.0825989	1.0748346	2035-04-10	tropics	6	1.078869	1.0897688	1.067923	1.0862418	1.0718001	1.0825989	1.0748346	2035-04-10	tropics	6	0.0	0.0	0.0	0.0	0.0	0.0	0.0	2035-04-10	tropics	6	0.0	0.0	0.0	0.0	0.0	0.0	0.0	GARW	2036-04-01
2035-04-11	tropics	6	1.0789833	1.089996	1.0681425	1.0863494	1.0717033	1.0828004	1.0749185	2035-04-11	tropics	6	1.0789833	1.089996	1.0681425	1.0863494	1.0717033	1.0828004	1.0749185	2035-04-11	tropics	6	0.0	0.0	0.0	0.0	0.0	0.0	0.0	2035-04-11	tropics	6	0.0	0.0	0.0	0.0	0.0	0.0	0.0	GARW	2036-04-01
2035-04-12	tropics	6	1.0790942	1.0902216	1.0681899	1.0864652	1.0717223	1.0829926	1.0750519	2035-04-12	tropics	6	1.0790942	1.0902216	1.0681899	1.0864652	1.0717223	1.0829926	1.0750519	2035-04-12	tropics	6	0.0	0.0	0.0	0.0	0.0	0.0	0.0	2035-04-12	tropics	6	0.0	0.0	0.0	0.0	0.0	0.0	0.0	GARW	2036-04-01
2035-04-13	tropics	6	1.0792027	1.0904387	1.0682212	1.0865959	1.0719739	1.0831435	1.0751197	2035-04-13	tropics	6	1.0792027	1.0904387	1.0682212	1.0865959	1.0719739	1.0831435	1.0751197	2035-04-13	tropics	6	0.0	0.0	0.0	0.0	0.0	0.0	0.0	2035-04-13	tropics	6	0.0	0.0	0.0	0.0	0.0	0.0	0.0	GARW	2036-04-01
2035-04-14	tropics	6	1.0793204	1.0906397	1.0682739	1.086657	1.0720464	1.083134	1.0752422	2035-04-14	tropics	6	1.0793204	1.0906397	1.0682739	1.086657	1.0720464	1.083134	1.0752422	2035-04-14	tropics	6	0.0	0.0	0.0	0.0	0.0	0.0	0.0	2035-04-14	tropics	6	0.0	0.0	0.0	0.0	0.0	0.0	0.0	GARW	2036-04-01
2035-04-15	tropics	6	1.0794313	1.0908098	1.0683614	1.0867908	1.0721257	1.0833008	1.075249	2035-04-15	tropics	6	1.0794313	1.0908098	1.0683614	1.0867908	1.0721257	1.0833008	1.075249	2035-04-15	tropics	6	0.0	0.0	0.0	0.0	0.0	0.0	0.0	2035-04-15	tropics	6	0.0	0.0	0.0	0.0	0.0	0.0	0.0	GARW	2036-04-01
2035-04-16	tropics	6	1.0795653	1.0909095	1.0684627	1.0868733	1.0722044	1.0834345	1.0753207	2035-04-16	tropics	6	1.0795653	1.0909095	1.0684627	1.0868733	1.0722044	1.0834345	1.0753207	2035-04-16	tropics	6	0.0	0.0	0.0	0.0	0.0	0.0	0.0	2035-04-16	tropics	6	0.0	0.0	0.0	0.0	0.0	0.0	0.0	GARW	2036-04-01
2035-04-17	tropics	6	1.0796735	1.0910002	1.0685129	1.086992	1.0722867	1.0835303	1.0753908	2035-04-17	tropics	6	1.0796735	1.0910002	1.0685129	1.086992	1.0722867	1.0835303	1.0753908	2035-04-17	tropics	6	0.0	0.0	0.0	0.0	0.0	0.0	0.0	2035-04-17	tropics	6	0.0	0.0	0.0	0.0	0.0	0.0	0.0	GARW	2036-04-01
2035-04-18	tropics	6	1.0797544	1.0910991	1.0685644	1.087075	1.0723625	1.0836041	1.0755153	2035-04-18	tropics	6	1.0797544	1.0910991	1.0685644	1.087075	1.0723625	1.0836041	1.0755153	2035-04-18	tropics	6	0.0	0.0	0.0	0.0	0.0	0.0	0.0	2035-04-18	tropics	6	0.0	0.0	0.0	0.0	0.0	0.0	0.0	GARW	2036-04-01
2035-04-19	tropics	6	1.0798585	1.0912844	1.0686239	1.0871391	1.0723665	1.0837299	1.0756567	2035-04-19	tropics	6	1.0798585	1.0912844	1.0686239	1.0871391	1.0723665	1.0837299	1.0756567	2035-04-19	tropics	6	0.0	0.0	0.0	0.0	0.0	0.0	0.0	2035-04-19	tropics	6	0.0	0.0	0.0	0.0	0.0	0.0	0.0	GARW	2036-04-01
2035-04-20	tropics	6	1.0799594	1.0914586	1.0686988	1.0871843	1.0723892	1.0838768	1.0757107	2035-04-20	tropics	6	1.0799594	1.0914586	1.0686988	1.0871843	1.0723892	1.0838768	1.0757107	2035-04-20	tropics	6	0.0	0.0	0.0	0.0	0.0	0.0	0.0	2035-04-20	tropics	6	0.0	0.0	0.0	0.0	0.0	0.0	0.0	GARW	2036-04-01
2035-04-21	tropics	6	1.0800669	1.0916221	1.0687182	1.0871834	1.0724801	1.0839999	1.0757706	2035-04-21	tropics	6	1.0800669	1.0916221	1.0687182	1.0871834	1.0724801	1.0839999	1.0757706	2035-04-21	tropics	6	0.0	0.0	0.0	0.0	0.0	0.0	0.0	2035-04-21	tropics	6	0.0	0.0	0.0	0.0	0.0	0.0	0.0	GARW	2036-04-01
2035-04-22	tropics	6	1.0802467	1.0917755	1.0687394	1.0872521	1.0725639	1.0841126	1.075856	2035-04-22	tropics	6	1.0802467	1.0917755	1.0687394	1.0872521	1.0725639	1.0841126	1.075856	2035-04-22	tropics	6	0.0	0.0	0.0	0.0	0.0	0.0	0.0	2035-04-22	tropics	6	0.0	0.0	0.0	0.0	0.0	0.0	0.0	GARW	2036-04-01
2035-04-23	tropics	6	1.0803449	1.0919188	1.0687623	1.0873493	1.072646	1.0841978	1.0759046	2035-04-23	tropics	6	1.0803449	1.0919188	1.0687623	1.0873493	1.072646	1.0841978	1.0759046	2035-04-23	tropics	6	0.0	0.0	0.0	0.0	0.0	0.0	0.0	2035-04-23	tropics	6	0.0	0.0	0.0	0.0	0.0	0.0	0.0	GARW	2036-04-01
2035-04-24	tropics	6	1.080414	1.0920526	1.0688237	1.0875007	1.0727413	1.0842639	1.0759636	2035-04-24	tropics	6	1.080414	1.0920526	1.0688237	1.0875007	1.0727413	1.0842639	1.0759636	2035-04-24	tropics	6	0.0	0.0	0.0	0.0	0.0	0.0	0.0	2035-04-24	tropics	6	0.0	0.0	0.0	0.0	0.0	0.0	0.0	GARW	2036-04-01
2035-04-25	tropics	6	1.0804753	1.0921825	1.0689006	1.0876389	1.0728358	1.0843426	1.0760639	2035-04-25	tropics	6	1.0804753	1.0921825	1.0689006	1.0876389	1.0728358	1.0843426	1.0760639	2035-04-25	tropics	6	0.0	0.0	0.0	0.0	0.0	0.0	0.0	2035-04-25	tropics	6	0.0	0.0	0.0	0.0	0.0	0.0	0.0	GARW	2036-04-01
2035-04-26	tropics	6	1.0805451	1.0922731	1.0689787	1.0877234	1.0729096	1.0844089	1.0761869	2035-04-26	tropics	6	1.0805451	1.0922731	1.0689787	1.0877234	1.0729096	1.0844089	1.0761869	2035-04-26	tropics	6	0.0	0.0	0.0	0.0	0.0	0.0	0.0	2035-04-26	tropics	6	0.0	0.0	0.0	0.0	0.0	0.0	0.0	GARW	2036-04-01
2035-04-27	tropics	6	1.0806061	1.0922982	1.0690588	1.0877842	1.0729706	1.0844648	1.0763205	2035-04-27	tropics	6	1.0806061	1.0922982	1.0690588	1.0877842	1.0729706	1.0844648	1.0763205	2035-04-27	tropics	6	0.0	0.0	0.0	0.0	0.0	0.0	0.0	2035-04-27	tropics	6	0.0	0.0	0.0	0.0	0.0	0.0	0.0	GARW	2036-04-01
2035-04-28	tropics	6	1.0806842	1.0923166	1.0691406	1.0878223	1.0731071	1.0845238	1.0764203	2035-04-28	tropics	6	1.0806842	1.0923166	1.0691406	1.0878223	1.0731071	1.0845238	1.0764203	2035-04-28	tropics	6	0.0	0.0	0.0	0.0	0.0	0.0	0.0	2035-04-28	tropics	6	0.0	0.0	0.0	0.0	0.0	0.0	0.0	GARW	2036-04-01
2035-04-29	tropics	6	1.0807077	1.0923293	1.069224	1.0879058	1.07316	1.0846274	1.0764906	2035-04-29	tropics	6	1.0807077	1.0923293	1.069224	1.0879058	1.07316	1.0846274	1.0764906	2035-04-29	tropics	6	0.0	0.0	0.0	0.0	0.0	0.0	0.0	2035-04-29	tropics	6	0.0	0.0	0.0	0.0	0.0	0.0	0.0	GARW	2036-04-01
2035-04-30	tropics	6	1.080804	1.0923563	1.0693088	1.0879922	1.0731919	1.0846696	1.0765266	2035-04-30	tropics	6	1.080804	1.0923563	1.0693088	1.0879922	1.0731919	1.0846696	1.0765266	2035-04-30	tropics	6	0.0	0.0	0.0	0.0	0.0	0.0	0.0	2035-04-30	tropics	6	0.0	0.0	0.0	0.0	0.0	0.0	0.0	GARW	2036-04-01
2035-05-01	tropics	6	1.0808988	1.0924091	1.0693948	1.0880646	1.0732257	1.0847257	1.0765772	2035-05-01	tropics	6	1.0808988	1.0924091	1.0693948	1.0880646	1.0732257	1.0847257	1.0765772	2035-05-01	tropics	6	0.0	0.0	0.0	0.0	0.0	0.0	0.0	2035-05-01	tropics	6	0.0	0.0	0.0	0.0	0.0	0.0	0.0	GARW	2036-04-01
2035-05-02	tropics	6	1.0809894	1.0924559	1.069482	1.0881214	1.0732589	1.084743	1.0766261	2035-05-02	tropics	6	1.0809894	1.0924559	1.069482	1.0881214	1.0732589	1.084743	1.0766261	2035-05-02	tropics	6	0.0	0.0	0.0	0.0	0.0	0.0	0.0	2035-05-02	tropics	6	0.0	0.0	0.0	0.0	0.0	0.0	0.0	GARW	2036-04-01
2035-05-03	tropics	6	1.0810459	1.0924969	1.06957	1.0881747	1.0733252	1.0847838	1.0766573	2035-05-03	tropics	6	1.0810459	1.0924969	1.06957	1.0881747	1.0733252	1.0847838	1.0766573	2035-05-03	tropics	6	0.0	0.0	0.0	0.0	0.0	0.0	0.0	2035-05-03	tropics	6	0.0	0.0	0.0	0.0	0.0	0.0	0.0	GARW	2036-04-01
2035-05-04	tropics	6	1.0810883	1.0925328	1.0696589	1.0882243	1.0733695	1.084864	1.0766774	2035-05-04	tropics	6	1.0810883	1.0925328	1.0696589	1.0882243	1.0733695	1.084864	1.0766774	2035-05-04	tropics	6	0.0	0.0	0.0	0.0	0.0	0.0	0.0	2035-05-04	tropics	6	0.0	0.0	0.0	0.0	0.0	0.0	0.0	GARW	2036-04-01
2035-05-05	tropics	6	1.08112	1.0925635	1.0697482	1.0882632	1.0734035	1.0849626	1.0767598	2035-05-05	tropics	6	1.08112	1.0925635	1.0697482	1.0882632	1.0734035	1.0849626	1.0767598	2035-05-05	tropics	6	0.0	0.0	0.0	0.0	0.0	0.0	0.0	2035-05-05	tropics	6	0.0	0.0	0.0	0.0	0.0	0.0	0.0	GARW	2036-04-01
2035-05-06	tropics	6	1.0811639	1.0925353	1.069785	1.088301	1.073466	1.085031	1.0767717	2035-05-06	tropics	6	1.0811639	1.0925353	1.069785	1.088301	1.073466	1.085031	1.0767717	2035-05-06	tropics	6	0.0	0.0	0.0	0.0	0.0	0.0	0.0	2035-05-06	tropics	6	0.0	0.0	0.0	0.0	0.0	0.0	0.0	GARW	2036-04-01
2035-05-07	tropics	6	1.0812032	1.0924895	1.0698167	1.0883371	1.0735184	1.0851401	1.0767844	2035-05-07	tropics	6	1.0812032	1.0924895	1.0698167	1.0883371	1.0735184	1.0851401	1.0767844	2035-05-07	tropics	6	0.0	0.0	0.0	0.0	0.0	0.0	0.0	2035-05-07	tropics	6	0.0	0.0	0.0	0.0	0.0	0.0	0.0	GARW	2036-04-01
2035-05-08	tropics	6	1.0812237	1.0924399	1.0698454	1.0884235	1.0735756	1.0852056	1.0768094	2035-05-08	tropics	6	1.0812237	1.0924399	1.0698454	1.0884235	1.0735756	1.0852056	1.0768094	2035-05-08	tropics	6	0.0	0.0	0.0	0.0	0.0	0.0	0.0	2035-05-08	tropics	6	0.0	0.0	0.0	0.0	0.0	0.0	0.0	GARW	2036-04-01
2035-05-09	tropics	6	1.0812736	1.0924367	1.0698758	1.0884199	1.0736383	1.0852857	1.0768286	2035-05-09	tropics	6	1.0812736	1.0924367	1.0698758	1.0884199	1.0736383	1.0852857	1.0768286	2035-05-09	tropics	6	0.0	0.0	0.0	0.0	0.0	0.0	0.0	2035-05-09	tropics	6	0.0	0.0	0.0	0.0	0.0	0.0	0.0	GARW	2036-04-01
2035-05-10	tropics	6	1.0813131	1.0924822	1.0699447	1.0884496	1.0737056	1.0853329	1.0768192	2035-05-10	tropics	6	1.0813131	1.0924822	1.0699447	1.0884496	1.0737056	1.0853329	1.0768192	2035-05-10	tropics	6	0.0	0.0	0.0	0.0	0.0	0.0	0.0	2035-05-10	tropics	6	0.0	0.0	0.0	0.0	0.0	0.0	0.0	GARW	2036-04-01
2035-05-11	tropics	6	1.0813475	1.0925266	1.070019	1.0884929	1.0736349	1.0853776	1.0768248	2035-05-11	tropics	6	1.0813475	1.0925266	1.070019	1.0884929	1.0736349	1.0853776	1.0768248	2035-05-11	tropics	6	0.0	0.0	0.0	0.0	0.0	0.0	0.0	2035-05-11	tropics	6	0.0	0.0	0.0	0.0	0.0	0.0	0.0	GARW	2036-04-01
2035-05-12	tropics	6	1.0813725	1.0925653	1.0700914	1.0885662	1.0736703	1.0854003	1.0768795	2035-05-12	tropics	6	1.0813725	1.0925653	1.0700914	1.0885662	1.0736703	1.0854003	1.0768795	2035-05-12	tropics	6	0.0	0.0	0.0	0.0	0.0	0.0	0.0	2035-05-12	tropics	6	0.0	0.0	0.0	0.0	0.0	0.0	0.0	GARW	2036-04-01
2035-05-13	tropics	6	1.0814195	1.0925202	1.0701613	1.0885457	1.0737845	1.0854418	1.0769308	2035-05-13	tropics	6	1.0814195	1.0925202	1.0701613	1.0885457	1.0737845	1.0854418	1.0769308	2035-05-13	tropics	6	0.0	0.0	0.0	0.0	0.0	0.0	0.0	2035-05-13	tropics	6	0.0	0.0	0.0	0.0	0.0	0.0	0.0	GARW	2036-04-01
2035-05-14	tropics	6	1.0814519	1.0924528	1.0702349	1.0885354	1.0738628	1.0854156	1.076965	2035-05-14	tropics	6	1.0814519	1.0924528	1.0702349	1.0885354	1.0738628	1.0854156	1.076965	2035-05-14	tropics	6	0.0	0.0	0.0	0.0	0.0	0.0	0.0	2035-05-14	tropics	6	0.0	0.0	0.0	0.0	0.0	0.0	0.0	GARW	2036-04-01
2035-05-15	tropics	6	1.0815034	1.0924451	1.0703	1.0885292	1.0738989	1.0853635	1.0770091	2035-05-15	tropics	6	1.0815034	1.0924451	1.0703	1.0885292	1.0738989	1.0853635	1.0770091	2035-05-15	tropics	6	0.0	0.0	0.0	0.0	0.0	0.0	0.0	2035-05-15	tropics	6	0.0	0.0	0.0	0.0	0.0	0.0	0.0	GARW	2036-04-01
2035-05-16	tropics	6	1.0815544	1.0924596	1.070359	1.0885215	1.0739337	1.085362	1.0771039	2035-05-16	tropics	6	1.0815544	1.0924596	1.070359	1.0885215	1.0739337	1.085362	1.0771039	2035-05-16	tropics	6	0.0	0.0	0.0	0.0	0.0	0.0	0.0	2035-05-16	tropics	6	0.0	0.0	0.0	0.0	0.0	0.0	0.0	GARW	2036-04-01
2035-05-17	tropics	6	1.0815737	1.0925171	1.0704124	1.088575	1.073962	1.0853894	1.0771453	2035-05-17	tropics	6	1.0815737	1.0925171	1.0704124	1.088575	1.073962	1.0853894	1.0771453	2035-05-17	tropics	6	0.0	0.0	0.0	0.0	0.0	0.0	0.0	2035-05-17	tropics	6	0.0	0.0	0.0	0.0	0.0	0.0	0.0	GARW	2036-04-01
2035-05-18	tropics	6	1.0815978	1.0925843	1.0704602	1.0886438	1.073981	1.0854552	1.0771513	2035-05-18	tropics	6	1.0815978	1.0925843	1.0704602	1.0886438	1.073981	1.0854552	1.0771513	2035-05-18	tropics	6	0.0	0.0	0.0	0.0	0.0	0.0	0.0	2035-05-18	tropics	6	0.0	0.0	0.0	0.0	0.0	0.0	0.0	GARW	2036-04-01
2035-05-19	tropics	6	1.0816085	1.0926458	1.0705335	1.0886624	1.0739974	1.0855036	1.0771703	2035-05-19	tropics	6	1.0816085	1.0926458	1.0705335	1.0886624	1.0739974	1.0855036	1.0771703	2035-05-19	tropics	6	0.0	0.0	0.0	0.0	0.0	0.0	0.0	2035-05-19	tropics	6	0.0	0.0	0.0	0.0	0.0	0.0	0.0	GARW	2036-04-01
2035-05-20	tropics	6	1.081624	1.0927008	1.0706235	1.0886565	1.0740138	1.08554	1.0771829	2035-05-20	tropics	6	1.081624	1.0927008	1.0706235	1.0886565	1.0740138	1.08554	1.0771829	2035-05-20	tropics	6	0.0	0.0	0.0	0.0	0.0	0.0	0.0	2035-05-20	tropics	6	0.0	0.0	0.0	0.0	0.0	0.0	0.0	GARW	2036-04-01
2035-05-21	tropics	6	1.0816761	1.0926812	1.0707079	1.0886158	1.0740396	1.0855285	1.077185	2035-05-21	tropics	6	1.0816761	1.0926812	1.0707079	1.0886158	1.0740396	1.0855285	1.077185	2035-05-21	tropics	6	0.0	0.0	0.0	0.0	0.0	0.0	0.0	2035-05-21	tropics	6	0.0	0.0	0.0	0.0	0.0	0.0	0.0	GARW	2036-04-01
2035-05-22	tropics	6	1.0816989	1.0926088	1.0707864	1.0886158	1.0740354	1.0854919	1.0772178	2035-05-22	tropics	6	1.0816989	1.0926088	1.0707864	1.0886158	1.0740354	1.0854919	1.0772178	2035-05-22	tropics	6	0.0	0.0	0.0	0.0	0.0	0.0	0.0	2035-05-22	tropics	6	0.0	0.0	0.0	0.0	0.0	0.0	0.0	GARW	2036-04-01
2035-05-23	tropics	6	1.0817063	1.092556	1.070859	1.0886647	1.0740145	1.0855039	1.0772288	2035-05-23	tropics	6	1.0817063	1.092556	1.070859	1.0886647	1.0740145	1.0855039	1.0772288	2035-05-23	tropics	6	0.0	0.0	0.0	0.0	0.0	0.0	0.0	2035-05-23	tropics	6	0.0	0.0	0.0	0.0	0.0	0.0	0.0	GARW	2036-04-01
2035-05-24	tropics	6	1.0817025	1.0925473	1.0708841	1.0887126	1.0740452	1.0854814	1.0772142	2035-05-24	tropics	6	1.0817025	1.0925473	1.0708841	1.0887126	1.0740452	1.0854814	1.0772142	2035-05-24	tropics	6	0.0	0.0	0.0	0.0	0.0	0.0	0.0	2035-05-24	tropics	6	0.0	0.0	0.0	0.0	0.0	0.0	0.0	GARW	2036-04-01
2035-05-25	tropics	6	1.0817163	1.0925447	1.0709087	1.0887036	1.0740778	1.0855228	1.0772219	2035-05-25	tropics	6	1.0817163	1.0925447	1.0709087	1.0887036	1.0740778	1.0855228	1.0772219	2035-05-25	tropics	6	0.0	0.0	0.0	0.0	0.0	0.0	0.0	2035-05-25	tropics	6	0.0	0.0	0.0	0.0	0.0	0.0	0.0	GARW	2036-04-01
2035-05-26	tropics	6	1.0817012	1.0925428	1.0709581	1.0886598	1.0740484	1.0855092	1.077244	2035-05-26	tropics	6	1.0817012	1.0925428	1.0709581	1.0886598	1.0740484	1.0855092	1.077244	2035-05-26	tropics	6	0.0	0.0	0.0	0.0	0.0	0.0	0.0	2035-05-26	tropics	6	0.0	0.0	0.0	0.0	0.0	0.0	0.0	GARW	2036-04-01
2035-05-27	tropics	6	1.0816596	1.0925413	1.0710055	1.0887026	1.07405	1.0854893	1.0772564	2035-05-27	tropics	6	1.0816596	1.0925413	1.0710055	1.0887026	1.07405	1.0854893	1.0772564	2035-05-27	tropics	6	0.0	0.0	0.0	0.0	0.0	0.0	0.0	2035-05-27	tropics	6	0.0	0.0	0.0	0.0	0.0	0.0	0.0	GARW	2036-04-01
2035-05-28	tropics	6	1.0816593	1.0925404	1.0710485	1.0887524	1.0741693	1.0854839	1.0772821	2035-05-28	tropics	6	1.0816593	1.0925404	1.0710485	1.0887524	1.0741693	1.0854839	1.0772821	2035-05-28	tropics	6	0.0	0.0	0.0	0.0	0.0	0.0	0.0	2035-05-28	tropics	6	0.0	0.0	0.0	0.0	0.0	0.0	0.0	GARW	2036-04-01
2035-05-29	tropics	6	1.0816982	1.0925287	1.0711055	1.0886968	1.074202	1.0854892	1.0773401	2035-05-29	tropics	6	1.0816982	1.0925287	1.0711055	1.0886968	1.074202	1.0854892	1.0773401	2035-05-29	tropics	6	0.0	0.0	0.0	0.0	0.0	0.0	0.0	2035-05-29	tropics	6	0.0	0.0	0.0	0.0	0.0	0.0	0.0	GARW	2036-04-01
2035-05-30	tropics	6	1.0817134	1.0924882	1.0711597	1.088633	1.0742334	1.0855229	1.0773945	2035-05-30	tropics	6	1.0817134	1.0924882	1.0711597	1.088633	1.0742334	1.0855229	1.0773945	2035-05-30	tropics	6	0.0	0.0	0.0	0.0	0.0	0.0	0.0	2035-05-30	tropics	6	0.0	0.0	0.0	0.0	0.0	0.0	0.0	GARW	2036-04-01
2035-05-31	tropics	6	1.081713	1.092468	1.0711855	1.0886234	1.0742823	1.0855212	1.0774517	2035-05-31	tropics	6	1.081713	1.092468	1.0711855	1.0886234	1.0742823	1.0855212	1.0774517	2035-05-31	tropics	6	0.0	0.0	0.0	0.0	0.0	0.0	0.0	2035-05-31	tropics	6	0.0	0.0	0.0	0.0	0.0	0.0	0.0	GARW	2036-04-01
2035-06-01	tropics	6	1.0817466	1.092467	1.0712075	1.0886328	1.0743214	1.0854661	1.0774574	2035-06-01	tropics	6	1.0817466	1.092467	1.0712075	1.0886328	1.0743214	1.0854661	1.0774574	2035-06-01	tropics	6	0.0	0.0	0.0	0.0	0.0	0.0	0.0	2035-06-01	tropics	6	0.0	0.0	0.0	0.0	0.0	0.0	0.0	GARW	2036-04-01
2035-06-02	tropics	6	1.0817311	1.0924658	1.0712284	1.0886414	1.0743232	1.0854112	1.0774429	2035-06-02	tropics	6	1.0817311	1.0924658	1.0712284	1.0886414	1.0743232	1.0854112	1.0774429	2035-06-02	tropics	6	0.0	0.0	0.0	0.0	0.0	0.0	0.0	2035-06-02	tropics	6	0.0	0.0	0.0	0.0	0.0	0.0	0.0	GARW	2036-04-01
2035-06-03	tropics	6	1.0817524	1.0924647	1.0712467	1.088602	1.0743302	1.085386	1.0774393	2035-06-03	tropics	6	1.0817524	1.0924647	1.0712467	1.088602	1.0743302	1.085386	1.0774393	2035-06-03	tropics	6	0.0	0.0	0.0	0.0	0.0	0.0	0.0	2035-06-03	tropics	6	0.0	0.0	0.0	0.0	0.0	0.0	0.0	GARW	2036-04-01
2035-06-04	tropics	6	1.0817744	1.0924636	1.0712583	1.0885941	1.074348	1.0853788	1.0774233	2035-06-04	tropics	6	1.0817744	1.0924636	1.0712583	1.0885941	1.074348	1.0853788	1.0774233	2035-06-04	tropics	6	0.0	0.0	0.0	0.0	0.0	0.0	0.0	2035-06-04	tropics	6	0.0	0.0	0.0	0.0	0.0	0.0	0.0	GARW	2036-04-01
2035-06-05	tropics	6	1.0817835	1.092501	1.071241	1.0885866	1.0743642	1.0853465	1.0774393	2035-06-05	tropics	6	1.0817835	1.092501	1.071241	1.0885866	1.0743642	1.0853465	1.0774393	2035-06-05	tropics	6	0.0	0.0	0.0	0.0	0.0	0.0	0.0	2035-06-05	tropics	6	0.0	0.0	0.0	0.0	0.0	0.0	0.0	GARW	2036-04-01
2035-06-06	tropics	6	1.0817864	1.0925287	1.0712235	1.0885855	1.0743634	1.0853518	1.0774527	2035-06-06	tropics	6	1.0817864	1.0925287	1.0712235	1.0885855	1.0743634	1.0853518	1.0774527	2035-06-06	tropics	6	0.0	0.0	0.0	0.0	0.0	0.0	0.0	2035-06-06	tropics	6	0.0	0.0	0.0	0.0	0.0	0.0	0.0	GARW	2036-04-01
2035-06-07	tropics	6	1.0817889	1.0925527	1.0712059	1.0885777	1.074332	1.0853776	1.0774593	2035-06-07	tropics	6	1.0817889	1.0925527	1.0712059	1.0885777	1.074332	1.0853776	1.0774593	2035-06-07	tropics	6	0.0	0.0	0.0	0.0	0.0	0.0	0.0	2035-06-07	tropics	6	0.0	0.0	0.0	0.0	0.0	0.0	0.0	GARW	2036-04-01
2035-06-08	tropics	6	1.0817435	1.0925733	1.0711966	1.0886068	1.0743276	1.0853887	1.0774735	2035-06-08	tropics	6	1.0817435	1.0925733	1.0711966	1.0886068	1.0743276	1.0853887	1.0774735	2035-06-08	tropics	6	0.0	0.0	0.0	0.0	0.0	0.0	0.0	2035-06-08	tropics	6	0.0	0.0	0.0	0.0	0.0	0.0	0.0	GARW	2036-04-01
2035-06-09	tropics	6	1.0817469	1.0925905	1.0712054	1.0885637	1.0743264	1.0853479	1.0774744	2035-06-09	tropics	6	1.0817469	1.0925905	1.0712054	1.0885637	1.0743264	1.0853479	1.0774744	2035-06-09	tropics	6	0.0	0.0	0.0	0.0	0.0	0.0	0.0	2035-06-09	tropics	6	0.0	0.0	0.0	0.0	0.0	0.0	0.0	GARW	2036-04-01
2035-06-10	tropics	6	1.0817934	1.0926039	1.0712097	1.0886148	1.0743533	1.0853426	1.0774845	2035-06-10	tropics	6	1.0817934	1.0926039	1.0712097	1.0886148	1.0743533	1.0853426	1.0774845	2035-06-10	tropics	6	0.0	0.0	0.0	0.0	0.0	0.0	0.0	2035-06-10	tropics	6	0.0	0.0	0.0	0.0	0.0	0.0	0.0	GARW	2036-04-01
2035-06-11	tropics	6	1.0817897	1.092618	1.0712116	1.0886607	1.0743406	1.0853357	1.0774765	2035-06-11	tropics	6	1.0817897	1.092618	1.0712116	1.0886607	1.0743406	1.0853357	1.0774765	2035-06-11	tropics	6	0.0	0.0	0.0	0.0	0.0	0.0	0.0	2035-06-11	tropics	6	0.0	0.0	0.0	0.0	0.0	0.0	0.0	GARW	2036-04-01
2035-06-12	tropics	6	1.0817757	1.0926301	1.0712185	1.0886563	1.0743401	1.085323	1.0774438	2035-06-12	tropics	6	1.0817757	1.0926301	1.0712185	1.0886563	1.0743401	1.085323	1.0774438	2035-06-12	tropics	6	0.0	0.0	0.0	0.0	0.0	0.0	0.0	2035-06-12	tropics	6	0.0	0.0	0.0	0.0	0.0	0.0	0.0	GARW	2036-04-01
2035-06-13	tropics	6	1.0817473	1.0925951	1.0712364	1.0886412	1.0743405	1.0853348	1.0774304	2035-06-13	tropics	6	1.0817473	1.0925951	1.0712364	1.0886412	1.0743405	1.0853348	1.0774304	2035-06-13	tropics	6	0.0	0.0	0.0	0.0	0.0	0.0	0.0	2035-06-13	tropics	6	0.0	0.0	0.0	0.0	0.0	0.0	0.0	GARW	2036-04-01
2035-06-14	tropics	6	1.0817354	1.0925392	1.0712539	1.0886147	1.0743417	1.0853195	1.0774169	2035-06-14	tropics	6	1.0817354	1.0925392	1.0712539	1.0886147	1.0743417	1.0853195	1.0774169	2035-06-14	tropics	6	0.0	0.0	0.0	0.0	0.0	0.0	0.0	2035-06-14	tropics	6	0.0	0.0	0.0	0.0	0.0	0.0	0.0	GARW	2036-04-01
2035-06-15	tropics	6	1.08172	1.09248	1.0712707	1.0886292	1.0743436	1.085367	1.0774518	2035-06-15	tropics	6	1.08172	1.09248	1.0712707	1.0886292	1.0743436	1.085367	1.0774518	2035-06-15	tropics	6	0.0	0.0	0.0	0.0	0.0	0.0	0.0	2035-06-15	tropics	6	0.0	0.0	0.0	0.0	0.0	0.0	0.0	GARW	2036-04-01
2035-06-16	tropics	6	1.0817001	1.0924176	1.0712869	1.0886323	1.0743464	1.0854061	1.0774363	2035-06-16	tropics	6	1.0817001	1.0924176	1.0712869	1.0886323	1.0743464	1.0854061	1.0774363	2035-06-16	tropics	6	0.0	0.0	0.0	0.0	0.0	0.0	0.0	2035-06-16	tropics	6	0.0	0.0	0.0	0.0	0.0	0.0	0.0	GARW	2036-04-01
2035-06-17	tropics	6	1.0817277	1.0923522	1.0712966	1.088655	1.07435	1.085394	1.0774223	2035-06-17	tropics	6	1.0817277	1.0923522	1.0712966	1.088655	1.07435	1.085394	1.0774223	2035-06-17	tropics	6	0.0	0.0	0.0	0.0	0.0	0.0	0.0	2035-06-17	tropics	6	0.0	0.0	0.0	0.0	0.0	0.0	0.0	GARW	2036-04-01
2035-06-18	tropics	6	1.0817103	1.0922836	1.0712895	1.0886736	1.0743545	1.0854082	1.0774009	2035-06-18	tropics	6	1.0817103	1.0922836	1.0712895	1.0886736	1.0743545	1.0854082	1.0774009	2035-06-18	tropics	6	0.0	0.0	0.0	0.0	0.0	0.0	0.0	2035-06-18	tropics	6	0.0	0.0	0.0	0.0	0.0	0.0	0.0	GARW	2036-04-01
2035-06-19	tropics	6	1.08167	1.0922122	1.0712634	1.0886892	1.0743624	1.0854163	1.077437	2035-06-19	tropics	6	1.08167	1.0922122	1.0712634	1.0886892	1.0743624	1.0854163	1.077437	2035-06-19	tropics	6	0.0	0.0	0.0	0.0	0.0	0.0	0.0	2035-06-19	tropics	6	0.0	0.0	0.0	0.0	0.0	0.0	0.0	GARW	2036-04-01
2035-06-20	tropics	6	1.0816196	1.0921584	1.071238	1.0887018	1.0743496	1.0854038	1.077439	2035-06-20	tropics	6	1.0816196	1.0921584	1.071238	1.0887018	1.0743496	1.0854038	1.077439	2035-06-20	tropics	6	0.0	0.0	0.0	0.0	0.0	0.0	0.0	2035-06-20	tropics	6	0.0	0.0	0.0	0.0	0.0	0.0	0.0	GARW	2036-04-01
2035-06-21	tropics	6	1.0815504	1.0921339	1.0712136	1.0887073	1.0743331	1.08535	1.0774307	2035-06-21	tropics	6	1.0815504	1.0921339	1.0712136	1.0887073	1.0743331	1.08535	1.0774307	2035-06-21	tropics	6	0.0	0.0	0.0	0.0	0.0	0.0	0.0	2035-06-21	tropics	6	0.0	0.0	0.0	0.0	0.0	0.0	0.0	GARW	2036-04-01
2035-06-22	tropics	6	1.0814981	1.0921079	1.0711902	1.0886917	1.0743138	1.0852827	1.0773655	2035-06-22	tropics	6	1.0814981	1.0921079	1.0711902	1.0886917	1.0743138	1.0852827	1.0773655	2035-06-22	tropics	6	0.0	0.0	0.0	0.0	0.0	0.0	0.0	2035-06-22	tropics	6	0.0	0.0	0.0	0.0	0.0	0.0	0.0	GARW	2036-04-01
2035-06-23	tropics	6	1.0814645	1.0920849	1.0711651	1.0886669	1.0742915	1.0851982	1.0773232	2035-06-23	tropics	6	1.0814645	1.0920849	1.0711651	1.0886669	1.0742915	1.0851982	1.0773232	2035-06-23	tropics	6	0.0	0.0	0.0	0.0	0.0	0.0	0.0	2035-06-23	tropics	6	0.0	0.0	0.0	0.0	0.0	0.0	0.0	GARW	2036-04-01
2035-06-24	tropics	6	1.0814018	1.0920979	1.0711529	1.0886332	1.0742666	1.0851061	1.0773036	2035-06-24	tropics	6	1.0814018	1.0920979	1.0711529	1.0886332	1.0742666	1.0851061	1.0773036	2035-06-24	tropics	6	0.0	0.0	0.0	0.0	0.0	0.0	0.0	2035-06-24	tropics	6	0.0	0.0	0.0	0.0	0.0	0.0	0.0	GARW	2036-04-01
2035-06-25	tropics	6	1.081328	1.0921009	1.0711586	1.0885819	1.0742387	1.085066	1.0772684	2035-06-25	tropics	6	1.081328	1.0921009	1.0711586	1.0885819	1.0742387	1.085066	1.0772684	2035-06-25	tropics	6	0.0	0.0	0.0	0.0	0.0	0.0	0.0	2035-06-25	tropics	6	0.0	0.0	0.0	0.0	0.0	0.0	0.0	GARW	2036-04-01
2035-06-26	tropics	6	1.0812852	1.0920814	1.0711453	1.088521	1.0742081	1.084999	1.0772253	2035-06-26	tropics	6	1.0812852	1.0920814	1.0711453	1.088521	1.0742081	1.084999	1.0772253	2035-06-26	tropics	6	0.0	0.0	0.0	0.0	0.0	0.0	0.0	2035-06-26	tropics	6	0.0	0.0	0.0	0.0	0.0	0.0	0.0	GARW	2036-04-01
2035-06-27	tropics	6	1.0812411	1.0920619	1.0710921	1.0884613	1.0741749	1.084981	1.0772059	2035-06-27	tropics	6	1.0812411	1.0920619	1.0710921	1.0884613	1.0741749	1.084981	1.0772059	2035-06-27	tropics	6	0.0	0.0	0.0	0.0	0.0	0.0	0.0	2035-06-27	tropics	6	0.0	0.0	0.0	0.0	0.0	0.0	0.0	GARW	2036-04-01
2035-06-28	tropics	6	1.081168	1.0920422	1.0710317	1.0885053	1.0741091	1.0850055	1.077198	2035-06-28	tropics	6	1.081168	1.0920422	1.0710317	1.0885053	1.0741091	1.0850055	1.077198	2035-06-28	tropics	6	0.0	0.0	0.0	0.0	0.0	0.0	0.0	2035-06-28	tropics	6	0.0	0.0	0.0	0.0	0.0	0.0	0.0	GARW	2036-04-01
2035-06-29	tropics	6	1.0811	1.092021	1.0709687	1.0884558	1.0740956	1.0850506	1.0771625	2035-06-29	tropics	6	1.0811	1.092021	1.0709687	1.0884558	1.0740956	1.0850506	1.0771625	2035-06-29	tropics	6	0.0	0.0	0.0	0.0	0.0	0.0	0.0	2035-06-29	tropics	6	0.0	0.0	0.0	0.0	0.0	0.0	0.0	GARW	2036-04-01
2035-06-30	tropics	6	1.0810524	1.0919985	1.0709033	1.088381	1.0740502	1.0850257	1.0771302	2035-06-30	tropics	6	1.0810524	1.0919985	1.0709033	1.088381	1.0740502	1.0850257	1.0771302	2035-06-30	tropics	6	0.0	0.0	0.0	0.0	0.0	0.0	0.0	2035-06-30	tropics	6	0.0	0.0	0.0	0.0	0.0	0.0	0.0	GARW	2036-04-01
2035-07-01	tropics	6	1.0809981	1.0919745	1.0708358	1.0883052	1.0740138	1.0849886	1.0770679	2035-07-01	tropics	6	1.0809981	1.0919745	1.0708358	1.0883052	1.0740138	1.0849886	1.0770679	2035-07-01	tropics	6	0.0	0.0	0.0	0.0	0.0	0.0	0.0	2035-07-01	tropics	6	0.0	0.0	0.0	0.0	0.0	0.0	0.0	GARW	2036-04-01
2035-07-02	tropics	6	1.080976	1.0919492	1.0707663	1.0883193	1.0739735	1.0849369	1.0770488	2035-07-02	tropics	6	1.080976	1.0919492	1.0707663	1.0883193	1.0739735	1.0849369	1.0770488	2035-07-02	tropics	6	0.0	0.0	0.0	0.0	0.0	0.0	0.0	2035-07-02	tropics	6	0.0	0.0	0.0	0.0	0.0	0.0	0.0	GARW	2036-04-01
2035-07-03	tropics	6	1.0809586	1.0919213	1.0706946	1.0883005	1.0739115	1.0849098	1.0770328	2035-07-03	tropics	6	1.0809586	1.0919213	1.0706946	1.0883005	1.0739115	1.0849098	1.0770328	2035-07-03	tropics	6	0.0	0.0	0.0	0.0	0.0	0.0	0.0	2035-07-03	tropics	6	0.0	0.0	0.0	0.0	0.0	0.0	0.0	GARW	2036-04-01
2035-07-04	tropics	6	1.0809448	1.0918545	1.070621	1.0881969	1.0738622	1.0849352	1.0770103	2035-07-04	tropics	6	1.0809448	1.0918545	1.070621	1.0881969	1.0738622	1.0849352	1.0770103	2035-07-04	tropics	6	0.0	0.0	0.0	0.0	0.0	0.0	0.0	2035-07-04	tropics	6	0.0	0.0	0.0	0.0	0.0	0.0	0.0	GARW	2036-04-01
2035-07-05	tropics	6	1.0809008	1.0917888	1.0705479	1.0881323	1.0738797	1.0849845	1.0770006	2035-07-05	tropics	6	1.0809008	1.0917888	1.0705479	1.0881323	1.0738797	1.0849845	1.0770006	2035-07-05	tropics	6	0.0	0.0	0.0	0.0	0.0	0.0	0.0	2035-07-05	tropics	6	0.0	0.0	0.0	0.0	0.0	0.0	0.0	GARW	2036-04-01
2035-07-06	tropics	6	1.0808245	1.0917244	1.0704796	1.0881448	1.0738906	1.0849607	1.0769892	2035-07-06	tropics	6	1.0808245	1.0917244	1.0704796	1.0881448	1.0738906	1.0849607	1.0769892	2035-07-06	tropics	6	0.0	0.0	0.0	0.0	0.0	0.0	0.0	2035-07-06	tropics	6	0.0	0.0	0.0	0.0	0.0	0.0	0.0	GARW	2036-04-01
2035-07-07	tropics	6	1.0807343	1.0916612	1.0704015	1.0880892	1.0739254	1.0849061	1.0769467	2035-07-07	tropics	6	1.0807343	1.0916612	1.0704015	1.0880892	1.0739254	1.0849061	1.0769467	2035-07-07	tropics	6	0.0	0.0	0.0	0.0	0.0	0.0	0.0	2035-07-07	tropics	6	0.0	0.0	0.0	0.0	0.0	0.0	0.0	GARW	2036-04-01
2035-07-08	tropics	6	1.0806639	1.0915993	1.0703667	1.0880479	1.0739733	1.0848444	1.0769317	2035-07-08	tropics	6	1.0806639	1.0915993	1.0703667	1.0880479	1.0739733	1.0848444	1.0769317	2035-07-08	tropics	6	0.0	0.0	0.0	0.0	0.0	0.0	0.0	2035-07-08	tropics	6	0.0	0.0	0.0	0.0	0.0	0.0	0.0	GARW	2036-04-01
2035-07-09	tropics	6	1.0806187	1.0915387	1.0703658	1.0879906	1.0739682	1.0848019	1.0768836	2035-07-09	tropics	6	1.0806187	1.0915387	1.0703658	1.0879906	1.0739682	1.0848019	1.0768836	2035-07-09	tropics	6	0.0	0.0	0.0	0.0	0.0	0.0	0.0	2035-07-09	tropics	6	0.0	0.0	0.0	0.0	0.0	0.0	0.0	GARW	2036-04-01
2035-07-10	tropics	6	1.0805542	1.0915054	1.0703161	1.0879942	1.0739306	1.084764	1.0768435	2035-07-10	tropics	6	1.0805542	1.0915054	1.0703161	1.0879942	1.0739306	1.084764	1.0768435	2035-07-10	tropics	6	0.0	0.0	0.0	0.0	0.0	0.0	0.0	2035-07-10	tropics	6	0.0	0.0	0.0	0.0	0.0	0.0	0.0	GARW	2036-04-01
2035-07-11	tropics	6	1.0804594	1.0914214	1.0702653	1.0879759	1.0739021	1.0847404	1.0767608	2035-07-11	tropics	6	1.0804594	1.0914214	1.0702653	1.0879759	1.0739021	1.0847404	1.0767608	2035-07-11	tropics	6	0.0	0.0	0.0	0.0	0.0	0.0	0.0	2035-07-11	tropics	6	0.0	0.0	0.0	0.0	0.0	0.0	0.0	GARW	2036-04-01
2035-07-12	tropics	6	1.0804167	1.0913665	1.070214	1.0879755	1.0738789	1.0847017	1.0767479	2035-07-12	tropics	6	1.0804167	1.0913665	1.070214	1.0879755	1.0738789	1.0847017	1.0767479	2035-07-12	tropics	6	0.0	0.0	0.0	0.0	0.0	0.0	0.0	2035-07-12	tropics	6	0.0	0.0	0.0	0.0	0.0	0.0	0.0	GARW	2036-04-01
2035-07-13	tropics	6	1.0803905	1.0913129	1.070162	1.0879747	1.0738547	1.0846496	1.0767072	2035-07-13	tropics	6	1.0803905	1.0913129	1.070162	1.0879747	1.0738547	1.0846496	1.0767072	2035-07-13	tropics	6	0.0	0.0	0.0	0.0	0.0	0.0	0.0	2035-07-13	tropics	6	0.0	0.0	0.0	0.0	0.0	0.0	0.0	GARW	2036-04-01
2035-07-14	tropics	6	1.0803719	1.0912607	1.0701095	1.0879736	1.0738295	1.0846459	1.076662	2035-07-14	tropics	6	1.0803719	1.0912607	1.0701095	1.0879736	1.0738295	1.0846459	1.076662	2035-07-14	tropics	6	0.0	0.0	0.0	0.0	0.0	0.0	0.0	2035-07-14	tropics	6	0.0	0.0	0.0	0.0	0.0	0.0	0.0	GARW	2036-04-01
2035-07-15	tropics	6	1.0803072	1.0912445	1.0700605	1.0879722	1.0738033	1.0846142	1.0766182	2035-07-15	tropics	6	1.0803072	1.0912445	1.0700605	1.0879722	1.0738033	1.0846142	1.0766182	2035-07-15	tropics	6	0.0	0.0	0.0	0.0	0.0	0.0	0.0	2035-07-15	tropics	6	0.0	0.0	0.0	0.0	0.0	0.0	0.0	GARW	2036-04-01
2035-07-16	tropics	6	1.080243	1.0912458	1.0699999	1.0879701	1.0737822	1.0846372	1.0765705	2035-07-16	tropics	6	1.080243	1.0912458	1.0699999	1.0879701	1.0737822	1.0846372	1.0765705	2035-07-16	tropics	6	0.0	0.0	0.0	0.0	0.0	0.0	0.0	2035-07-16	tropics	6	0.0	0.0	0.0	0.0	0.0	0.0	0.0	GARW	2036-04-01
2035-07-17	tropics	6	1.0801988	1.0912199	1.0699183	1.0879681	1.0737712	1.0845885	1.0764899	2035-07-17	tropics	6	1.0801988	1.0912199	1.0699183	1.0879681	1.0737712	1.0845885	1.0764899	2035-07-17	tropics	6	0.0	0.0	0.0	0.0	0.0	0.0	0.0	2035-07-17	tropics	6	0.0	0.0	0.0	0.0	0.0	0.0	0.0	GARW	2036-04-01
2035-07-18	tropics	6	1.0801451	1.0911199	1.0698363	1.0879279	1.0737745	1.0845122	1.0764048	2035-07-18	tropics	6	1.0801451	1.0911199	1.0698363	1.0879279	1.0737745	1.0845122	1.0764048	2035-07-18	tropics	6	0.0	0.0	0.0	0.0	0.0	0.0	0.0	2035-07-18	tropics	6	0.0	0.0	0.0	0.0	0.0	0.0	0.0	GARW	2036-04-01
2035-07-19	tropics	6	1.0801165	1.0910715	1.069754	1.0878046	1.073747	1.0844676	1.0763819	2035-07-19	tropics	6	1.0801165	1.0910715	1.069754	1.0878046	1.073747	1.0844676	1.0763819	2035-07-19	tropics	6	0.0	0.0	0.0	0.0	0.0	0.0	0.0	2035-07-19	tropics	6	0.0	0.0	0.0	0.0	0.0	0.0	0.0	GARW	2036-04-01
2035-07-20	tropics	6	1.0800931	1.0910168	1.069725	1.0877634	1.0736816	1.0844257	1.0763676	2035-07-20	tropics	6	1.0800931	1.0910168	1.069725	1.0877634	1.0736816	1.0844257	1.0763676	2035-07-20	tropics	6	0.0	0.0	0.0	0.0	0.0	0.0	0.0	2035-07-20	tropics	6	0.0	0.0	0.0	0.0	0.0	0.0	0.0	GARW	2036-04-01
2035-07-21	tropics	6	1.0800484	1.0909485	1.0696737	1.0877421	1.0736289	1.0844207	1.0763263	2035-07-21	tropics	6	1.0800484	1.0909485	1.0696737	1.0877421	1.0736289	1.0844207	1.0763263	2035-07-21	tropics	6	0.0	0.0	0.0	0.0	0.0	0.0	0.0	2035-07-21	tropics	6	0.0	0.0	0.0	0.0	0.0	0.0	0.0	GARW	2036-04-01
2035-07-22	tropics	6	1.0799832	1.0909265	1.0696079	1.0877279	1.0736158	1.0843718	1.0762715	2035-07-22	tropics	6	1.0799832	1.0909265	1.0696079	1.0877279	1.0736158	1.0843718	1.0762715	2035-07-22	tropics	6	0.0	0.0	0.0	0.0	0.0	0.0	0.0	2035-07-22	tropics	6	0.0	0.0	0.0	0.0	0.0	0.0	0.0	GARW	2036-04-01
2035-07-23	tropics	6	1.0798895	1.0909151	1.0695423	1.0877194	1.0736008	1.0843332	1.0762657	2035-07-23	tropics	6	1.0798895	1.0909151	1.0695423	1.0877194	1.0736008	1.0843332	1.0762657	2035-07-23	tropics	6	0.0	0.0	0.0	0.0	0.0	0.0	0.0	2035-07-23	tropics	6	0.0	0.0	0.0	0.0	0.0	0.0	0.0	GARW	2036-04-01
2035-07-24	tropics	6	1.0798314	1.090904	1.0694768	1.0877227	1.0735838	1.0843139	1.0762165	2035-07-24	tropics	6	1.0798314	1.090904	1.0694768	1.0877227	1.0735838	1.0843139	1.0762165	2035-07-24	tropics	6	0.0	0.0	0.0	0.0	0.0	0.0	0.0	2035-07-24	tropics	6	0.0	0.0	0.0	0.0	0.0	0.0	0.0	GARW	2036-04-01
2035-07-25	tropics	6	1.079762	1.0908864	1.0694113	1.0876776	1.0735652	1.0842867	1.0761929	2035-07-25	tropics	6	1.079762	1.0908864	1.0694113	1.0876776	1.0735652	1.0842867	1.0761929	2035-07-25	tropics	6	0.0	0.0	0.0	0.0	0.0	0.0	0.0	2035-07-25	tropics	6	0.0	0.0	0.0	0.0	0.0	0.0	0.0	GARW	2036-04-01
2035-07-26	tropics	6	1.0797043	1.0908253	1.069346	1.0876168	1.0735452	1.0842505	1.0761793	2035-07-26	tropics	6	1.0797043	1.0908253	1.069346	1.0876168	1.0735452	1.0842505	1.0761793	2035-07-26	tropics	6	0.0	0.0	0.0	0.0	0.0	0.0	0.0	2035-07-26	tropics	6	0.0	0.0	0.0	0.0	0.0	0.0	0.0	GARW	2036-04-01
2035-07-27	tropics	6	1.0796523	1.0907675	1.0692806	1.0875545	1.0735235	1.0842339	1.0761346	2035-07-27	tropics	6	1.0796523	1.0907675	1.0692806	1.0875545	1.0735235	1.0842339	1.0761346	2035-07-27	tropics	6	0.0	0.0	0.0	0.0	0.0	0.0	0.0	2035-07-27	tropics	6	0.0	0.0	0.0	0.0	0.0	0.0	0.0	GARW	2036-04-01
2035-07-28	tropics	6	1.0795919	1.0907116	1.0692147	1.0874959	1.0734769	1.0841867	1.0760832	2035-07-28	tropics	6	1.0795919	1.0907116	1.0692147	1.0874959	1.0734769	1.0841867	1.0760832	2035-07-28	tropics	6	0.0	0.0	0.0	0.0	0.0	0.0	0.0	2035-07-28	tropics	6	0.0	0.0	0.0	0.0	0.0	0.0	0.0	GARW	2036-04-01
2035-07-29	tropics	6	1.0795269	1.0906551	1.0691485	1.08744	1.073378	1.084181	1.0760217	2035-07-29	tropics	6	1.0795269	1.0906551	1.0691485	1.08744	1.073378	1.084181	1.0760217	2035-07-29	tropics	6	0.0	0.0	0.0	0.0	0.0	0.0	0.0	2035-07-29	tropics	6	0.0	0.0	0.0	0.0	0.0	0.0	0.0	GARW	2036-04-01
2035-07-30	tropics	6	1.0794473	1.0905983	1.0690827	1.0873873	1.073299	1.0841917	1.0759728	2035-07-30	tropics	6	1.0794473	1.0905983	1.0690827	1.0873873	1.073299	1.0841917	1.0759728	2035-07-30	tropics	6	0.0	0.0	0.0	0.0	0.0	0.0	0.0	2035-07-30	tropics	6	0.0	0.0	0.0	0.0	0.0	0.0	0.0	GARW	2036-04-01
2035-07-31	tropics	6	1.0794094	1.0905683	1.0690172	1.087378	1.073262	1.0841255	1.0759176	2035-07-31	tropics	6	1.0794094	1.0905683	1.0690172	1.087378	1.073262	1.0841255	1.0759176	2035-07-31	tropics	6	0.0	0.0	0.0	0.0	0.0	0.0	0.0	2035-07-31	tropics	6	0.0	0.0	0.0	0.0	0.0	0.0	0.0	GARW	2036-04-01
2035-08-01	tropics	6	1.0793555	1.0905511	1.0689518	1.0873818	1.0732018	1.084042	1.0759101	2035-08-01	tropics	6	1.0793555	1.0905511	1.0689518	1.0873818	1.0732018	1.084042	1.0759101	2035-08-01	tropics	6	0.0	0.0	0.0	0.0	0.0	0.0	0.0	2035-08-01	tropics	6	0.0	0.0	0.0	0.0	0.0	0.0	0.0	GARW	2036-04-01
2035-08-02	tropics	6	1.0793161	1.0905348	1.0688868	1.0873895	1.07316	1.0839587	1.0758722	2035-08-02	tropics	6	1.0793161	1.0905348	1.0688868	1.0873895	1.07316	1.0839587	1.0758722	2035-08-02	tropics	6	0.0	0.0	0.0	0.0	0.0	0.0	0.0	2035-08-02	tropics	6	0.0	0.0	0.0	0.0	0.0	0.0	0.0	GARW	2036-04-01
2035-08-03	tropics	6	1.0793135	1.0905192	1.0688219	1.0873628	1.0730615	1.0838839	1.0758442	2035-08-03	tropics	6	1.0793135	1.0905192	1.0688219	1.0873628	1.0730615	1.0838839	1.0758442	2035-08-03	tropics	6	0.0	0.0	0.0	0.0	0.0	0.0	0.0	2035-08-03	tropics	6	0.0	0.0	0.0	0.0	0.0	0.0	0.0	GARW	2036-04-01
2035-08-04	tropics	6	1.0792687	1.0905043	1.0687575	1.08732	1.072947	1.0838286	1.0758368	2035-08-04	tropics	6	1.0792687	1.0905043	1.0687575	1.08732	1.072947	1.0838286	1.0758368	2035-08-04	tropics	6	0.0	0.0	0.0	0.0	0.0	0.0	0.0	2035-08-04	tropics	6	0.0	0.0	0.0	0.0	0.0	0.0	0.0	GARW	2036-04-01
2035-08-05	tropics	6	1.0792161	1.0904899	1.0686935	1.0871981	1.0728668	1.0838232	1.0758094	2035-08-05	tropics	6	1.0792161	1.0904899	1.0686935	1.0871981	1.0728668	1.0838232	1.0758094	2035-08-05	tropics	6	0.0	0.0	0.0	0.0	0.0	0.0	0.0	2035-08-05	tropics	6	0.0	0.0	0.0	0.0	0.0	0.0	0.0	GARW	2036-04-01
2035-08-06	tropics	6	1.0791947	1.0904737	1.0686299	1.0871209	1.0728562	1.0837778	1.0758024	2035-08-06	tropics	6	1.0791947	1.0904737	1.0686299	1.0871209	1.0728562	1.0837778	1.0758024	2035-08-06	tropics	6	0.0	0.0	0.0	0.0	0.0	0.0	0.0	2035-08-06	tropics	6	0.0	0.0	0.0	0.0	0.0	0.0	0.0	GARW	2036-04-01
2035-08-07	tropics	6	1.07915	1.0904584	1.0685669	1.0871111	1.0728515	1.0837209	1.0758033	2035-08-07	tropics	6	1.07915	1.0904584	1.0685669	1.0871111	1.0728515	1.0837209	1.0758033	2035-08-07	tropics	6	0.0	0.0	0.0	0.0	0.0	0.0	0.0	2035-08-07	tropics	6	0.0	0.0	0.0	0.0	0.0	0.0	0.0	GARW	2036-04-01
2035-08-08	tropics	6	1.0791197	1.0904328	1.0685046	1.0871323	1.0728526	1.083663	1.0757948	2035-08-08	tropics	6	1.0791197	1.0904328	1.0685046	1.0871323	1.0728526	1.083663	1.0757948	2035-08-08	tropics	6	0.0	0.0	0.0	0.0	0.0	0.0	0.0	2035-08-08	tropics	6	0.0	0.0	0.0	0.0	0.0	0.0	0.0	GARW	2036-04-01
2035-08-09	tropics	6	1.0790757	1.090393	1.068443	1.0871546	1.0728524	1.0836213	1.075783	2035-08-09	tropics	6	1.0790757	1.090393	1.068443	1.0871546	1.0728524	1.0836213	1.075783	2035-08-09	tropics	6	0.0	0.0	0.0	0.0	0.0	0.0	0.0	2035-08-09	tropics	6	0.0	0.0	0.0	0.0	0.0	0.0	0.0	GARW	2036-04-01
2035-08-10	tropics	6	1.079032	1.0903518	1.0684012	1.0871208	1.0728511	1.0835767	1.0757481	2035-08-10	tropics	6	1.079032	1.0903518	1.0684012	1.0871208	1.0728511	1.0835767	1.0757481	2035-08-10	tropics	6	0.0	0.0	0.0	0.0	0.0	0.0	0.0	2035-08-10	tropics	6	0.0	0.0	0.0	0.0	0.0	0.0	0.0	GARW	2036-04-01
2035-08-11	tropics	6	1.0790236	1.0903093	1.0683602	1.0870537	1.0728488	1.0835294	1.0757287	2035-08-11	tropics	6	1.0790236	1.0903093	1.0683602	1.0870537	1.0728488	1.0835294	1.0757287	2035-08-11	tropics	6	0.0	0.0	0.0	0.0	0.0	0.0	0.0	2035-08-11	tropics	6	0.0	0.0	0.0	0.0	0.0	0.0	0.0	GARW	2036-04-01
2035-08-12	tropics	6	1.0790126	1.0902655	1.0683192	1.0869886	1.072834	1.0834794	1.0757442	2035-08-12	tropics	6	1.0790126	1.0902655	1.0683192	1.0869886	1.072834	1.0834794	1.0757442	2035-08-12	tropics	6	0.0	0.0	0.0	0.0	0.0	0.0	0.0	2035-08-12	tropics	6	0.0	0.0	0.0	0.0	0.0	0.0	0.0	GARW	2036-04-01
2035-08-13	tropics	6	1.0790117	1.0902205	1.0682783	1.0869263	1.0727967	1.083509	1.0756999	2035-08-13	tropics	6	1.0790117	1.0902205	1.0682783	1.0869263	1.0727967	1.083509	1.0756999	2035-08-13	tropics	6	0.0	0.0	0.0	0.0	0.0	0.0	0.0	2035-08-13	tropics	6	0.0	0.0	0.0	0.0	0.0	0.0	0.0	GARW	2036-04-01
2035-08-14	tropics	6	1.078973	1.0901741	1.0682373	1.0868977	1.0727637	1.083485	1.0756931	2035-08-14	tropics	6	1.078973	1.0901741	1.0682373	1.0868977	1.0727637	1.083485	1.0756931	2035-08-14	tropics	6	0.0	0.0	0.0	0.0	0.0	0.0	0.0	2035-08-14	tropics	6	0.0	0.0	0.0	0.0	0.0	0.0	0.0	GARW	2036-04-01
2035-08-15	tropics	6	1.078911	1.0901263	1.0681915	1.0868791	1.0727248	1.083442	1.0756459	2035-08-15	tropics	6	1.078911	1.0901263	1.0681915	1.0868791	1.0727248	1.083442	1.0756459	2035-08-15	tropics	6	0.0	0.0	0.0	0.0	0.0	0.0	0.0	2035-08-15	tropics	6	0.0	0.0	0.0	0.0	0.0	0.0	0.0	GARW	2036-04-01
2035-08-16	tropics	6	1.0788317	1.0900772	1.0681363	1.0868095	1.0726861	1.0834123	1.0755625	2035-08-16	tropics	6	1.0788317	1.0900772	1.0681363	1.0868095	1.0726861	1.0834123	1.0755625	2035-08-16	tropics	6	0.0	0.0	0.0	0.0	0.0	0.0	0.0	2035-08-16	tropics	6	0.0	0.0	0.0	0.0	0.0	0.0	0.0	GARW	2036-04-01
2035-08-17	tropics	6	1.0787657	1.0900267	1.0680933	1.0867716	1.0726384	1.083406	1.0755386	2035-08-17	tropics	6	1.0787657	1.0900267	1.0680933	1.0867716	1.0726384	1.083406	1.0755386	2035-08-17	tropics	6	0.0	0.0	0.0	0.0	0.0	0.0	0.0	2035-08-17	tropics	6	0.0	0.0	0.0	0.0	0.0	0.0	0.0	GARW	2036-04-01
2035-08-18	tropics	6	1.0786998	1.0899749	1.0680604	1.086784	1.0725865	1.0833548	1.075486	2035-08-18	tropics	6	1.0786998	1.0899749	1.0680604	1.086784	1.0725865	1.0833548	1.075486	2035-08-18	tropics	6	0.0	0.0	0.0	0.0	0.0	0.0	0.0	2035-08-18	tropics	6	0.0	0.0	0.0	0.0	0.0	0.0	0.0	GARW	2036-04-01
2035-08-19	tropics	6	1.0786582	1.0899216	1.0680277	1.0867968	1.0725579	1.0832655	1.0754505	2035-08-19	tropics	6	1.0786582	1.0899216	1.0680277	1.0867968	1.0725579	1.0832655	1.0754505	2035-08-19	tropics	6	0.0	0.0	0.0	0.0	0.0	0.0	0.0	2035-08-19	tropics	6	0.0	0.0	0.0	0.0	0.0	0.0	0.0	GARW	2036-04-01
2035-08-20	tropics	6	1.0786307	1.089867	1.0679966	1.0867983	1.0725486	1.0832198	1.0754344	2035-08-20	tropics	6	1.0786307	1.089867	1.0679966	1.0867983	1.0725486	1.0832198	1.0754344	2035-08-20	tropics	6	0.0	0.0	0.0	0.0	0.0	0.0	0.0	2035-08-20	tropics	6	0.0	0.0	0.0	0.0	0.0	0.0	0.0	GARW	2036-04-01
2035-08-21	tropics	6	1.0786377	1.089811	1.0679672	1.0867338	1.0725088	1.0831783	1.0754223	2035-08-21	tropics	6	1.0786377	1.089811	1.0679672	1.0867338	1.0725088	1.0831783	1.0754223	2035-08-21	tropics	6	0.0	0.0	0.0	0.0	0.0	0.0	0.0	2035-08-21	tropics	6	0.0	0.0	0.0	0.0	0.0	0.0	0.0	GARW	2036-04-01
2035-08-22	tropics	6	1.0785898	1.089755	1.0679264	1.0866649	1.0724688	1.0831461	1.075409	2035-08-22	tropics	6	1.0785898	1.089755	1.0679264	1.0866649	1.0724688	1.0831461	1.075409	2035-08-22	tropics	6	0.0	0.0	0.0	0.0	0.0	0.0	0.0	2035-08-22	tropics	6	0.0	0.0	0.0	0.0	0.0	0.0	0.0	GARW	2036-04-01
2035-08-23	tropics	6	1.0785342	1.0896996	1.0678644	1.0865934	1.0724312	1.0830886	1.0753726	2035-08-23	tropics	6	1.0785342	1.0896996	1.0678644	1.0865934	1.0724312	1.0830886	1.0753726	2035-08-23	tropics	6	0.0	0.0	0.0	0.0	0.0	0.0	0.0	2035-08-23	tropics	6	0.0	0.0	0.0	0.0	0.0	0.0	0.0	GARW	2036-04-01
2035-08-24	tropics	6	1.0784748	1.0896429	1.0678034	1.086521	1.0723974	1.0830358	1.0753207	2035-08-24	tropics	6	1.0784748	1.0896429	1.0678034	1.086521	1.0723974	1.0830358	1.0753207	2035-08-24	tropics	6	0.0	0.0	0.0	0.0	0.0	0.0	0.0	2035-08-24	tropics	6	0.0	0.0	0.0	0.0	0.0	0.0	0.0	GARW	2036-04-01
2035-08-25	tropics	6	1.0784233	1.0895846	1.0677419	1.0864478	1.0723633	1.0829589	1.0752902	2035-08-25	tropics	6	1.0784233	1.0895846	1.0677419	1.0864478	1.0723633	1.0829589	1.0752902	2035-08-25	tropics	6	0.0	0.0	0.0	0.0	0.0	0.0	0.0	2035-08-25	tropics	6	0.0	0.0	0.0	0.0	0.0	0.0	0.0	GARW	2036-04-01
2035-08-26	tropics	6	1.0783987	1.0895249	1.0676808	1.0863733	1.072329	1.082913	1.0752547	2035-08-26	tropics	6	1.0783987	1.0895249	1.0676808	1.0863733	1.072329	1.082913	1.0752547	2035-08-26	tropics	6	0.0	0.0	0.0	0.0	0.0	0.0	0.0	2035-08-26	tropics	6	0.0	0.0	0.0	0.0	0.0	0.0	0.0	GARW	2036-04-01
2035-08-27	tropics	6	1.0783474	1.0895292	1.067643	1.0863798	1.0722947	1.0828972	1.0752004	2035-08-27	tropics	6	1.0783474	1.0895292	1.067643	1.0863798	1.0722947	1.0828972	1.0752004	2035-08-27	tropics	6	0.0	0.0	0.0	0.0	0.0	0.0	0.0	2035-08-27	tropics	6	0.0	0.0	0.0	0.0	0.0	0.0	0.0	GARW	2036-04-01
2035-08-28	tropics	6	1.0782721	1.0895234	1.0676415	1.0863705	1.072241	1.0829003	1.0752078	2035-08-28	tropics	6	1.0782721	1.0895234	1.0676415	1.0863705	1.072241	1.0829003	1.0752078	2035-08-28	tropics	6	0.0	0.0	0.0	0.0	0.0	0.0	0.0	2035-08-28	tropics	6	0.0	0.0	0.0	0.0	0.0	0.0	0.0	GARW	2036-04-01
2035-08-29	tropics	6	1.078258	1.0895069	1.0676394	1.0863036	1.072176	1.0829239	1.0752096	2035-08-29	tropics	6	1.078258	1.0895069	1.0676394	1.0863036	1.072176	1.0829239	1.0752096	2035-08-29	tropics	6	0.0	0.0	0.0	0.0	0.0	0.0	0.0	2035-08-29	tropics	6	0.0	0.0	0.0	0.0	0.0	0.0	0.0	GARW	2036-04-01
2035-08-30	tropics	6	1.0781989	1.0894964	1.0676374	1.0862379	1.0721017	1.0828469	1.0751741	2035-08-30	tropics	6	1.0781989	1.0894964	1.0676374	1.0862379	1.0721017	1.0828469	1.0751741	2035-08-30	tropics	6	0.0	0.0	0.0	0.0	0.0	0.0	0.0	2035-08-30	tropics	6	0.0	0.0	0.0	0.0	0.0	0.0	0.0	GARW	2036-04-01
2035-08-31	tropics	6	1.0781511	1.0894457	1.067637	1.0861684	1.0720948	1.0827644	1.0751463	2035-08-31	tropics	6	1.0781511	1.0894457	1.067637	1.0861684	1.0720948	1.0827644	1.0751463	2035-08-31	tropics	6	0.0	0.0	0.0	0.0	0.0	0.0	0.0	2035-08-31	tropics	6	0.0	0.0	0.0	0.0	0.0	0.0	0.0	GARW	2036-04-01
2035-09-01	tropics	6	1.0781294	1.0893927	1.0676378	1.0861436	1.0721009	1.0827333	1.0750957	2035-09-01	tropics	6	1.0781294	1.0893927	1.0676378	1.0861436	1.0721009	1.0827333	1.0750957	2035-09-01	tropics	6	0.0	0.0	0.0	0.0	0.0	0.0	0.0	2035-09-01	tropics	6	0.0	0.0	0.0	0.0	0.0	0.0	0.0	GARW	2036-04-01
2035-09-02	tropics	6	1.0781064	1.0893399	1.0676398	1.0861267	1.0720645	1.0827198	1.0750468	2035-09-02	tropics	6	1.0781064	1.0893399	1.0676398	1.0861267	1.0720645	1.0827198	1.0750468	2035-09-02	tropics	6	0.0	0.0	0.0	0.0	0.0	0.0	0.0	2035-09-02	tropics	6	0.0	0.0	0.0	0.0	0.0	0.0	0.0	GARW	2036-04-01
2035-09-03	tropics	6	1.0780597	1.089287	1.0676471	1.0861211	1.0720282	1.0827307	1.0750146	2035-09-03	tropics	6	1.0780597	1.089287	1.0676471	1.0861211	1.0720282	1.0827307	1.0750146	2035-09-03	tropics	6	0.0	0.0	0.0	0.0	0.0	0.0	0.0	2035-09-03	tropics	6	0.0	0.0	0.0	0.0	0.0	0.0	0.0	GARW	2036-04-01
2035-09-04	tropics	6	1.0780566	1.0892414	1.0676398	1.0861154	1.0719917	1.0826952	1.0750073	2035-09-04	tropics	6	1.0780566	1.0892414	1.0676398	1.0861154	1.0719917	1.0826952	1.0750073	2035-09-04	tropics	6	0.0	0.0	0.0	0.0	0.0	0.0	0.0	2035-09-04	tropics	6	0.0	0.0	0.0	0.0	0.0	0.0	0.0	GARW	2036-04-01
2035-09-05	tropics	6	1.0780486	1.0892406	1.0676346	1.0861058	1.0719552	1.0826322	1.0749954	2035-09-05	tropics	6	1.0780486	1.0892406	1.0676346	1.0861058	1.0719552	1.0826322	1.0749954	2035-09-05	tropics	6	0.0	0.0	0.0	0.0	0.0	0.0	0.0	2035-09-05	tropics	6	0.0	0.0	0.0	0.0	0.0	0.0	0.0	GARW	2036-04-01
2035-09-06	tropics	6	1.0780098	1.0892372	1.0676131	1.0860926	1.0719186	1.0825691	1.0750126	2035-09-06	tropics	6	1.0780098	1.0892372	1.0676131	1.0860926	1.0719186	1.0825691	1.0750126	2035-09-06	tropics	6	0.0	0.0	0.0	0.0	0.0	0.0	0.0	2035-09-06	tropics	6	0.0	0.0	0.0	0.0	0.0	0.0	0.0	GARW	2036-04-01
2035-09-07	tropics	6	1.0779829	1.0892406	1.0675876	1.08608	1.071882	1.0825094	1.0749776	2035-09-07	tropics	6	1.0779829	1.0892406	1.0675876	1.08608	1.071882	1.0825094	1.0749776	2035-09-07	tropics	6	0.0	0.0	0.0	0.0	0.0	0.0	0.0	2035-09-07	tropics	6	0.0	0.0	0.0	0.0	0.0	0.0	0.0	GARW	2036-04-01
2035-09-08	tropics	6	1.0779914	1.0892773	1.0675642	1.0860677	1.0718453	1.0824947	1.0749722	2035-09-08	tropics	6	1.0779914	1.0892773	1.0675642	1.0860677	1.0718453	1.0824947	1.0749722	2035-09-08	tropics	6	0.0	0.0	0.0	0.0	0.0	0.0	0.0	2035-09-08	tropics	6	0.0	0.0	0.0	0.0	0.0	0.0	0.0	GARW	2036-04-01
2035-09-09	tropics	6	1.0779972	1.0892497	1.0675386	1.0860547	1.0718083	1.0824828	1.0749862	2035-09-09	tropics	6	1.0779972	1.0892497	1.0675386	1.0860547	1.0718083	1.0824828	1.0749862	2035-09-09	tropics	6	0.0	0.0	0.0	0.0	0.0	0.0	0.0	2035-09-09	tropics	6	0.0	0.0	0.0	0.0	0.0	0.0	0.0	GARW	2036-04-01
2035-09-10	tropics	6	1.0780296	1.0892603	1.0675151	1.086092	1.07177	1.0824556	1.0749896	2035-09-10	tropics	6	1.0780296	1.0892603	1.0675151	1.086092	1.07177	1.0824556	1.0749896	2035-09-10	tropics	6	0.0	0.0	0.0	0.0	0.0	0.0	0.0	2035-09-10	tropics	6	0.0	0.0	0.0	0.0	0.0	0.0	0.0	GARW	2036-04-01
2035-09-11	tropics	6	1.0780525	1.0892283	1.0674942	1.0860593	1.0717267	1.0824517	1.0749705	2035-09-11	tropics	6	1.0780525	1.0892283	1.0674942	1.0860593	1.0717267	1.0824517	1.0749705	2035-09-11	tropics	6	0.0	0.0	0.0	0.0	0.0	0.0	0.0	2035-09-11	tropics	6	0.0	0.0	0.0	0.0	0.0	0.0	0.0	GARW	2036-04-01
2035-09-12	tropics	6	1.0780305	1.089199	1.0674846	1.0860244	1.0716836	1.0824429	1.0749638	2035-09-12	tropics	6	1.0780305	1.089199	1.0674846	1.0860244	1.0716836	1.0824429	1.0749638	2035-09-12	tropics	6	0.0	0.0	0.0	0.0	0.0	0.0	0.0	2035-09-12	tropics	6	0.0	0.0	0.0	0.0	0.0	0.0	0.0	GARW	2036-04-01
2035-09-13	tropics	6	1.0780299	1.0891722	1.0674732	1.0859816	1.0716407	1.0824426	1.0749391	2035-09-13	tropics	6	1.0780299	1.0891722	1.0674732	1.0859816	1.0716407	1.0824426	1.0749391	2035-09-13	tropics	6	0.0	0.0	0.0	0.0	0.0	0.0	0.0	2035-09-13	tropics	6	0.0	0.0	0.0	0.0	0.0	0.0	0.0	GARW	2036-04-01
2035-09-14	tropics	6	1.0780351	1.0891852	1.067463	1.0859581	1.0715983	1.0824456	1.074956	2035-09-14	tropics	6	1.0780351	1.0891852	1.067463	1.0859581	1.0715983	1.0824456	1.074956	2035-09-14	tropics	6	0.0	0.0	0.0	0.0	0.0	0.0	0.0	2035-09-14	tropics	6	0.0	0.0	0.0	0.0	0.0	0.0	0.0	GARW	2036-04-01
2035-09-15	tropics	6	1.0780294	1.0892278	1.0674539	1.0859576	1.071556	1.0824497	1.0749768	2035-09-15	tropics	6	1.0780294	1.0892278	1.0674539	1.0859576	1.071556	1.0824497	1.0749768	2035-09-15	tropics	6	0.0	0.0	0.0	0.0	0.0	0.0	0.0	2035-09-15	tropics	6	0.0	0.0	0.0	0.0	0.0	0.0	0.0	GARW	2036-04-01
2035-09-16	tropics	6	1.0780218	1.0892661	1.0674458	1.0860022	1.0715156	1.0824184	1.0749624	2035-09-16	tropics	6	1.0780218	1.0892661	1.0674458	1.0860022	1.0715156	1.0824184	1.0749624	2035-09-16	tropics	6	0.0	0.0	0.0	0.0	0.0	0.0	0.0	2035-09-16	tropics	6	0.0	0.0	0.0	0.0	0.0	0.0	0.0	GARW	2036-04-01
2035-09-17	tropics	6	1.0780007	1.0892849	1.0674386	1.0860019	1.0714811	1.0823979	1.0749645	2035-09-17	tropics	6	1.0780007	1.0892849	1.0674386	1.0860019	1.0714811	1.0823979	1.0749645	2035-09-17	tropics	6	0.0	0.0	0.0	0.0	0.0	0.0	0.0	2035-09-17	tropics	6	0.0	0.0	0.0	0.0	0.0	0.0	0.0	GARW	2036-04-01
2035-09-18	tropics	6	1.077977	1.0893008	1.0674323	1.0859987	1.0714471	1.0823698	1.0749758	2035-09-18	tropics	6	1.077977	1.0893008	1.0674323	1.0859987	1.0714471	1.0823698	1.0749758	2035-09-18	tropics	6	0.0	0.0	0.0	0.0	0.0	0.0	0.0	2035-09-18	tropics	6	0.0	0.0	0.0	0.0	0.0	0.0	0.0	GARW	2036-04-01
2035-09-19	tropics	6	1.0779556	1.0892389	1.067427	1.0860133	1.0714139	1.0823436	1.0749329	2035-09-19	tropics	6	1.0779556	1.0892389	1.067427	1.0860133	1.0714139	1.0823436	1.0749329	2035-09-19	tropics	6	0.0	0.0	0.0	0.0	0.0	0.0	0.0	2035-09-19	tropics	6	0.0	0.0	0.0	0.0	0.0	0.0	0.0	GARW	2036-04-01
2035-09-20	tropics	6	1.0779545	1.0891734	1.0674225	1.086048	1.0714554	1.0823092	1.0749314	2035-09-20	tropics	6	1.0779545	1.0891734	1.0674225	1.086048	1.0714554	1.0823092	1.0749314	2035-09-20	tropics	6	0.0	0.0	0.0	0.0	0.0	0.0	0.0	2035-09-20	tropics	6	0.0	0.0	0.0	0.0	0.0	0.0	0.0	GARW	2036-04-01
2035-09-21	tropics	6	1.0779732	1.0891061	1.0674188	1.0860275	1.0714692	1.0822943	1.0749007	2035-09-21	tropics	6	1.0779732	1.0891061	1.0674188	1.0860275	1.0714692	1.0822943	1.0749007	2035-09-21	tropics	6	0.0	0.0	0.0	0.0	0.0	0.0	0.0	2035-09-21	tropics	6	0.0	0.0	0.0	0.0	0.0	0.0	0.0	GARW	2036-04-01
2035-09-22	tropics	6	1.0779605	1.0890348	1.067416	1.0859995	1.0714645	1.0822666	1.0749502	2035-09-22	tropics	6	1.0779605	1.0890348	1.067416	1.0859995	1.0714645	1.0822666	1.0749502	2035-09-22	tropics	6	0.0	0.0	0.0	0.0	0.0	0.0	0.0	2035-09-22	tropics	6	0.0	0.0	0.0	0.0	0.0	0.0	0.0	GARW	2036-04-01
2035-09-23	tropics	6	1.077976	1.0889825	1.0674137	1.0860013	1.0714266	1.0822057	1.0749755	2035-09-23	tropics	6	1.077976	1.0889825	1.0674137	1.0860013	1.0714266	1.0822057	1.0749755	2035-09-23	tropics	6	0.0	0.0	0.0	0.0	0.0	0.0	0.0	2035-09-23	tropics	6	0.0	0.0	0.0	0.0	0.0	0.0	0.0	GARW	2036-04-01
2035-09-24	tropics	6	1.0779786	1.0889815	1.0674121	1.0860031	1.0713884	1.0821795	1.074968	2035-09-24	tropics	6	1.0779786	1.0889815	1.0674121	1.0860031	1.0713884	1.0821795	1.074968	2035-09-24	tropics	6	0.0	0.0	0.0	0.0	0.0	0.0	0.0	2035-09-24	tropics	6	0.0	0.0	0.0	0.0	0.0	0.0	0.0	GARW	2036-04-01
2035-09-25	tropics	6	1.0779727	1.0889813	1.0674113	1.0859978	1.0713435	1.082138	1.0749724	2035-09-25	tropics	6	1.0779727	1.0889813	1.0674113	1.0859978	1.0713435	1.082138	1.0749724	2035-09-25	tropics	6	0.0	0.0	0.0	0.0	0.0	0.0	0.0	2035-09-25	tropics	6	0.0	0.0	0.0	0.0	0.0	0.0	0.0	GARW	2036-04-01
2035-09-26	tropics	6	1.0779772	1.0889642	1.0673978	1.0859847	1.0713007	1.0820982	1.0750036	2035-09-26	tropics	6	1.0779772	1.0889642	1.0673978	1.0859847	1.0713007	1.0820982	1.0750036	2035-09-26	tropics	6	0.0	0.0	0.0	0.0	0.0	0.0	0.0	2035-09-26	tropics	6	0.0	0.0	0.0	0.0	0.0	0.0	0.0	GARW	2036-04-01
2035-09-27	tropics	6	1.077974	1.0889302	1.0673642	1.0858996	1.0712606	1.0821054	1.0749835	2035-09-27	tropics	6	1.077974	1.0889302	1.0673642	1.0858996	1.0712606	1.0821054	1.0749835	2035-09-27	tropics	6	0.0	0.0	0.0	0.0	0.0	0.0	0.0	2035-09-27	tropics	6	0.0	0.0	0.0	0.0	0.0	0.0	0.0	GARW	2036-04-01
2035-09-28	tropics	6	1.0779423	1.0889107	1.0673311	1.0858287	1.0712839	1.0820853	1.0749669	2035-09-28	tropics	6	1.0779423	1.0889107	1.0673311	1.0858287	1.0712839	1.0820853	1.0749669	2035-09-28	tropics	6	0.0	0.0	0.0	0.0	0.0	0.0	0.0	2035-09-28	tropics	6	0.0	0.0	0.0	0.0	0.0	0.0	0.0	GARW	2036-04-01
2035-09-29	tropics	6	1.0779335	1.0889466	1.0673283	1.0857937	1.0712714	1.0820987	1.0749542	2035-09-29	tropics	6	1.0779335	1.0889466	1.0673283	1.0857937	1.0712714	1.0820987	1.0749542	2035-09-29	tropics	6	0.0	0.0	0.0	0.0	0.0	0.0	0.0	2035-09-29	tropics	6	0.0	0.0	0.0	0.0	0.0	0.0	0.0	GARW	2036-04-01
2035-09-30	tropics	6	1.0779014	1.0889838	1.0673364	1.0857078	1.0712864	1.0820892	1.074923	2035-09-30	tropics	6	1.0779014	1.0889838	1.0673364	1.0857078	1.0712864	1.0820892	1.074923	2035-09-30	tropics	6	0.0	0.0	0.0	0.0	0.0	0.0	0.0	2035-09-30	tropics	6	0.0	0.0	0.0	0.0	0.0	0.0	0.0	GARW	2036-04-01
2035-10-01	tropics	6	1.0778848	1.0890223	1.0673429	1.0856233	1.0712583	1.0821033	1.0748868	2035-10-01	tropics	6	1.0778848	1.0890223	1.0673429	1.0856233	1.0712583	1.0821033	1.0748868	2035-10-01	tropics	6	0.0	0.0	0.0	0.0	0.0	0.0	0.0	2035-10-01	tropics	6	0.0	0.0	0.0	0.0	0.0	0.0	0.0	GARW	2036-04-01
2035-10-02	tropics	6	1.0778672	1.089062	1.0673492	1.0856248	1.0712314	1.0820873	1.0748875	2035-10-02	tropics	6	1.0778672	1.089062	1.0673492	1.0856248	1.0712314	1.0820873	1.0748875	2035-10-02	tropics	6	0.0	0.0	0.0	0.0	0.0	0.0	0.0	2035-10-02	tropics	6	0.0	0.0	0.0	0.0	0.0	0.0	0.0	GARW	2036-04-01
2035-10-03	tropics	6	1.0778482	1.0891029	1.0673556	1.0856953	1.0712073	1.0820891	1.0748601	2035-10-03	tropics	6	1.0778482	1.0891029	1.0673556	1.0856953	1.0712073	1.0820891	1.0748601	2035-10-03	tropics	6	0.0	0.0	0.0	0.0	0.0	0.0	0.0	2035-10-03	tropics	6	0.0	0.0	0.0	0.0	0.0	0.0	0.0	GARW	2036-04-01
2035-10-04	tropics	6	1.0778282	1.0891318	1.0673621	1.0856864	1.0711929	1.0820955	1.0748477	2035-10-04	tropics	6	1.0778282	1.0891318	1.0673621	1.0856864	1.0711929	1.0820955	1.0748477	2035-10-04	tropics	6	0.0	0.0	0.0	0.0	0.0	0.0	0.0	2035-10-04	tropics	6	0.0	0.0	0.0	0.0	0.0	0.0	0.0	GARW	2036-04-01
2035-10-05	tropics	6	1.0777847	1.0890907	1.0673685	1.0856544	1.0711797	1.0820897	1.0748262	2035-10-05	tropics	6	1.0777847	1.0890907	1.0673685	1.0856544	1.0711797	1.0820897	1.0748262	2035-10-05	tropics	6	0.0	0.0	0.0	0.0	0.0	0.0	0.0	2035-10-05	tropics	6	0.0	0.0	0.0	0.0	0.0	0.0	0.0	GARW	2036-04-01
2035-10-06	tropics	6	1.0777802	1.0890378	1.0673748	1.0855807	1.0711684	1.0820332	1.074788	2035-10-06	tropics	6	1.0777802	1.0890378	1.0673748	1.0855807	1.0711684	1.0820332	1.074788	2035-10-06	tropics	6	0.0	0.0	0.0	0.0	0.0	0.0	0.0	2035-10-06	tropics	6	0.0	0.0	0.0	0.0	0.0	0.0	0.0	GARW	2036-04-01
2035-10-07	tropics	6	1.0777792	1.0889846	1.067381	1.0855416	1.0711558	1.0819669	1.0747516	2035-10-07	tropics	6	1.0777792	1.0889846	1.067381	1.0855416	1.0711558	1.0819669	1.0747516	2035-10-07	tropics	6	0.0	0.0	0.0	0.0	0.0	0.0	0.0	2035-10-07	tropics	6	0.0	0.0	0.0	0.0	0.0	0.0	0.0	GARW	2036-04-01
2035-10-08	tropics	6	1.0777428	1.0889311	1.067387	1.0855361	1.0711137	1.0819097	1.0747335	2035-10-08	tropics	6	1.0777428	1.0889311	1.067387	1.0855361	1.0711137	1.0819097	1.0747335	2035-10-08	tropics	6	0.0	0.0	0.0	0.0	0.0	0.0	0.0	2035-10-08	tropics	6	0.0	0.0	0.0	0.0	0.0	0.0	0.0	GARW	2036-04-01
2035-10-09	tropics	6	1.0777249	1.0888777	1.0673925	1.0855296	1.0710738	1.0818653	1.074715	2035-10-09	tropics	6	1.0777249	1.0888777	1.0673925	1.0855296	1.0710738	1.0818653	1.074715	2035-10-09	tropics	6	0.0	0.0	0.0	0.0	0.0	0.0	0.0	2035-10-09	tropics	6	0.0	0.0	0.0	0.0	0.0	0.0	0.0	GARW	2036-04-01
2035-10-10	tropics	6	1.0777345	1.0888364	1.0674161	1.0855253	1.0710533	1.0818623	1.0747044	2035-10-10	tropics	6	1.0777345	1.0888364	1.0674161	1.0855253	1.0710533	1.0818623	1.0747044	2035-10-10	tropics	6	0.0	0.0	0.0	0.0	0.0	0.0	0.0	2035-10-10	tropics	6	0.0	0.0	0.0	0.0	0.0	0.0	0.0	GARW	2036-04-01
2035-10-11	tropics	6	1.0777545	1.088824	1.0674428	1.0855204	1.071036	1.0818648	1.0747098	2035-10-11	tropics	6	1.0777545	1.088824	1.0674428	1.0855204	1.071036	1.0818648	1.0747098	2035-10-11	tropics	6	0.0	0.0	0.0	0.0	0.0	0.0	0.0	2035-10-11	tropics	6	0.0	0.0	0.0	0.0	0.0	0.0	0.0	GARW	2036-04-01
2035-10-12	tropics	6	1.0777893	1.0888106	1.0674694	1.0854924	1.0710205	1.0818529	1.0747517	2035-10-12	tropics	6	1.0777893	1.0888106	1.0674694	1.0854924	1.0710205	1.0818529	1.0747517	2035-10-12	tropics	6	0.0	0.0	0.0	0.0	0.0	0.0	0.0	2035-10-12	tropics	6	0.0	0.0	0.0	0.0	0.0	0.0	0.0	GARW	2036-04-01
2035-10-13	tropics	6	1.0778046	1.088796	1.0674955	1.0854504	1.0709981	1.0818324	1.0747676	2035-10-13	tropics	6	1.0778046	1.088796	1.0674955	1.0854504	1.0709981	1.0818324	1.0747676	2035-10-13	tropics	6	0.0	0.0	0.0	0.0	0.0	0.0	0.0	2035-10-13	tropics	6	0.0	0.0	0.0	0.0	0.0	0.0	0.0	GARW	2036-04-01
2035-10-14	tropics	6	1.0778329	1.0887833	1.0675212	1.0854893	1.0709379	1.0818622	1.0747416	2035-10-14	tropics	6	1.0778329	1.0887833	1.0675212	1.0854893	1.0709379	1.0818622	1.0747416	2035-10-14	tropics	6	0.0	0.0	0.0	0.0	0.0	0.0	0.0	2035-10-14	tropics	6	0.0	0.0	0.0	0.0	0.0	0.0	0.0	GARW	2036-04-01
2035-10-15	tropics	6	1.0778422	1.0887697	1.0675464	1.08544	1.0709434	1.081919	1.0747237	2035-10-15	tropics	6	1.0778422	1.0887697	1.0675464	1.08544	1.0709434	1.081919	1.0747237	2035-10-15	tropics	6	0.0	0.0	0.0	0.0	0.0	0.0	0.0	2035-10-15	tropics	6	0.0	0.0	0.0	0.0	0.0	0.0	0.0	GARW	2036-04-01
2035-10-16	tropics	6	1.0778606	1.088755	1.0675708	1.0854753	1.0709815	1.0819468	1.0747203	2035-10-16	tropics	6	1.0778606	1.088755	1.0675708	1.0854753	1.0709815	1.0819468	1.0747203	2035-10-16	tropics	6	0.0	0.0	0.0	0.0	0.0	0.0	0.0	2035-10-16	tropics	6	0.0	0.0	0.0	0.0	0.0	0.0	0.0	GARW	2036-04-01
2035-10-17	tropics	6	1.077863	1.0887436	1.0675945	1.0854609	1.0709908	1.081949	1.074693	2035-10-17	tropics	6	1.077863	1.0887436	1.0675945	1.0854609	1.0709908	1.081949	1.074693	2035-10-17	tropics	6	0.0	0.0	0.0	0.0	0.0	0.0	0.0	2035-10-17	tropics	6	0.0	0.0	0.0	0.0	0.0	0.0	0.0	GARW	2036-04-01
2035-10-18	tropics	6	1.0778546	1.0887393	1.06762	1.0854453	1.0710132	1.081944	1.0746391	2035-10-18	tropics	6	1.0778546	1.0887393	1.06762	1.0854453	1.0710132	1.081944	1.0746391	2035-10-18	tropics	6	0.0	0.0	0.0	0.0	0.0	0.0	0.0	2035-10-18	tropics	6	0.0	0.0	0.0	0.0	0.0	0.0	0.0	GARW	2036-04-01
2035-10-19	tropics	6	1.0778823	1.0887331	1.067675	1.0854185	1.0709895	1.0819359	1.0746375	2035-10-19	tropics	6	1.0778823	1.0887331	1.067675	1.0854185	1.0709895	1.0819359	1.0746375	2035-10-19	tropics	6	0.0	0.0	0.0	0.0	0.0	0.0	0.0	2035-10-19	tropics	6	0.0	0.0	0.0	0.0	0.0	0.0	0.0	GARW	2036-04-01
2035-10-20	tropics	6	1.0779037	1.0887249	1.0677251	1.085416	1.0710229	1.0819365	1.0745854	2035-10-20	tropics	6	1.0779037	1.0887249	1.0677251	1.085416	1.0710229	1.0819365	1.0745854	2035-10-20	tropics	6	0.0	0.0	0.0	0.0	0.0	0.0	0.0	2035-10-20	tropics	6	0.0	0.0	0.0	0.0	0.0	0.0	0.0	GARW	2036-04-01
2035-10-21	tropics	6	1.0779147	1.0887146	1.0677711	1.085398	1.0710951	1.0819461	1.0745566	2035-10-21	tropics	6	1.0779147	1.0887146	1.0677711	1.085398	1.0710951	1.0819461	1.0745566	2035-10-21	tropics	6	0.0	0.0	0.0	0.0	0.0	0.0	0.0	2035-10-21	tropics	6	0.0	0.0	0.0	0.0	0.0	0.0	0.0	GARW	2036-04-01
2035-10-22	tropics	6	1.0779576	1.0887022	1.0677933	1.0853776	1.071139	1.0819453	1.0745063	2035-10-22	tropics	6	1.0779576	1.0887022	1.0677933	1.0853776	1.071139	1.0819453	1.0745063	2035-10-22	tropics	6	0.0	0.0	0.0	0.0	0.0	0.0	0.0	2035-10-22	tropics	6	0.0	0.0	0.0	0.0	0.0	0.0	0.0	GARW	2036-04-01
2035-10-23	tropics	6	1.0779822	1.0886878	1.0677855	1.0853436	1.0711559	1.0819098	1.074479	2035-10-23	tropics	6	1.0779822	1.0886878	1.0677855	1.0853436	1.0711559	1.0819098	1.074479	2035-10-23	tropics	6	0.0	0.0	0.0	0.0	0.0	0.0	0.0	2035-10-23	tropics	6	0.0	0.0	0.0	0.0	0.0	0.0	0.0	GARW	2036-04-01
2035-10-24	tropics	6	1.0780023	1.0886712	1.0677751	1.0853156	1.0711797	1.0819103	1.0744176	2035-10-24	tropics	6	1.0780023	1.0886712	1.0677751	1.0853156	1.0711797	1.0819103	1.0744176	2035-10-24	tropics	6	0.0	0.0	0.0	0.0	0.0	0.0	0.0	2035-10-24	tropics	6	0.0	0.0	0.0	0.0	0.0	0.0	0.0	GARW	2036-04-01
2035-10-25	tropics	6	1.0779936	1.0886524	1.067762	1.0852903	1.0712146	1.0818851	1.0743651	2035-10-25	tropics	6	1.0779936	1.0886524	1.067762	1.0852903	1.0712146	1.0818851	1.0743651	2035-10-25	tropics	6	0.0	0.0	0.0	0.0	0.0	0.0	0.0	2035-10-25	tropics	6	0.0	0.0	0.0	0.0	0.0	0.0	0.0	GARW	2036-04-01
2035-10-26	tropics	6	1.0779872	1.0886548	1.0677556	1.0852913	1.0712159	1.0818577	1.0743479	2035-10-26	tropics	6	1.0779872	1.0886548	1.0677556	1.0852913	1.0712159	1.0818577	1.0743479	2035-10-26	tropics	6	0.0	0.0	0.0	0.0	0.0	0.0	0.0	2035-10-26	tropics	6	0.0	0.0	0.0	0.0	0.0	0.0	0.0	GARW	2036-04-01
2035-10-27	tropics	6	1.0779885	1.0886688	1.0677412	1.0852762	1.0712647	1.0818636	1.0743529	2035-10-27	tropics	6	1.0779885	1.0886688	1.0677412	1.0852762	1.0712647	1.0818636	1.0743529	2035-10-27	tropics	6	0.0	0.0	0.0	0.0	0.0	0.0	0.0	2035-10-27	tropics	6	0.0	0.0	0.0	0.0	0.0	0.0	0.0	GARW	2036-04-01
2035-10-28	tropics	6	1.077974	1.0886836	1.0676979	1.0852872	1.071158	1.0819063	1.0743119	2035-10-28	tropics	6	1.077974	1.0886836	1.0676979	1.0852872	1.071158	1.0819063	1.0743119	2035-10-28	tropics	6	0.0	0.0	0.0	0.0	0.0	0.0	0.0	2035-10-28	tropics	6	0.0	0.0	0.0	0.0	0.0	0.0	0.0	GARW	2036-04-01
2035-10-29	tropics	6	1.0779561	1.0886989	1.0676538	1.0853223	1.0711412	1.0819112	1.0743258	2035-10-29	tropics	6	1.0779561	1.0886989	1.0676538	1.0853223	1.0711412	1.0819112	1.0743258	2035-10-29	tropics	6	0.0	0.0	0.0	0.0	0.0	0.0	0.0	2035-10-29	tropics	6	0.0	0.0	0.0	0.0	0.0	0.0	0.0	GARW	2036-04-01
2035-10-30	tropics	6	1.0779448	1.0887003	1.0676097	1.0853595	1.0711848	1.0818748	1.0743201	2035-10-30	tropics	6	1.0779448	1.0887003	1.0676097	1.0853595	1.0711848	1.0818748	1.0743201	2035-10-30	tropics	6	0.0	0.0	0.0	0.0	0.0	0.0	0.0	2035-10-30	tropics	6	0.0	0.0	0.0	0.0	0.0	0.0	0.0	GARW	2036-04-01
2035-10-31	tropics	6	1.0779507	1.0886716	1.067563	1.0853504	1.0711989	1.0818549	1.07432	2035-10-31	tropics	6	1.0779507	1.0886716	1.067563	1.0853504	1.0711989	1.0818549	1.07432	2035-10-31	tropics	6	0.0	0.0	0.0	0.0	0.0	0.0	0.0	2035-10-31	tropics	6	0.0	0.0	0.0	0.0	0.0	0.0	0.0	GARW	2036-04-01
2035-11-01	tropics	6	1.0779402	1.088642	1.0675143	1.0853791	1.0712006	1.081838	1.0743293	2035-11-01	tropics	6	1.0779402	1.088642	1.0675143	1.0853791	1.0712006	1.081838	1.0743293	2035-11-01	tropics	6	0.0	0.0	0.0	0.0	0.0	0.0	0.0	2035-11-01	tropics	6	0.0	0.0	0.0	0.0	0.0	0.0	0.0	GARW	2036-04-01
2035-11-02	tropics	6	1.0779488	1.0886115	1.0674632	1.0853765	1.0712199	1.0818214	1.0742781	2035-11-02	tropics	6	1.0779488	1.0886115	1.0674632	1.0853765	1.0712199	1.0818214	1.0742781	2035-11-02	tropics	6	0.0	0.0	0.0	0.0	0.0	0.0	0.0	2035-11-02	tropics	6	0.0	0.0	0.0	0.0	0.0	0.0	0.0	GARW	2036-04-01
2035-11-03	tropics	6	1.077935	1.0885946	1.0674086	1.0853068	1.0712117	1.0818055	1.0742775	2035-11-03	tropics	6	1.077935	1.0885946	1.0674086	1.0853068	1.0712117	1.0818055	1.0742775	2035-11-03	tropics	6	0.0	0.0	0.0	0.0	0.0	0.0	0.0	2035-11-03	tropics	6	0.0	0.0	0.0	0.0	0.0	0.0	0.0	GARW	2036-04-01
2035-11-04	tropics	6	1.0779356	1.0886228	1.067427	1.085252	1.071196	1.0817937	1.0742755	2035-11-04	tropics	6	1.0779356	1.0886228	1.067427	1.085252	1.071196	1.0817937	1.0742755	2035-11-04	tropics	6	0.0	0.0	0.0	0.0	0.0	0.0	0.0	2035-11-04	tropics	6	0.0	0.0	0.0	0.0	0.0	0.0	0.0	GARW	2036-04-01
2035-11-05	tropics	6	1.0779424	1.0885652	1.0675039	1.0852685	1.0712037	1.0817916	1.074248	2035-11-05	tropics	6	1.0779424	1.0885652	1.0675039	1.0852685	1.0712037	1.0817916	1.074248	2035-11-05	tropics	6	0.0	0.0	0.0	0.0	0.0	0.0	0.0	2035-11-05	tropics	6	0.0	0.0	0.0	0.0	0.0	0.0	0.0	GARW	2036-04-01
2035-11-06	tropics	6	1.0779488	1.0884863	1.0675646	1.0852864	1.0711625	1.0817773	1.0742285	2035-11-06	tropics	6	1.0779488	1.0884863	1.0675646	1.0852864	1.0711625	1.0817773	1.0742285	2035-11-06	tropics	6	0.0	0.0	0.0	0.0	0.0	0.0	0.0	2035-11-06	tropics	6	0.0	0.0	0.0	0.0	0.0	0.0	0.0	GARW	2036-04-01
2035-11-07	tropics	6	1.0779399	1.088448	1.0675882	1.0852996	1.0711216	1.0817792	1.0742081	2035-11-07	tropics	6	1.0779399	1.088448	1.0675882	1.0852996	1.0711216	1.0817792	1.0742081	2035-11-07	tropics	6	0.0	0.0	0.0	0.0	0.0	0.0	0.0	2035-11-07	tropics	6	0.0	0.0	0.0	0.0	0.0	0.0	0.0	GARW	2036-04-01
2035-11-08	tropics	6	1.0779351	1.0884136	1.0676091	1.0853273	1.07111	1.0817728	1.0741792	2035-11-08	tropics	6	1.0779351	1.0884136	1.0676091	1.0853273	1.07111	1.0817728	1.0741792	2035-11-08	tropics	6	0.0	0.0	0.0	0.0	0.0	0.0	0.0	2035-11-08	tropics	6	0.0	0.0	0.0	0.0	0.0	0.0	0.0	GARW	2036-04-01
2035-11-09	tropics	6	1.0779126	1.0883793	1.0676302	1.0853456	1.0711224	1.081756	1.074173	2035-11-09	tropics	6	1.0779126	1.0883793	1.0676302	1.0853456	1.0711224	1.081756	1.074173	2035-11-09	tropics	6	0.0	0.0	0.0	0.0	0.0	0.0	0.0	2035-11-09	tropics	6	0.0	0.0	0.0	0.0	0.0	0.0	0.0	GARW	2036-04-01
2035-11-10	tropics	6	1.0779096	1.0883445	1.0676515	1.0853628	1.0711243	1.0817375	1.0741264	2035-11-10	tropics	6	1.0779096	1.0883445	1.0676515	1.0853628	1.0711243	1.0817375	1.0741264	2035-11-10	tropics	6	0.0	0.0	0.0	0.0	0.0	0.0	0.0	2035-11-10	tropics	6	0.0	0.0	0.0	0.0	0.0	0.0	0.0	GARW	2036-04-01
2035-11-11	tropics	6	1.0779049	1.0883093	1.0676519	1.0853739	1.0710816	1.0817033	1.0741246	2035-11-11	tropics	6	1.0779049	1.0883093	1.0676519	1.0853739	1.0710816	1.0817033	1.0741246	2035-11-11	tropics	6	0.0	0.0	0.0	0.0	0.0	0.0	0.0	2035-11-11	tropics	6	0.0	0.0	0.0	0.0	0.0	0.0	0.0	GARW	2036-04-01
2035-11-12	tropics	6	1.0779018	1.0882736	1.0676273	1.0853362	1.0710306	1.081659	1.0741266	2035-11-12	tropics	6	1.0779018	1.0882736	1.0676273	1.0853362	1.0710306	1.081659	1.0741266	2035-11-12	tropics	6	0.0	0.0	0.0	0.0	0.0	0.0	0.0	2035-11-12	tropics	6	0.0	0.0	0.0	0.0	0.0	0.0	0.0	GARW	2036-04-01
2035-11-13	tropics	6	1.077872	1.0882539	1.0676018	1.0853539	1.0709382	1.0816137	1.0741136	2035-11-13	tropics	6	1.077872	1.0882539	1.0676018	1.0853539	1.0709382	1.0816137	1.0741136	2035-11-13	tropics	6	0.0	0.0	0.0	0.0	0.0	0.0	0.0	2035-11-13	tropics	6	0.0	0.0	0.0	0.0	0.0	0.0	0.0	GARW	2036-04-01
2035-11-14	tropics	6	1.0778468	1.0882314	1.0675753	1.0853127	1.0709411	1.0815535	1.0740993	2035-11-14	tropics	6	1.0778468	1.0882314	1.0675753	1.0853127	1.0709411	1.0815535	1.0740993	2035-11-14	tropics	6	0.0	0.0	0.0	0.0	0.0	0.0	0.0	2035-11-14	tropics	6	0.0	0.0	0.0	0.0	0.0	0.0	0.0	GARW	2036-04-01
2035-11-15	tropics	6	1.0778189	1.0882089	1.0675242	1.085251	1.0708642	1.0815461	1.0740676	2035-11-15	tropics	6	1.0778189	1.0882089	1.0675242	1.085251	1.0708642	1.0815461	1.0740676	2035-11-15	tropics	6	0.0	0.0	0.0	0.0	0.0	0.0	0.0	2035-11-15	tropics	6	0.0	0.0	0.0	0.0	0.0	0.0	0.0	GARW	2036-04-01
2035-11-16	tropics	6	1.0777831	1.0882004	1.0674497	1.0851862	1.0707881	1.0815217	1.0740422	2035-11-16	tropics	6	1.0777831	1.0882004	1.0674497	1.0851862	1.0707881	1.0815217	1.0740422	2035-11-16	tropics	6	0.0	0.0	0.0	0.0	0.0	0.0	0.0	2035-11-16	tropics	6	0.0	0.0	0.0	0.0	0.0	0.0	0.0	GARW	2036-04-01
2035-11-17	tropics	6	1.077734	1.0881674	1.0673751	1.0851156	1.0707328	1.0814834	1.0740011	2035-11-17	tropics	6	1.077734	1.0881674	1.0673751	1.0851156	1.0707328	1.0814834	1.0740011	2035-11-17	tropics	6	0.0	0.0	0.0	0.0	0.0	0.0	0.0	2035-11-17	tropics	6	0.0	0.0	0.0	0.0	0.0	0.0	0.0	GARW	2036-04-01
2035-11-18	tropics	6	1.0776799	1.0881159	1.0673001	1.0851161	1.0707158	1.0814209	1.0739558	2035-11-18	tropics	6	1.0776799	1.0881159	1.0673001	1.0851161	1.0707158	1.0814209	1.0739558	2035-11-18	tropics	6	0.0	0.0	0.0	0.0	0.0	0.0	0.0	2035-11-18	tropics	6	0.0	0.0	0.0	0.0	0.0	0.0	0.0	GARW	2036-04-01
2035-11-19	tropics	6	1.0776513	1.0880774	1.067225	1.0851413	1.0707098	1.0813814	1.0739095	2035-11-19	tropics	6	1.0776513	1.0880774	1.067225	1.0851413	1.0707098	1.0813814	1.0739095	2035-11-19	tropics	6	0.0	0.0	0.0	0.0	0.0	0.0	0.0	2035-11-19	tropics	6	0.0	0.0	0.0	0.0	0.0	0.0	0.0	GARW	2036-04-01
2035-11-20	tropics	6	1.0775976	1.0881007	1.0671498	1.0851159	1.0707321	1.0813386	1.0738158	2035-11-20	tropics	6	1.0775976	1.0881007	1.0671498	1.0851159	1.0707321	1.0813386	1.0738158	2035-11-20	tropics	6	0.0	0.0	0.0	0.0	0.0	0.0	0.0	2035-11-20	tropics	6	0.0	0.0	0.0	0.0	0.0	0.0	0.0	GARW	2036-04-01
2035-11-21	tropics	6	1.0775447	1.0881253	1.0670713	1.0850264	1.0706787	1.0812843	1.0738091	2035-11-21	tropics	6	1.0775447	1.0881253	1.0670713	1.0850264	1.0706787	1.0812843	1.0738091	2035-11-21	tropics	6	0.0	0.0	0.0	0.0	0.0	0.0	0.0	2035-11-21	tropics	6	0.0	0.0	0.0	0.0	0.0	0.0	0.0	GARW	2036-04-01
2035-11-22	tropics	6	1.077481	1.0881099	1.0669904	1.0850233	1.0707148	1.0812188	1.0737635	2035-11-22	tropics	6	1.077481	1.0881099	1.0669904	1.0850233	1.0707148	1.0812188	1.0737635	2035-11-22	tropics	6	0.0	0.0	0.0	0.0	0.0	0.0	0.0	2035-11-22	tropics	6	0.0	0.0	0.0	0.0	0.0	0.0	0.0	GARW	2036-04-01
2035-11-23	tropics	6	1.0774126	1.0880611	1.0668796	1.0850147	1.0707304	1.0811753	1.07371	2035-11-23	tropics	6	1.0774126	1.0880611	1.0668796	1.0850147	1.0707304	1.0811753	1.07371	2035-11-23	tropics	6	0.0	0.0	0.0	0.0	0.0	0.0	0.0	2035-11-23	tropics	6	0.0	0.0	0.0	0.0	0.0	0.0	0.0	GARW	2036-04-01
2035-11-24	tropics	6	1.0773733	1.0880126	1.0667696	1.0849935	1.0705593	1.0811894	1.0736635	2035-11-24	tropics	6	1.0773733	1.0880126	1.0667696	1.0849935	1.0705593	1.0811894	1.0736635	2035-11-24	tropics	6	0.0	0.0	0.0	0.0	0.0	0.0	0.0	2035-11-24	tropics	6	0.0	0.0	0.0	0.0	0.0	0.0	0.0	GARW	2036-04-01
2035-11-25	tropics	6	1.0773228	1.0879638	1.0666604	1.0849146	1.0705386	1.0811385	1.0736127	2035-11-25	tropics	6	1.0773228	1.0879638	1.0666604	1.0849146	1.0705386	1.0811385	1.0736127	2035-11-25	tropics	6	0.0	0.0	0.0	0.0	0.0	0.0	0.0	2035-11-25	tropics	6	0.0	0.0	0.0	0.0	0.0	0.0	0.0	GARW	2036-04-01
2035-11-26	tropics	6	1.0772736	1.087915	1.066552	1.0848145	1.0705283	1.0810685	1.0735575	2035-11-26	tropics	6	1.0772736	1.087915	1.066552	1.0848145	1.0705283	1.0810685	1.0735575	2035-11-26	tropics	6	0.0	0.0	0.0	0.0	0.0	0.0	0.0	2035-11-26	tropics	6	0.0	0.0	0.0	0.0	0.0	0.0	0.0	GARW	2036-04-01
2035-11-27	tropics	6	1.0772158	1.0878658	1.0665078	1.0847116	1.0705132	1.0810331	1.0735478	2035-11-27	tropics	6	1.0772158	1.0878658	1.0665078	1.0847116	1.0705132	1.0810331	1.0735478	2035-11-27	tropics	6	0.0	0.0	0.0	0.0	0.0	0.0	0.0	2035-11-27	tropics	6	0.0	0.0	0.0	0.0	0.0	0.0	0.0	GARW	2036-04-01
2035-11-28	tropics	6	1.0771414	1.0878165	1.0664659	1.084606	1.0704792	1.0810257	1.0735153	2035-11-28	tropics	6	1.0771414	1.0878165	1.0664659	1.084606	1.0704792	1.0810257	1.0735153	2035-11-28	tropics	6	0.0	0.0	0.0	0.0	0.0	0.0	0.0	2035-11-28	tropics	6	0.0	0.0	0.0	0.0	0.0	0.0	0.0	GARW	2036-04-01
2035-11-29	tropics	6	1.0770359	1.087767	1.0664233	1.084541	1.0704126	1.0809401	1.0734694	2035-11-29	tropics	6	1.0770359	1.087767	1.0664233	1.084541	1.0704126	1.0809401	1.0734694	2035-11-29	tropics	6	0.0	0.0	0.0	0.0	0.0	0.0	0.0	2035-11-29	tropics	6	0.0	0.0	0.0	0.0	0.0	0.0	0.0	GARW	2036-04-01
2035-11-30	tropics	6	1.0769395	1.0877174	1.0663793	1.0844811	1.0703828	1.0809028	1.0734339	2035-11-30	tropics	6	1.0769395	1.0877174	1.0663793	1.0844811	1.0703828	1.0809028	1.0734339	2035-11-30	tropics	6	0.0	0.0	0.0	0.0	0.0	0.0	0.0	2035-11-30	tropics	6	0.0	0.0	0.0	0.0	0.0	0.0	0.0	GARW	2036-04-01
2035-12-01	tropics	6	1.0768299	1.0876676	1.0663083	1.0844305	1.0703565	1.0808389	1.0733753	2035-12-01	tropics	6	1.0768299	1.0876676	1.0663083	1.0844305	1.0703565	1.0808389	1.0733753	2035-12-01	tropics	6	0.0	0.0	0.0	0.0	0.0	0.0	0.0	2035-12-01	tropics	6	0.0	0.0	0.0	0.0	0.0	0.0	0.0	GARW	2036-04-01
2035-12-02	tropics	6	1.0767326	1.0876174	1.0661726	1.0844015	1.0702953	1.0807679	1.073344	2035-12-02	tropics	6	1.0767326	1.0876174	1.0661726	1.0844015	1.0702953	1.0807679	1.073344	2035-12-02	tropics	6	0.0	0.0	0.0	0.0	0.0	0.0	0.0	2035-12-02	tropics	6	0.0	0.0	0.0	0.0	0.0	0.0	0.0	GARW	2036-04-01
2035-12-03	tropics	6	1.0766535	1.087567	1.0660679	1.084321	1.0702403	1.0806475	1.0732946	2035-12-03	tropics	6	1.0766535	1.087567	1.0660679	1.084321	1.0702403	1.0806475	1.0732946	2035-12-03	tropics	6	0.0	0.0	0.0	0.0	0.0	0.0	0.0	2035-12-03	tropics	6	0.0	0.0	0.0	0.0	0.0	0.0	0.0	GARW	2036-04-01
2035-12-04	tropics	6	1.076616	1.0875126	1.0659888	1.0842637	1.0701947	1.0805248	1.0732435	2035-12-04	tropics	6	1.076616	1.0875126	1.0659888	1.0842637	1.0701947	1.0805248	1.0732435	2035-12-04	tropics	6	0.0	0.0	0.0	0.0	0.0	0.0	0.0	2035-12-04	tropics	6	0.0	0.0	0.0	0.0	0.0	0.0	0.0	GARW	2036-04-01
2035-12-05	tropics	6	1.0765359	1.0874357	1.0659081	1.0842373	1.0701557	1.0804094	1.073179	2035-12-05	tropics	6	1.0765359	1.0874357	1.0659081	1.0842373	1.0701557	1.0804094	1.073179	2035-12-05	tropics	6	0.0	0.0	0.0	0.0	0.0	0.0	0.0	2035-12-05	tropics	6	0.0	0.0	0.0	0.0	0.0	0.0	0.0	GARW	2036-04-01
2035-12-06	tropics	6	1.0764132	1.0873601	1.0658045	1.0842026	1.0700792	1.0802963	1.0730764	2035-12-06	tropics	6	1.0764132	1.0873601	1.0658045	1.0842026	1.0700792	1.0802963	1.0730764	2035-12-06	tropics	6	0.0	0.0	0.0	0.0	0.0	0.0	0.0	2035-12-06	tropics	6	0.0	0.0	0.0	0.0	0.0	0.0	0.0	GARW	2036-04-01
2035-12-07	tropics	6	1.0763339	1.0872282	1.0656692	1.0840149	1.0699285	1.080197	1.0729781	2035-12-07	tropics	6	1.0763339	1.0872282	1.0656692	1.0840149	1.0699285	1.080197	1.0729781	2035-12-07	tropics	6	0.0	0.0	0.0	0.0	0.0	0.0	0.0	2035-12-07	tropics	6	0.0	0.0	0.0	0.0	0.0	0.0	0.0	GARW	2036-04-01
2035-12-08	tropics	6	1.0762396	1.0870839	1.0655321	1.0838356	1.0698855	1.0800711	1.0728691	2035-12-08	tropics	6	1.0762396	1.0870839	1.0655321	1.0838356	1.0698855	1.0800711	1.0728691	2035-12-08	tropics	6	0.0	0.0	0.0	0.0	0.0	0.0	0.0	2035-12-08	tropics	6	0.0	0.0	0.0	0.0	0.0	0.0	0.0	GARW	2036-04-01
2035-12-09	tropics	6	1.0761294	1.0869333	1.0653747	1.0837826	1.0697633	1.0799584	1.0727801	2035-12-09	tropics	6	1.0761294	1.0869333	1.0653747	1.0837826	1.0697633	1.0799584	1.0727801	2035-12-09	tropics	6	0.0	0.0	0.0	0.0	0.0	0.0	0.0	2035-12-09	tropics	6	0.0	0.0	0.0	0.0	0.0	0.0	0.0	GARW	2036-04-01
2035-12-10	tropics	6	1.0760412	1.0867988	1.0652456	1.0836885	1.0696291	1.0798507	1.072695	2035-12-10	tropics	6	1.0760412	1.0867988	1.0652456	1.0836885	1.0696291	1.0798507	1.072695	2035-12-10	tropics	6	0.0	0.0	0.0	0.0	0.0	0.0	0.0	2035-12-10	tropics	6	0.0	0.0	0.0	0.0	0.0	0.0	0.0	GARW	2036-04-01
2035-12-11	tropics	6	1.0759329	1.0866842	1.0651047	1.0835854	1.0694898	1.0797558	1.0726112	2035-12-11	tropics	6	1.0759329	1.0866842	1.0651047	1.0835854	1.0694898	1.0797558	1.0726112	2035-12-11	tropics	6	0.0	0.0	0.0	0.0	0.0	0.0	0.0	2035-12-11	tropics	6	0.0	0.0	0.0	0.0	0.0	0.0	0.0	GARW	2036-04-01
2035-12-12	tropics	6	1.0757946	1.0865712	1.0649569	1.0834194	1.0693693	1.0796264	1.0725037	2035-12-12	tropics	6	1.0757946	1.0865712	1.0649569	1.0834194	1.0693693	1.0796264	1.0725037	2035-12-12	tropics	6	0.0	0.0	0.0	0.0	0.0	0.0	0.0	2035-12-12	tropics	6	0.0	0.0	0.0	0.0	0.0	0.0	0.0	GARW	2036-04-01
2035-12-13	tropics	6	1.0756798	1.0865194	1.0648065	1.0833154	1.0691634	1.0794895	1.072359	2035-12-13	tropics	6	1.0756798	1.0865194	1.0648065	1.0833154	1.0691634	1.0794895	1.072359	2035-12-13	tropics	6	0.0	0.0	0.0	0.0	0.0	0.0	0.0	2035-12-13	tropics	6	0.0	0.0	0.0	0.0	0.0	0.0	0.0	GARW	2036-04-01
2035-12-14	tropics	6	1.075532	1.0864741	1.0646534	1.0831668	1.0690151	1.0793376	1.0722891	2035-12-14	tropics	6	1.075532	1.0864741	1.0646534	1.0831668	1.0690151	1.0793376	1.0722891	2035-12-14	tropics	6	0.0	0.0	0.0	0.0	0.0	0.0	0.0	2035-12-14	tropics	6	0.0	0.0	0.0	0.0	0.0	0.0	0.0	GARW	2036-04-01
2035-12-15	tropics	6	1.0754212	1.0863498	1.0644972	1.0830095	1.068848	1.079282	1.0722668	2035-12-15	tropics	6	1.0754212	1.0863498	1.0644972	1.0830095	1.068848	1.079282	1.0722668	2035-12-15	tropics	6	0.0	0.0	0.0	0.0	0.0	0.0	0.0	2035-12-15	tropics	6	0.0	0.0	0.0	0.0	0.0	0.0	0.0	GARW	2036-04-01
2035-12-16	tropics	6	1.0753237	1.086195	1.064338	1.0829121	1.0686827	1.0791876	1.0721499	2035-12-16	tropics	6	1.0753237	1.086195	1.064338	1.0829121	1.0686827	1.0791876	1.0721499	2035-12-16	tropics	6	0.0	0.0	0.0	0.0	0.0	0.0	0.0	2035-12-16	tropics	6	0.0	0.0	0.0	0.0	0.0	0.0	0.0	GARW	2036-04-01
2035-12-17	tropics	6	1.075192	1.0860344	1.0642343	1.0828028	1.0685078	1.0790228	1.0720638	2035-12-17	tropics	6	1.075192	1.0860344	1.0642343	1.0828028	1.0685078	1.0790228	1.0720638	2035-12-17	tropics	6	0.0	0.0	0.0	0.0	0.0	0.0	0.0	2035-12-17	tropics	6	0.0	0.0	0.0	0.0	0.0	0.0	0.0	GARW	2036-04-01
2035-12-18	tropics	6	1.075049	1.0858246	1.064145	1.0826293	1.068338	1.078897	1.0719516	2035-12-18	tropics	6	1.075049	1.0858246	1.064145	1.0826293	1.068338	1.078897	1.0719516	2035-12-18	tropics	6	0.0	0.0	0.0	0.0	0.0	0.0	0.0	2035-12-18	tropics	6	0.0	0.0	0.0	0.0	0.0	0.0	0.0	GARW	2036-04-01
2035-12-19	tropics	6	1.0749053	1.0856789	1.0639523	1.0825087	1.0681677	1.078686	1.0717964	2035-12-19	tropics	6	1.0749053	1.0856789	1.0639523	1.0825087	1.0681677	1.078686	1.0717964	2035-12-19	tropics	6	0.0	0.0	0.0	0.0	0.0	0.0	0.0	2035-12-19	tropics	6	0.0	0.0	0.0	0.0	0.0	0.0	0.0	GARW	2036-04-01
2035-12-20	tropics	6	1.0747784	1.0855669	1.0637046	1.0824516	1.0680013	1.078489	1.0716609	2035-12-20	tropics	6	1.0747784	1.0855669	1.0637046	1.0824516	1.0680013	1.078489	1.0716609	2035-12-20	tropics	6	0.0	0.0	0.0	0.0	0.0	0.0	0.0	2035-12-20	tropics	6	0.0	0.0	0.0	0.0	0.0	0.0	0.0	GARW	2036-04-01
2035-12-21	tropics	6	1.0746202	1.0854437	1.063492	1.0823201	1.0678276	1.0783259	1.071507	2035-12-21	tropics	6	1.0746202	1.0854437	1.063492	1.0823201	1.0678276	1.0783259	1.071507	2035-12-21	tropics	6	0.0	0.0	0.0	0.0	0.0	0.0	0.0	2035-12-21	tropics	6	0.0	0.0	0.0	0.0	0.0	0.0	0.0	GARW	2036-04-01
2035-12-22	tropics	6	1.0744288	1.0852568	1.0633117	1.0822158	1.0676575	1.0782034	1.071356	2035-12-22	tropics	6	1.0744288	1.0852568	1.0633117	1.0822158	1.0676575	1.0782034	1.071356	2035-12-22	tropics	6	0.0	0.0	0.0	0.0	0.0	0.0	0.0	2035-12-22	tropics	6	0.0	0.0	0.0	0.0	0.0	0.0	0.0	GARW	2036-04-01
2035-12-23	tropics	6	1.0743005	1.0850489	1.0631275	1.0819879	1.0674669	1.0780334	1.0711694	2035-12-23	tropics	6	1.0743005	1.0850489	1.0631275	1.0819879	1.0674669	1.0780334	1.0711694	2035-12-23	tropics	6	10.44051	10.754471	10.079494	10.646471	10.241317	10.548265	10.325821	2035-12-23	tropics	6	10.44051	10.754471	10.079494	10.646471	10.241317	10.548265	10.325821	GARW	2036-04-01
2035-12-24	tropics	6	1.0741441	1.084832	1.0629051	1.081808	1.0673171	1.077826	1.0709203	2035-12-24	tropics	6	1.0741441	1.084832	1.0629051	1.081808	1.0673171	1.077826	1.0709203	2035-12-24	tropics	6	14.731297	14.731298	14.731297	14.7312975	14.731297	14.7312975	14.731297	2035-12-24	tropics	6	14.731297	14.731298	14.731297	14.7312975	14.731297	14.7312975	14.731297	GARW	2036-04-01
2035-12-25	tropics	6	1.0739694	1.0846205	1.0626336	1.0816618	1.0671456	1.0776408	1.0706363	2035-12-25	tropics	6	1.0739694	1.0846205	1.0626336	1.0816618	1.0671456	1.0776408	1.0706363	2035-12-25	tropics	6	2.8106408	2.810641	2.8106403	2.810641	2.8106406	2.8106408	2.8106406	2035-12-25	tropics	6	2.8106408	2.810641	2.8106403	2.810641	2.8106406	2.8106408	2.8106406	GARW	2036-04-01
2035-12-26	tropics	6	1.0738405	1.0844274	1.0623564	1.0814409	1.0669739	1.077438	1.0704224	2035-12-26	tropics	6	1.0738405	1.0844274	1.0623564	1.0814409	1.0669739	1.077438	1.0704224	2035-12-26	tropics	6	0.77383244	0.7738617	0.7738015	0.77385354	0.77381384	0.7738426	0.77382344	2035-12-26	tropics	6	0.77383244	0.7738617	0.7738015	0.77385354	0.77381384	0.7738426	0.77382344	GARW	2036-04-01
2035-12-27	tropics	6	1.0736318	1.0842357	1.062073	1.0812333	1.0668013	1.0771987	1.0702432	2035-12-27	tropics	6	1.0736318	1.0842357	1.062073	1.0812333	1.0668013	1.0771987	1.0702432	2035-12-27	tropics	6	0.25198162	0.25238362	0.25155163	0.2522719	0.2517232	0.25211975	0.25185436	2035-12-27	tropics	6	0.25198162	0.25238362	0.25155163	0.2522719	0.2517232	0.25211975	0.25185436	GARW	2036-04-01
2035-12-28	tropics	6	1.0734131	1.0840329	1.0617839	1.0810442	1.0666481	1.0769538	1.0700669	2035-12-28	tropics	6	1.0734131	1.0840329	1.0617839	1.0810442	1.0666481	1.0769538	1.0700669	2035-12-28	tropics	6	0.20074755	0.20204204	0.19933918	0.20167664	0.19990692	0.20118743	0.20032904	2035-12-28	tropics	6	0.20074755	0.20204204	0.19933918	0.20167664	0.19990692	0.20118743	0.20032904	GARW	2036-04-01
2035-12-29	tropics	6	1.0731761	1.0838978	1.0614846	1.0807931	1.0664828	1.0766797	1.0698467	2035-12-29	tropics	6	1.0731761	1.0838978	1.0614846	1.0807931	1.0664828	1.0766797	1.0698467	2035-12-29	tropics	6	0.22347766	0.2250553	0.22174448	0.22461028	0.22245812	0.22400746	0.2229732	2035-12-29	tropics	6	0.22347766	0.2250553	0.22174448	0.22461028	0.22245812	0.22400746	0.2229732	GARW	2036-04-01
2035-12-30	tropics	6	1.0729394	1.0837744	1.0611763	1.0805336	1.0662766	1.0764198	1.0695653	2035-12-30	tropics	6	1.0729394	1.0837744	1.0611763	1.0805336	1.0662766	1.0764198	1.0695653	2035-12-30	tropics	6	0.18568593	0.18697295	0.18427618	0.18659848	0.18488194	0.18610528	0.18528685	2035-12-30	tropics	6	0.18568593	0.18697295	0.18427618	0.18659848	0.18488194	0.18610528	0.18528685	GARW	2036-04-01
2035-12-31	tropics	6	1.0727084	1.0835553	1.0608678	1.0803379	1.0660468	1.0762225	1.0692518	2035-12-31	tropics	6	1.0727084	1.0835553	1.0608678	1.0803379	1.0660468	1.0762225	1.0692518	2035-12-31	tropics	6	0.14401996	0.1452463	0.14268085	0.1448819	0.14326826	0.14441812	0.1436323	2035-12-31	tropics	6	0.14401996	0.1452463	0.14268085	0.1448819	0.14326826	0.14441812	0.1436323	GARW	2036-04-01
2036-01-01	tropics	6	1.0724612	1.0832484	1.0606344	1.0800947	1.0657873	1.0759689	1.0689895	2036-01-01	tropics	6	1.0724612	1.0832484	1.0606344	1.0800947	1.0657873	1.0759689	1.0689895	2036-01-01	tropics	6	0.12840855	0.1297774	0.12690805	0.12937553	0.12756443	0.12885258	0.127971	2036-01-01	tropics	6	0.12840855	0.1297774	0.12690805	0.12937553	0.12756443	0.12885258	0.127971	GARW	2036-04-01
2036-01-02	tropics	6	1.0722072	1.0829383	1.0603963	1.0798262	1.0655222	1.0757414	1.0687027	2036-01-02	tropics	6	1.0722072	1.0829383	1.0603963	1.0798262	1.0655222	1.0757414	1.0687027	2036-01-02	tropics	6	0.12056267	0.12197452	0.1190074	0.12156548	0.119684	0.121028006	0.120105445	2036-01-02	tropics	6	0.12056267	0.12197452	0.1190074	0.12156548	0.119684	0.121028006	0.120105445	GARW	2036-04-01
2036-01-03	tropics	6	1.0719358	1.0826626	1.0601541	1.079548	1.0652457	1.0754596	1.0683385	2036-01-03	tropics	6	1.0719358	1.0826626	1.0601541	1.079548	1.0652457	1.0754596	1.0683385	2036-01-03	tropics	6	0.109161496	0.1105353	0.10765727	0.11013636	0.108306885	0.10961449	0.1087085	2036-01-03	tropics	6	0.109161496	0.1105353	0.10765727	0.11013636	0.108306885	0.10961449	0.1087085	GARW	2036-04-01
2036-01-04	tropics	6	1.0716326	1.0824021	1.0599071	1.0793016	1.0649719	1.0751784	1.0681092	2036-01-04	tropics	6	1.0716326	1.0824021	1.0599071	1.0793016	1.0649719	1.0751784	1.0681092	2036-01-04	tropics	6	0.09848666	0.099862665	0.09699243	0.09946561	0.09763775	0.09894532	0.0980317	2036-01-04	tropics	6	0.09848666	0.099862665	0.09699243	0.09946561	0.09763775	0.09894532	0.0980317	GARW	2036-04-01
2036-01-05	tropics	6	1.0713445	1.0821308	1.0596555	1.0790225	1.0646721	1.0749393	1.0678339	2036-01-05	tropics	6	1.0713445	1.0821308	1.0596555	1.0790225	1.0646721	1.0749393	1.0678339	2036-01-05	tropics	6	0.09128523	0.09269861	0.08976543	0.09228187	0.09041891	0.09176552	0.09083158	2036-01-05	tropics	6	0.09128523	0.09269861	0.08976543	0.09228187	0.09041891	0.09176552	0.09083158	GARW	2036-04-01
2036-01-06	tropics	6	1.0710065	1.0818485	1.0593992	1.0786451	1.0643215	1.0746771	1.0675669	2036-01-06	tropics	6	1.0710065	1.0818485	1.0593992	1.0786451	1.0643215	1.0746771	1.0675669	2036-01-06	tropics	6	0.08558345	0.08701845	0.08405798	0.08658972	0.08470516	0.08607626	0.08513731	2036-01-06	tropics	6	0.08558345	0.08701845	0.08405798	0.08658972	0.08470516	0.08607626	0.08513731	GARW	2036-04-01
2036-01-07	tropics	6	1.0706971	1.0815548	1.0591129	1.0782949	1.0639496	1.07441	1.0672934	2036-01-07	tropics	6	1.0706971	1.0815548	1.0591129	1.0782949	1.0639496	1.07441	1.0672934	2036-01-07	tropics	6	0.0751009	0.0766225	0.07349403	0.07616887	0.07417192	0.0756284	0.074631274	2036-01-07	tropics	6	0.0751009	0.0766225	0.07349403	0.07616887	0.07417192	0.0756284	0.074631274	GARW	2036-04-01
2036-01-08	tropics	6	1.070338	1.0812495	1.0587544	1.0780016	1.0636035	1.0740628	1.0669582	2036-01-08	tropics	6	1.070338	1.0812495	1.0587544	1.0780016	1.0636035	1.0740628	1.0669582	2036-01-08	tropics	6	0.00042760372	0.0032000972	-0.0025636791	0.0023827315	-0.0012975454	0.0013697743	-0.00045531988	2036-01-08	tropics	6	0.00042760372	0.0032000972	-0.0025636791	0.0023827315	-0.0012975454	0.0013697743	-0.00045531988	GARW	2036-04-01
2036-01-09	tropics	6	1.0700264	1.0809313	1.0583845	1.0776614	1.0632387	1.07373	1.0667242	2036-01-09	tropics	6	1.0700264	1.0809313	1.0583845	1.0776614	1.0632387	1.07373	1.0667242	2036-01-09	tropics	6	-0.017301917	-0.01389458	-0.020987134	-0.0149026625	-0.019444276	-0.016131103	-0.01838535	2036-01-09	tropics	6	-0.017301917	-0.01389458	-0.020987134	-0.0149026625	-0.019444276	-0.016131103	-0.01838535	GARW	2036-04-01
2036-01-10	tropics	6	1.0697739	1.0805748	1.0579953	1.0773621	1.0628893	1.0734222	1.0663651	2036-01-10	tropics	6	1.0697739	1.0805748	1.0579953	1.0773621	1.0628893	1.0734222	1.0663651	2036-01-10	tropics	6	0.029758573	0.03230393	0.027007366	0.031546257	0.028156519	0.030629516	0.028980672	2036-01-10	tropics	6	0.029758573	0.03230393	0.027007366	0.031546257	0.028156519	0.030629516	0.028980672	GARW	2036-04-01
2036-01-11	tropics	6	1.0694958	1.0801759	1.0576056	1.0770088	1.062561	1.0730335	1.0660045	2036-01-11	tropics	6	1.0694958	1.0801759	1.0576056	1.0770088	1.062561	1.0730335	1.0660045	2036-01-11	tropics	6	0.030402541	0.032710265	0.027846396	0.032028697	0.028918028	0.031172574	0.02965194	2036-01-11	tropics	6	0.030402541	0.032710265	0.027846396	0.032028697	0.028918028	0.031172574	0.02965194	GARW	2036-04-01
2036-01-12	tropics	6	1.0691338	1.0798392	1.0573105	1.0766945	1.062163	1.0727112	1.0656091	2036-01-12	tropics	6	1.0691338	1.0798392	1.0573105	1.0766945	1.062163	1.0727112	1.0656091	2036-01-12	tropics	6	0.012665987	0.015309722	0.009727156	0.014528489	0.010952401	0.013545811	0.011810601	2036-01-12	tropics	6	0.012665987	0.015309722	0.009727156	0.014528489	0.010952401	0.013545811	0.011810601	GARW	2036-04-01
2036-01-13	tropics	6	1.0686913	1.0794615	1.0570085	1.0763111	1.0617515	1.0724192	1.0652076	2036-01-13	tropics	6	1.0686913	1.0794615	1.0570085	1.0763111	1.0617515	1.0724192	1.0652076	2036-01-13	tropics	6	0.012596607	0.015331155	0.009525198	0.014527106	0.010803938	0.013509393	0.011692822	2036-01-13	tropics	6	0.012596607	0.015331155	0.009525198	0.014527106	0.010803938	0.013509393	0.011692822	GARW	2036-04-01
2036-01-14	tropics	6	1.0682356	1.0790608	1.0567487	1.0757834	1.0613292	1.0720718	1.0647595	2036-01-14	tropics	6	1.0682356	1.0790608	1.0567487	1.0757834	1.0613292	1.0720718	1.0647595	2036-01-14	tropics	6	0.019457221	0.022072144	0.016574306	0.021308709	0.01775148	0.020355463	0.018602788	2036-01-14	tropics	6	0.019457221	0.022072144	0.016574306	0.021308709	0.01775148	0.020355463	0.018602788	GARW	2036-04-01
2036-01-15	tropics	6	1.0678432	1.0787147	1.056551	1.0753685	1.0608897	1.0716336	1.0643957	2036-01-15	tropics	6	1.0678432	1.0787147	1.056551	1.0753685	1.0608897	1.0716336	1.0643957	2036-01-15	tropics	6	0.019125938	0.021703918	0.016342176	0.02092495	0.017455077	0.020035982	0.018286169	2036-01-15	tropics	6	0.019125938	0.021703918	0.016342176	0.02092495	0.017455077	0.020035982	0.018286169	GARW	2036-04-01
2036-01-16	tropics	6	1.0674329	1.0784186	1.0560747	1.0749459	1.0604416	1.0712715	1.0640035	2036-01-16	tropics	6	1.0674329	1.0784186	1.0560747	1.0749459	1.0604416	1.0712715	1.0640035	2036-01-16	tropics	6	0.016310811	0.018954962	0.013508332	0.018149113	0.014607811	0.017243922	0.015457451	2036-01-16	tropics	6	0.016310811	0.018954962	0.013508332	0.018149113	0.014607811	0.017243922	0.015457451	GARW	2036-04-01
2036-01-17	tropics	6	1.0670707	1.0780562	1.0557144	1.0744972	1.0599385	1.0708002	1.063517	2036-01-17	tropics	6	1.0670707	1.0780562	1.0557144	1.0744972	1.0599385	1.0708002	1.063517	2036-01-17	tropics	6	0.016364694	0.019061524	0.013549053	0.018220091	0.014632178	0.017303705	0.015517533	2036-01-17	tropics	6	0.016364694	0.019061524	0.013549053	0.018220091	0.014632178	0.017303705	0.015517533	GARW	2036-04-01
2036-01-18	tropics	6	1.0666618	1.0776856	1.0552464	1.0740601	1.0594833	1.0704312	1.0630771	2036-01-18	tropics	6	1.0666618	1.0776856	1.0552464	1.0740601	1.0594833	1.0704312	1.0630771	2036-01-18	tropics	6	0.017334104	0.020016765	0.0145363035	0.019159745	0.015592098	0.0182603	0.016473591	2036-01-18	tropics	6	0.017334104	0.020016765	0.0145363035	0.019159745	0.015592098	0.0182603	0.016473591	GARW	2036-04-01
2036-01-19	tropics	6	1.0662026	1.0773153	1.0547221	1.0736531	1.0590177	1.0699096	1.0626587	2036-01-19	tropics	6	1.0662026	1.0773153	1.0547221	1.0736531	1.0590177	1.0699096	1.0626587	2036-01-19	tropics	6	0.017148376	0.019827008	0.014350331	0.018957065	0.015399861	0.018064976	0.016272604	2036-01-19	tropics	6	0.017148376	0.019827008	0.014350331	0.018957065	0.015399861	0.018064976	0.016272604	GARW	2036-04-01
2036-01-20	tropics	6	1.0657787	1.0769607	1.0541493	1.0732875	1.0585393	1.0692791	1.0622152	2036-01-20	tropics	6	1.0657787	1.0769607	1.0541493	1.0732875	1.0585393	1.0692791	1.0622152	2036-01-20	tropics	6	0.016625881	0.019330997	0.013803989	0.018441701	0.014858222	0.017543495	0.015753448	2036-01-20	tropics	6	0.016625881	0.019330997	0.013803989	0.018441701	0.014858222	0.017543495	0.015753448	GARW	2036-04-01
2036-01-21	tropics	6	1.065305	1.076595	1.0535654	1.0729859	1.0580474	1.0687742	1.0618085	2036-01-21	tropics	6	1.065305	1.076595	1.0535654	1.0729859	1.0580474	1.0687742	1.0618085	2036-01-21	tropics	6	0.016565204	0.019295646	0.013703978	0.018400073	0.014783859	0.017440438	0.015682101	2036-01-21	tropics	6	0.016565204	0.019295646	0.013703978	0.018400073	0.014783859	0.017440438	0.015682101	GARW	2036-04-01
2036-01-22	tropics	6	1.064796	1.0762181	1.0529951	1.0726758	1.0575398	1.0683095	1.0613971	2036-01-22	tropics	6	1.064796	1.0762181	1.0529951	1.0726758	1.0575398	1.0683095	1.0613971	2036-01-22	tropics	6	0.016615033	0.019365074	0.013725251	0.018478204	0.014826799	0.017468035	0.015745461	2036-01-22	tropics	6	0.016615033	0.019365074	0.013725251	0.018478204	0.014826799	0.017468035	0.015745461	GARW	2036-04-01
2036-01-23	tropics	6	1.0643072	1.0757735	1.0525765	1.0720571	1.0570995	1.0679407	1.0609208	2036-01-23	tropics	6	1.0643072	1.0757735	1.0525765	1.0720571	1.0570995	1.0679407	1.0609208	2036-01-23	tropics	6	0.016469955	0.019249864	0.0135585	0.018381024	0.014681816	0.017332315	0.01562512	2036-01-23	tropics	6	0.016469955	0.019249864	0.0135585	0.018381024	0.014681816	0.017332315	0.01562512	GARW	2036-04-01
2036-01-24	tropics	6	1.0639565	1.0752525	1.0520284	1.0715561	1.0566212	1.067488	1.0604532	2036-01-24	tropics	6	1.0639565	1.0752525	1.0520284	1.0715561	1.0566212	1.067488	1.0604532	2036-01-24	tropics	6	0.016275764	0.019092461	0.013380885	0.018194556	0.014506554	0.017159522	0.015451133	2036-01-24	tropics	6	0.016275764	0.019092461	0.013380885	0.018194556	0.014506554	0.017159522	0.015451133	GARW	2036-04-01
2036-01-25	tropics	6	1.063524	1.074718	1.0515178	1.07105	1.056129	1.0669961	1.0599803	2036-01-25	tropics	6	1.063524	1.074718	1.0515178	1.07105	1.056129	1.0669961	1.0599803	2036-01-25	tropics	6	0.016197205	0.018978264	0.013264472	0.018084692	0.014396548	0.017074883	0.015344083	2036-01-25	tropics	6	0.016197205	0.018978264	0.013264472	0.018084692	0.014396548	0.017074883	0.015344083	GARW	2036-04-01
2036-01-26	tropics	6	1.0630012	1.0741787	1.0511911	1.0706277	1.0556257	1.0665352	1.0594316	2036-01-26	tropics	6	1.0630012	1.0741787	1.0511911	1.0706277	1.0556257	1.0665352	1.0594316	2036-01-26	tropics	6	0.016135693	0.018872399	0.013149982	0.017969558	0.014302206	0.016974628	0.01525569	2036-01-26	tropics	6	0.016135693	0.018872399	0.013149982	0.017969558	0.014302206	0.016974628	0.01525569	GARW	2036-04-01
2036-01-27	tropics	6	1.0625186	1.0738523	1.050766	1.0702399	1.0551418	1.06621	1.0588751	2036-01-27	tropics	6	1.0625186	1.0738523	1.050766	1.0702399	1.0551418	1.06621	1.0588751	2036-01-27	tropics	6	0.015994668	0.018736484	0.013057035	0.01785574	0.014173007	0.01686424	0.015119016	2036-01-27	tropics	6	0.015994668	0.018736484	0.013057035	0.01785574	0.014173007	0.01686424	0.015119016	GARW	2036-04-01
2036-01-28	tropics	6	1.0620766	1.0734246	1.0503317	1.069819	1.0547367	1.0657847	1.0583346	2036-01-28	tropics	6	1.0620766	1.0734246	1.0503317	1.069819	1.0547367	1.0657847	1.0583346	2036-01-28	tropics	6	0.015865326	0.018626362	0.012950653	0.017752672	0.014040041	0.016758502	0.01497674	2036-01-28	tropics	6	0.015865326	0.018626362	0.012950653	0.017752672	0.014040041	0.016758502	0.01497674	GARW	2036-04-01
2036-01-29	tropics	6	1.0616065	1.0730282	1.0498886	1.0694495	1.0541952	1.0652628	1.0576636	2036-01-29	tropics	6	1.0616065	1.0730282	1.0498886	1.0694495	1.0541952	1.0652628	1.0576636	2036-01-29	tropics	6	0.015758514	0.018551555	0.012845695	0.017644811	0.013947773	0.01667118	0.014841616	2036-01-29	tropics	6	0.015758514	0.018551555	0.012845695	0.017644811	0.013947773	0.01667118	0.014841616	GARW	2036-04-01
2036-01-30	tropics	6	1.0610907	1.0724362	1.0493814	1.0689328	1.0536691	1.0647187	1.0571295	2036-01-30	tropics	6	1.0610907	1.0724362	1.0493814	1.0689328	1.0536691	1.0647187	1.0571295	2036-01-30	tropics	6	0.015640259	0.018443758	0.012739318	0.01756034	0.01381166	0.016556919	0.014689326	2036-01-30	tropics	6	0.015640259	0.018443758	0.012739318	0.01756034	0.01381166	0.016556919	0.014689326	GARW	2036-04-01
2036-01-31	tropics	6	1.0605278	1.0720156	1.048788	1.0684873	1.05318	1.0641913	1.0565357	2036-01-31	tropics	6	1.0605278	1.0720156	1.048788	1.0684873	1.05318	1.0641913	1.0565357	2036-01-31	tropics	6	0.015512705	0.018309869	0.01262787	0.01745298	0.013680816	0.016417027	0.014544368	2036-01-31	tropics	6	0.015512705	0.018309869	0.01262787	0.01745298	0.013680816	0.016417027	0.014544368	GARW	2036-04-01
2036-02-01	tropics	6	1.0600206	1.0717276	1.0482893	1.0679843	1.0526878	1.0637475	1.055876	2036-02-01	tropics	6	1.0600206	1.0717276	1.0482893	1.0679843	1.0526878	1.0637475	1.055876	2036-02-01	tropics	6	0.015380859	0.018186152	0.012475443	0.017320585	0.013559103	0.01628846	0.014398336	2036-02-01	tropics	6	0.015380859	0.018186152	0.012475443	0.017320585	0.013559103	0.01628846	0.014398336	GARW	2036-04-01
2036-02-02	tropics	6	1.0595213	1.0714352	1.0478806	1.0675151	1.0521885	1.0632745	1.0554026	2036-02-02	tropics	6	1.0595213	1.0714352	1.0478806	1.0675151	1.0521885	1.0632745	1.0554026	2036-02-02	tropics	6	0.015257716	0.01810953	0.0123412255	0.01721127	0.013437057	0.016168416	0.014240861	2036-02-02	tropics	6	0.015257716	0.01810953	0.0123412255	0.01721127	0.013437057	0.016168416	0.014240861	GARW	2036-04-01
2036-02-03	tropics	6	1.0590053	1.071048	1.0472562	1.0671297	1.051599	1.0627687	1.0548449	2036-02-03	tropics	6	1.0590053	1.071048	1.0472562	1.0671297	1.051599	1.0627687	1.0548449	2036-02-03	tropics	6	0.015130162	0.018039191	0.012230342	0.017089367	0.013315749	0.016061783	0.014109075	2036-02-03	tropics	6	0.015130162	0.018039191	0.012230342	0.017089367	0.013315749	0.016061783	0.014109075	GARW	2036-04-01
2036-02-04	tropics	6	1.0584972	1.0706496	1.0465914	1.0667356	1.0510625	1.062359	1.0542302	2036-02-04	tropics	6	1.0584972	1.0706496	1.0465914	1.0667356	1.0510625	1.062359	1.0542302	2036-02-04	tropics	6	0.015004277	0.017955804	0.012108177	0.016986132	0.013177633	0.015933096	0.013979971	2036-02-04	tropics	6	0.015004277	0.017955804	0.012108177	0.016986132	0.013177633	0.015933096	0.013979971	GARW	2036-04-01
2036-02-05	tropics	6	1.0579847	1.070193	1.0458909	1.066096	1.0503752	1.0618477	1.0536091	2036-02-05	tropics	6	1.0579847	1.070193	1.0458909	1.066096	1.0503752	1.0618477	1.0536091	2036-02-05	tropics	6	0.0148772	0.017850062	0.011930686	0.016900063	0.013034821	0.01582539	0.013844252	2036-02-05	tropics	6	0.0148772	0.017850062	0.011930686	0.016900063	0.013034821	0.01582539	0.013844252	GARW	2036-04-01
2036-02-06	tropics	6	1.0575075	1.069772	1.0451112	1.0656216	1.0497175	1.0614069	1.0530775	2036-02-06	tropics	6	1.0575075	1.069772	1.0451112	1.0656216	1.0497175	1.0614069	1.0530775	2036-02-06	tropics	6	0.014755011	0.0177507	0.011770809	0.016758608	0.012881899	0.01570499	0.013673425	2036-02-06	tropics	6	0.014755011	0.0177507	0.011770809	0.016758608	0.012881899	0.01570499	0.013673425	GARW	2036-04-01
2036-02-07	tropics	6	1.0570028	1.0694431	1.0443281	1.0652413	1.0491323	1.060977	1.0524703	2036-02-07	tropics	6	1.0570028	1.0694431	1.0443281	1.0652413	1.0491323	1.060977	1.0524703	2036-02-07	tropics	6	0.014638782	0.017637402	0.0115761105	0.016648054	0.012714053	0.015590191	0.013530731	2036-02-07	tropics	6	0.014638782	0.017637402	0.0115761105	0.016648054	0.012714053	0.015590191	0.013530731	GARW	2036-04-01
2036-02-08	tropics	6	1.056483	1.0690526	1.0436085	1.0647534	1.0484918	1.0604849	1.0519189	2036-02-08	tropics	6	1.056483	1.0690526	1.0436085	1.0647534	1.0484918	1.0604849	1.0519189	2036-02-08	tropics	6	0.014502168	0.01755534	0.011380225	0.016515445	0.012555266	0.015485823	0.0134038925	2036-02-08	tropics	6	0.014502168	0.01755534	0.011380225	0.016515445	0.012555266	0.015485823	0.0134038925	GARW	2036-04-01
2036-02-09	tropics	6	1.0559368	1.06866	1.0429801	1.064219	1.0478401	1.0598788	1.0513297	2036-02-09	tropics	6	1.0559368	1.06866	1.0429801	1.064219	1.0478401	1.0598788	1.0513297	2036-02-09	tropics	6	0.01438117	0.017460365	0.01119364	0.016422272	0.012411451	0.015374184	0.013252556	2036-02-09	tropics	6	0.01438117	0.017460365	0.01119364	0.016422272	0.012411451	0.015374184	0.013252556	GARW	2036-04-01
2036-02-10	tropics	6	1.0553143	1.0681248	1.042455	1.0636744	1.0471741	1.059361	1.0507205	2036-02-10	tropics	6	1.0553143	1.0681248	1.042455	1.0636744	1.0471741	1.059361	1.0507205	2036-02-10	tropics	6	0.014253974	0.017375391	0.011021227	0.016290998	0.012245392	0.015226603	0.013109863	2036-02-10	tropics	6	0.014253974	0.017375391	0.011021227	0.016290998	0.012245392	0.015226603	0.013109863	GARW	2036-04-01
2036-02-11	tropics	6	1.0548396	1.0675428	1.0420529	1.0632122	1.0465647	1.0588455	1.0501463	2036-02-11	tropics	6	1.0548396	1.0675428	1.0420529	1.0632122	1.0465647	1.0588455	1.0501463	2036-02-11	tropics	6	0.014103293	0.017251689	0.010884225	0.016158698	0.012084461	0.015091658	0.012959659	2036-02-11	tropics	6	0.014103293	0.017251689	0.010884225	0.016158698	0.012084461	0.015091658	0.012959659	GARW	2036-04-01
2036-02-12	tropics	6	1.0542921	1.0670671	1.0414853	1.0628376	1.0461249	1.058334	1.0495081	2036-02-12	tropics	6	1.0542921	1.0670671	1.0414853	1.0628376	1.0461249	1.058334	1.0495081	2036-02-12	tropics	6	0.013966918	0.017110975	0.010782289	0.016031336	0.011918259	0.014965534	0.012812734	2036-02-12	tropics	6	0.013966918	0.017110975	0.010782289	0.016031336	0.011918259	0.014965534	0.012812734	GARW	2036-04-01
2036-02-13	tropics	6	1.0537119	1.0666497	1.0409253	1.0623254	1.0454757	1.0578493	1.0489115	2036-02-13	tropics	6	1.0537119	1.0666497	1.0409253	1.0623254	1.0454757	1.0578493	1.0489115	2036-02-13	tropics	6	0.013841987	0.016978178	0.010648263	0.015935421	0.011801315	0.0148335695	0.012657106	2036-02-13	tropics	6	0.013841987	0.016978178	0.010648263	0.015935421	0.011801315	0.0148335695	0.012657106	GARW	2036-04-01
2036-02-14	tropics	6	1.053216	1.0661978	1.0403731	1.0619888	1.0448902	1.0572801	1.0483533	2036-02-14	tropics	6	1.053216	1.0661978	1.0403731	1.0619888	1.0448902	1.0572801	1.0483533	2036-02-14	tropics	6	0.013704896	0.016879762	0.0105067855	0.015824484	0.011663413	0.014715254	0.012507021	2036-02-14	tropics	6	0.013704896	0.016879762	0.0105067855	0.015824484	0.011663413	0.014715254	0.012507021	GARW	2036-04-01
2036-02-15	tropics	6	1.0526232	1.0656602	1.039872	1.0616136	1.0443431	1.0567932	1.0478182	2036-02-15	tropics	6	1.0526232	1.0656602	1.039872	1.0616136	1.0443431	1.0567932	1.0478182	2036-02-15	tropics	6	0.013563752	0.016777135	0.010367727	0.015713332	0.011497092	0.014580131	0.012364328	2036-02-15	tropics	6	0.013563752	0.016777135	0.010367727	0.015713332	0.011497092	0.014580131	0.012364328	GARW	2036-04-01
2036-02-16	tropics	6	1.0520451	1.065255	1.039436	1.0612239	1.0437907	1.0563569	1.0472388	2036-02-16	tropics	6	1.0520451	1.065255	1.039436	1.0612239	1.0437907	1.0563569	1.0472388	2036-02-16	tropics	6	0.013429165	0.016642496	0.010230124	0.015640855	0.011367798	0.014456749	0.012227178	2036-02-16	tropics	6	0.013429165	0.016642496	0.010230124	0.015640855	0.011367798	0.014456749	0.012227178	GARW	2036-04-01
2036-02-17	tropics	6	1.0515	1.0648466	1.0388442	1.0606701	1.0432582	1.0559075	1.0466584	2036-02-17	tropics	6	1.0515	1.0648466	1.0388442	1.0606701	1.0432582	1.0559075	1.0466584	2036-02-17	tropics	6	0.013286948	0.016534569	0.010128463	0.0155305145	0.011232758	0.01433748	0.012092888	2036-02-17	tropics	6	0.013286948	0.016534569	0.010128463	0.0155305145	0.011232758	0.01433748	0.012092888	GARW	2036-04-01
2036-02-18	tropics	6	1.0509894	1.0644414	1.0382589	1.0602648	1.0426055	1.0554527	1.0460639	2036-02-18	tropics	6	1.0509894	1.0644414	1.0382589	1.0602648	1.0426055	1.0554527	1.0460639	2036-02-18	tropics	6	0.013144851	0.016434295	0.009987647	0.015421295	0.011079645	0.014235675	0.011943102	2036-02-18	tropics	6	0.013144851	0.016434295	0.009987647	0.015421295	0.011079645	0.014235675	0.011943102	GARW	2036-04-01
2036-02-19	tropics	6	1.0505798	1.0640309	1.0376583	1.0597556	1.0420282	1.0550351	1.0456058	2036-02-19	tropics	6	1.0505798	1.0640309	1.0376583	1.0597556	1.0420282	1.0550351	1.0456058	2036-02-19	tropics	6	0.013016462	0.016334636	0.0098397015	0.015301084	0.010943294	0.01411891	0.01179719	2036-02-19	tropics	6	0.013016462	0.016334636	0.0098397015	0.015301084	0.010943294	0.01411891	0.01179719	GARW	2036-04-01
2036-02-20	tropics	6	1.050094	1.063565	1.0370634	1.0592462	1.0414088	1.0546967	1.0451236	2036-02-20	tropics	6	1.050094	1.063565	1.0370634	1.0592462	1.0414088	1.0546967	1.0451236	2036-02-20	tropics	6	0.012907028	0.016234078	0.009690046	0.015194416	0.010780716	0.014012575	0.011666119	2036-02-20	tropics	6	0.012907028	0.016234078	0.009690046	0.015194416	0.010780716	0.014012575	0.011666119	GARW	2036-04-01
2036-02-21	tropics	6	1.049516	1.0630162	1.0365981	1.0586978	1.0408458	1.0542045	1.0446833	2036-02-21	tropics	6	1.049516	1.0630162	1.0365981	1.0586978	1.0408458	1.0542045	1.0446833	2036-02-21	tropics	6	0.012794375	0.016131768	0.00953995	0.015051173	0.010632944	0.013919771	0.011548102	2036-02-21	tropics	6	0.012794375	0.016131768	0.00953995	0.015051173	0.010632944	0.013919771	0.011548102	GARW	2036-04-01
2036-02-22	tropics	6	1.0490642	1.0624548	1.0360388	1.058092	1.0404693	1.0537192	1.0442553	2036-02-22	tropics	6	1.0490642	1.0624548	1.0360388	1.058092	1.0404693	1.0537192	1.0442553	2036-02-22	tropics	6	0.012655139	0.015997948	0.009406358	0.014920592	0.010481501	0.013802707	0.011434376	2036-02-22	tropics	6	0.012655139	0.015997948	0.009406358	0.014920592	0.010481501	0.013802707	0.011434376	GARW	2036-04-01
2036-02-23	tropics	6	1.048594	1.0619266	1.0354952	1.0577573	1.0399017	1.0532922	1.0438187	2036-02-23	tropics	6	1.048594	1.0619266	1.0354952	1.0577573	1.0399017	1.0532922	1.0438187	2036-02-23	tropics	6	0.012527347	0.015860762	0.009277374	0.014786934	0.010383964	0.013684869	0.0113297105	2036-02-23	tropics	6	0.012527347	0.015860762	0.009277374	0.014786934	0.010383964	0.013684869	0.0113297105	GARW	2036-04-01
2036-02-24	tropics	6	1.0482768	1.0612977	1.0348957	1.0574147	1.0394322	1.0528772	1.0433602	2036-02-24	tropics	6	1.0482768	1.0612977	1.0348957	1.0574147	1.0394322	1.0528772	1.0433602	2036-02-24	tropics	6	0.012414217	0.015720572	0.009138596	0.014675616	0.010248637	0.013578713	0.0112223625	2036-02-24	tropics	6	0.012414217	0.015720572	0.009138596	0.014675616	0.010248637	0.013578713	0.0112223625	GARW	2036-04-01
2036-02-25	tropics	6	1.047756	1.0607568	1.0339863	1.057119	1.0389411	1.0526288	1.0428035	2036-02-25	tropics	6	1.047756	1.0607568	1.0339863	1.057119	1.0389411	1.0526288	1.0428035	2036-02-25	tropics	6	0.012321949	0.015578634	0.009004242	0.014586376	0.010110664	0.013476968	0.01110816	2036-02-25	tropics	6	0.012321949	0.015578634	0.009004242	0.014586376	0.010110664	0.013476968	0.01110816	GARW	2036-04-01
2036-02-26	tropics	6	1.0472531	1.0604564	1.0334045	1.0566832	1.0383048	1.0522498	1.0423312	2036-02-26	tropics	6	1.0472531	1.0604564	1.0334045	1.0566832	1.0383048	1.0522498	1.0423312	2036-02-26	tropics	6	0.012206554	0.015432561	0.008804232	0.014523982	0.010006857	0.013395965	0.010979593	2036-02-26	tropics	6	0.012206554	0.015432561	0.008804232	0.014523982	0.010006857	0.013395965	0.010979593	GARW	2036-04-01
2036-02-27	tropics	6	1.0467327	1.0602376	1.0330989	1.0561482	1.0378029	1.051851	1.0418247	2036-02-27	tropics	6	1.0467327	1.0602376	1.0330989	1.0561482	1.0378029	1.051851	1.0418247	2036-02-27	tropics	6	0.012078404	0.015337837	0.008605128	0.014415931	0.009851694	0.013320446	0.010855913	2036-02-27	tropics	6	0.012078404	0.015337837	0.008605128	0.014415931	0.009851694	0.013320446	0.010855913	GARW	2036-04-01
2036-02-28	tropics	6	1.0462911	1.0600108	1.0326589	1.0557171	1.0373478	1.0514255	1.041421	2036-02-28	tropics	6	1.0462911	1.0600108	1.0326589	1.0557171	1.0373478	1.0514255	1.041421	2036-02-28	tropics	6	0.011950254	0.015277636	0.00852232	0.014305401	0.009712982	0.013218582	0.010712326	2036-02-28	tropics	6	0.011950254	0.015277636	0.00852232	0.014305401	0.009712982	0.013218582	0.010712326	GARW	2036-04-01
2036-02-29	tropics	6	1.0458558	1.05983	1.0319732	1.0554019	1.0366639	1.0510061	1.0409415	2036-02-29	tropics	6	1.0458558	1.05983	1.0319732	1.0554019	1.0366639	1.0510061	1.0409415	2036-02-29	tropics	6	0.011839747	0.015222163	0.008417475	0.014173148	0.009595203	0.013119936	0.010610938	2036-02-29	tropics	6	0.011839747	0.015222163	0.008417475	0.014173148	0.009595203	0.013119936	0.010610938	GARW	2036-04-01
2036-03-01	tropics	6	1.0453979	1.0595286	1.0312958	1.055082	1.0360739	1.0505509	1.0405996	2036-03-01	tropics	6	1.0453979	1.0595286	1.0312958	1.055082	1.0360739	1.0505509	1.0405996	2036-03-01	tropics	6	0.011734366	0.015175867	0.008266133	0.014095566	0.009451866	0.013017535	0.010504067	2036-03-01	tropics	6	0.011734366	0.015175867	0.008266133	0.014095566	0.009451866	0.013017535	0.010504067	GARW	2036-04-01
2036-03-02	tropics	6	1.044969	1.0594188	1.0305238	1.0547493	1.0355282	1.0500422	1.0401871	2036-03-02	tropics	6	1.044969	1.0594188	1.0305238	1.0547493	1.0355282	1.0500422	1.0401871	2036-03-02	tropics	6	0.011618257	0.015104915	0.00808782	0.014041256	0.009284258	0.012902558	0.01039654	2036-03-02	tropics	6	0.011618257	0.015104915	0.00808782	0.014041256	0.009284258	0.012902558	0.01039654	GARW	2036-04-01
2036-03-03	tropics	6	1.0444741	1.0592335	1.0298318	1.054434	1.0350734	1.0495461	1.0396333	2036-03-03	tropics	6	1.0444741	1.0592335	1.0298318	1.054434	1.0350734	1.0495461	1.0396333	2036-03-03	tropics	6	0.011514068	0.01506862	0.0079084635	0.0139397625	0.009146499	0.012775004	0.010312796	2036-03-03	tropics	6	0.011514068	0.01506862	0.0079084635	0.0139397625	0.009146499	0.012775004	0.010312796	GARW	2036-04-01
2036-03-04	tropics	6	1.0440063	1.0588496	1.0292822	1.0541189	1.0346175	1.0491933	1.0393052	2036-03-04	tropics	6	1.0440063	1.0588496	1.0292822	1.0541189	1.0346175	1.0491933	1.0393052	2036-03-04	tropics	6	0.011369348	0.015041751	0.0077270507	0.0138566485	0.009020996	0.012650788	0.010178804	2036-03-04	tropics	6	0.011369348	0.015041751	0.0077270507	0.0138566485	0.009020996	0.012650788	0.010178804	GARW	2036-04-01
2036-03-05	tropics	6	1.043579	1.0584384	1.0285565	1.0538499	1.0341688	1.048841	1.0389545	2036-03-05	tropics	6	1.043579	1.0584384	1.0285565	1.0538499	1.0341688	1.048841	1.0389545	2036-03-05	tropics	6	0.01127708	0.014962006	0.007567227	0.013775896	0.008911681	0.0125591755	0.010071039	2036-03-05	tropics	6	0.01127708	0.014962006	0.007567227	0.013775896	0.008911681	0.0125591755	0.010071039	GARW	2036-04-01
2036-03-06	tropics	6	1.0432092	1.058167	1.0280256	1.0535616	1.0337082	1.048661	1.0385528	2036-03-06	tropics	6	1.0432092	1.058167	1.0280256	1.0535616	1.0337082	1.048661	1.0385528	2036-03-06	tropics	6	0.01115644	0.014847815	0.007414669	0.013698721	0.008795023	0.01246357	0.0099775195	2036-03-06	tropics	6	0.01115644	0.014847815	0.007414669	0.013698721	0.008795023	0.01246357	0.0099775195	GARW	2036-04-01
2036-03-07	tropics	6	1.0427718	1.0578865	1.0274974	1.0531913	1.033267	1.0482881	1.0379275	2036-03-07	tropics	6	1.0427718	1.0578865	1.0274974	1.0531913	1.033267	1.0482881	1.0379275	2036-03-07	tropics	6	0.011067629	0.014776732	0.0072502913	0.013636994	0.00868299	0.012407482	0.009894729	2036-03-07	tropics	6	0.011067629	0.014776732	0.0072502913	0.013636994	0.00868299	0.012407482	0.009894729	GARW	2036-04-01
2036-03-08	tropics	6	1.0424374	1.057412	1.0268161	1.052816	1.0327556	1.0480089	1.037569	2036-03-08	tropics	6	1.0424374	1.057412	1.0268161	1.052816	1.0327556	1.0480089	1.037569	2036-03-08	tropics	6	0.010946512	0.014708735	0.007115078	0.013558626	0.008551931	0.012332082	0.009754479	2036-03-08	tropics	6	0.010946512	0.014708735	0.007115078	0.013558626	0.008551931	0.012332082	0.009754479	GARW	2036-04-01
2036-03-09	tropics	6	1.0421162	1.056989	1.0261154	1.0525557	1.0324287	1.047642	1.0371025	2036-03-09	tropics	6	1.0421162	1.056989	1.0261154	1.0525557	1.0324287	1.047642	1.0371025	2036-03-09	tropics	6	0.010864854	0.014616419	0.006959194	0.01346128	0.008431983	0.012253702	0.009656489	2036-03-09	tropics	6	0.010864854	0.014616419	0.006959194	0.01346128	0.008431983	0.012253702	0.009656489	GARW	2036-04-01
2036-03-10	tropics	6	1.041718	1.056901	1.02525	1.0523324	1.0319935	1.0474961	1.036776	2036-03-10	tropics	6	1.041718	1.056901	1.02525	1.0523324	1.0319935	1.0474961	1.036776	2036-03-10	tropics	6	0.010769248	0.014490145	0.0067802845	0.013384676	0.008346486	0.012162328	0.0095252395	2036-03-10	tropics	6	0.010769248	0.014490145	0.0067802845	0.013384676	0.008346486	0.012162328	0.0095252395	GARW	2036-04-01
2036-03-11	tropics	6	1.0415516	1.0569245	1.024545	1.0521302	1.0315834	1.0472465	1.0363712	2036-03-11	tropics	6	1.0415516	1.0569245	1.024545	1.0521302	1.0315834	1.0472465	1.0363712	2036-03-11	tropics	6	0.010694742	0.014435834	0.006583941	0.013322782	0.008264566	0.012119591	0.009454489	2036-03-11	tropics	6	0.010694742	0.014435834	0.006583941	0.013322782	0.008264566	0.012119591	0.009454489	GARW	2036-04-01
2036-03-12	tropics	6	1.0413048	1.0567325	1.0240409	1.0519178	1.0310959	1.046977	1.0359113	2036-03-12	tropics	6	1.0413048	1.0567325	1.0240409	1.0519178	1.0310959	1.046977	1.0359113	2036-03-12	tropics	6	0.010625958	0.014440783	0.006361139	0.013272665	0.008141232	0.012067497	0.009359658	2036-03-12	tropics	6	0.010625958	0.014440783	0.006361139	0.013272665	0.008141232	0.012067497	0.009359658	GARW	2036-04-01
2036-03-13	tropics	6	1.0408795	1.0566273	1.023379	1.051518	1.0306234	1.0467094	1.0354383	2036-03-13	tropics	6	1.0408795	1.0566273	1.023379	1.051518	1.0306234	1.0467094	1.0354383	2036-03-13	tropics	6	0.010567427	0.014412747	0.006234455	0.013221335	0.00802269	0.011995077	0.009220362	2036-03-13	tropics	6	0.010567427	0.014412747	0.006234455	0.013221335	0.00802269	0.011995077	0.009220362	GARW	2036-04-01
2036-03-14	tropics	6	1.0405357	1.0565329	1.0227896	1.0513347	1.030104	1.0465002	1.0350045	2036-03-14	tropics	6	1.0405357	1.0565329	1.0227896	1.0513347	1.030104	1.0465002	1.0350045	2036-03-14	tropics	6	0.010479093	0.014373603	0.00608027	0.013143778	0.007901716	0.0119223595	0.009128332	2036-03-14	tropics	6	0.010479093	0.014373603	0.00608027	0.013143778	0.007901716	0.0119223595	0.009128332	GARW	2036-04-01
2036-03-15	tropics	6	1.0402244	1.0565552	1.0222433	1.0511358	1.0296568	1.0464035	1.0346272	2036-03-15	tropics	6	1.0402244	1.0565552	1.0222433	1.0511358	1.0296568	1.0464035	1.0346272	2036-03-15	tropics	6	0.010383725	0.014355572	0.005914277	0.013068007	0.007787514	0.011881769	0.0089885	2036-03-15	tropics	6	0.010383725	0.014355572	0.005914277	0.013068007	0.007787514	0.011881769	0.0089885	GARW	2036-04-01
2036-03-16	tropics	6	1.0398884	1.056322	1.0216367	1.0510257	1.0291429	1.0459722	1.0343803	2036-03-16	tropics	6	1.0398884	1.056322	1.0216367	1.0510257	1.0291429	1.0459722	1.0343803	2036-03-16	tropics	6	0.0103087425	0.0143519165	0.0057857456	0.013016129	0.0076632737	0.011847556	0.008904517	2036-03-16	tropics	6	0.0103087425	0.0143519165	0.0057857456	0.013016129	0.0076632737	0.011847556	0.008904517	GARW	2036-04-01
2036-03-17	tropics	6	1.0396335	1.056075	1.0210452	1.0507969	1.0288576	1.0456667	1.0340931	2036-03-17	tropics	6	1.0396335	1.056075	1.0210452	1.0507969	1.0288576	1.0456667	1.0340931	2036-03-17	tropics	6	0.010247946	0.014316339	0.005629301	0.012990618	0.007525587	0.011758447	0.008832872	2036-03-17	tropics	6	0.010247946	0.014316339	0.005629301	0.012990618	0.007525587	0.011758447	0.008832872	GARW	2036-04-01
2036-03-18	tropics	6	1.0393157	1.0559566	1.0204562	1.0507411	1.0285635	1.0455148	1.0337602	2036-03-18	tropics	6	1.0393157	1.0559566	1.0204562	1.0507411	1.0285635	1.0455148	1.0337602	2036-03-18	tropics	6	0.010159135	0.014254696	0.0054778336	0.012959361	0.0074357986	0.011654019	0.008766651	2036-03-18	tropics	6	0.010159135	0.014254696	0.0054778336	0.012959361	0.0074357986	0.011654019	0.008766651	GARW	2036-04-01
2036-03-19	tropics	6	1.0391748	1.0559561	1.0200045	1.0505452	1.0283341	1.0453681	1.0334216	2036-03-19	tropics	6	1.0391748	1.0559561	1.0200045	1.0505452	1.0283341	1.0453681	1.0334216	2036-03-19	tropics	6	0.010077596	0.014198572	0.005326533	0.012924266	0.0073625324	0.011616051	0.008679986	2036-03-19	tropics	6	0.010077596	0.014198572	0.005326533	0.012924266	0.0073625324	0.011616051	0.008679986	GARW	2036-04-01
2036-03-20	tropics	6	1.0390584	1.0559745	1.0196587	1.0503969	1.0278505	1.0451741	1.0331587	2036-03-20	tropics	6	1.0390584	1.0559745	1.0196587	1.0503969	1.0278505	1.0451741	1.0331587	2036-03-20	tropics	6	0.010031819	0.014201737	0.005189562	0.012878085	0.007306409	0.011599779	0.008595586	2036-03-20	tropics	6	0.010031819	0.014201737	0.005189562	0.012878085	0.007306409	0.011599779	0.008595586	GARW	2036-04-01
2036-03-21	tropics	6	1.0387979	1.0562886	1.0193493	1.0502644	1.027607	1.0449159	1.0327784	2036-03-21	tropics	6	1.0387979	1.0562886	1.0193493	1.0502644	1.027607	1.0449159	1.0327784	2036-03-21	tropics	6	0.009994507	0.01420482	0.0050976337	0.012831687	0.0071824314	0.011546791	0.008527279	2036-03-21	tropics	6	0.009994507	0.01420482	0.0050976337	0.012831687	0.0071824314	0.011546791	0.008527279	GARW	2036-04-01
2036-03-22	tropics	6	1.038558	1.056697	1.0188966	1.0501837	1.0270768	1.0446384	1.0322922	2036-03-22	tropics	6	1.038558	1.056697	1.0188966	1.0501837	1.0270768	1.0446384	1.0322922	2036-03-22	tropics	6	0.00995779	0.01424078	0.0050149146	0.012801099	0.007095528	0.0114706755	0.008441091	2036-03-22	tropics	6	0.00995779	0.01424078	0.0050149146	0.012801099	0.007095528	0.0114706755	0.008441091	GARW	2036-04-01
2036-03-23	tropics	6	1.0383608	1.0567591	1.0182714	1.0501512	1.0265964	1.0444098	1.0319505	2036-03-23	tropics	6	1.0383608	1.0567591	1.0182714	1.0501512	1.0265964	1.0444098	1.0319505	2036-03-23	tropics	6	0.009878874	0.014362175	0.004933399	0.012774848	0.0070023774	0.011423588	0.008320034	2036-03-23	tropics	6	0.009878874	0.014362175	0.004933399	0.012774848	0.0070023774	0.011423588	0.008320034	GARW	2036-04-01
2036-03-24	tropics	6	1.0380232	1.0568198	1.0176599	1.0500687	1.0260782	1.0442276	1.0316707	2036-03-24	tropics	6	1.0380232	1.0568198	1.0176599	1.0500687	1.0260782	1.0442276	1.0316707	2036-03-24	tropics	6	0.009815693	0.014394623	0.004772103	0.012765837	0.0068882466	0.011342287	0.008216083	2036-03-24	tropics	6	0.009815693	0.014394623	0.004772103	0.012765837	0.0068882466	0.011342287	0.008216083	GARW	2036-04-01
2036-03-25	tropics	6	1.0378869	1.056713	1.0172719	1.0500864	1.0257294	1.0439491	1.0313319	2036-03-25	tropics	6	1.0378869	1.056713	1.0172719	1.0500864	1.0257294	1.0439491	1.0313319	2036-03-25	tropics	6	0.00976336	0.0144148	0.0046143234	0.012749314	0.0067527057	0.011290073	0.008161306	2036-03-25	tropics	6	0.00976336	0.0144148	0.0046143234	0.012749314	0.0067527057	0.011290073	0.008161306	GARW	2036-04-01
2036-03-26	tropics	6	1.0376015	1.0566201	1.0170448	1.0501255	1.0251763	1.0438094	1.0310798	2036-03-26	tropics	6	1.0376015	1.0566201	1.0170448	1.0501255	1.0251763	1.0438094	1.0310798	2036-03-26	tropics	6	0.009710312	0.014398887	0.00447762	0.012741852	0.006640983	0.011240244	0.0080756545	2036-03-26	tropics	6	0.009710312	0.014398887	0.00447762	0.012741852	0.006640983	0.011240244	0.0080756545	GARW	2036-04-01
2036-03-27	tropics	6	1.0374824	1.056656	1.0165129	1.0503438	1.0244961	1.0437685	1.0306704	2036-03-27	tropics	6	1.0374824	1.056656	1.0165129	1.0503438	1.0244961	1.0437685	1.0306704	2036-03-27	tropics	6	0.009639502	0.01437502	0.0044192076	0.012750125	0.0065393685	0.011203647	0.008001089	2036-03-27	tropics	6	0.009639502	0.01437502	0.0044192076	0.012750125	0.0065393685	0.011203647	0.008001089	GARW	2036-04-01
2036-03-28	tropics	6	1.0375519	1.0566756	1.0159025	1.0504764	1.0238221	1.0437586	1.0302387	2036-03-28	tropics	6	1.0375519	1.0566756	1.0159025	1.0504764	1.0238221	1.0437586	1.0302387	2036-03-28	tropics	6	0.009606242	0.014398326	0.004320979	0.012795878	0.006367302	0.011167347	0.007904828	2036-03-28	tropics	6	0.009606242	0.014398326	0.004320979	0.012795878	0.006367302	0.011167347	0.007904828	GARW	2036-04-01
2036-03-29	tropics	6	1.0374203	1.0566186	1.0152603	1.0505072	1.0234995	1.0437238	1.0301065	2036-03-29	tropics	6	1.0374203	1.0566186	1.0152603	1.0505072	1.0234995	1.0437238	1.0301065	2036-03-29	tropics	6	0.009591103	0.014364589	0.0042087315	0.012839459	0.0062055825	0.011181235	0.0077950954	2036-03-29	tropics	6	0.009591103	0.014364589	0.0042087315	0.012839459	0.0062055825	0.011181235	0.0077950954	GARW	2036-04-01
2036-03-30	tropics	6	1.0372846	1.0566815	1.0145105	1.0504156	1.0230308	1.0438337	1.0298263	2036-03-30	tropics	6	1.0372846	1.0566815	1.0145105	1.0504156	1.0230308	1.0438337	1.0298263	2036-03-30	tropics	6	0.009590387	0.014384726	0.003988278	0.012847042	0.006059909	0.011162996	0.0077314973	2036-03-30	tropics	6	0.009590387	0.014384726	0.003988278	0.012847042	0.006059909	0.011162996	0.0077314973	GARW	2036-04-01
2036-03-31	tropics	6	1.0370045	1.0570743	1.0136368	1.0506185	1.0225455	1.0436757	1.0295116	2036-03-31	tropics	6	1.0370045	1.0570743	1.0136368	1.0506185	1.0225455	1.0436757	1.0295116	2036-03-31	tropics	6	0.009535074	0.014358408	0.003833592	0.012831829	0.005971694	0.01114428	0.0076880455	2036-03-31	tropics	6	0.009535074	0.014358408	0.003833592	0.012831829	0.005971694	0.01114428	0.0076880455	GARW	2036-04-01
2036-04-01	tropics	6	1.036668	1.05749	1.0127522	1.0506692	1.0221176	1.043752	1.0292581	2036-04-01	tropics	6	1.036668	1.05749	1.0127522	1.0506692	1.0221176	1.043752	1.0292581	2036-04-01	tropics	6	0.00949502	0.014442385	0.0036104978	0.012857508	0.005859256	0.011187553	0.0075756907	2036-04-01	tropics	6	0.00949502	0.014442385	0.0036104978	0.012857508	0.005859256	0.011187553	0.0075756907	GARW	2036-04-01
