date	location	variant	median_freq_nowcast	freq_upper_95	freq_lower_95	freq_upper_80	freq_lower_80	freq_upper_50	freq_lower_50	median_freq_forecast	freq_forecast_upper_95	freq_forecast_lower_95	freq_forecast_upper_80	freq_forecast_lower_80	freq_forecast_upper_50	freq_forecast_lower_50	model
2025-04-05	north	20	1.0	1.0	1.0	1.0	1.0	1.0	1.0								FGA
2025-04-06	north	20	1.0	1.0	1.0	1.0	1.0	1.0	1.0								FGA
2025-04-07	north	20	1.0	1.0	1.0	1.0	1.0	1.0	1.0								FGA
2025-04-08	north	20	1.0	1.0	1.0	1.0	1.0	1.0	1.0								FGA
2025-04-09	north	20	1.0	1.0	1.0	1.0	1.0	1.0	1.0								FGA
2025-04-10	north	20	1.0	1.0	1.0	1.0	1.0	1.0	1.0								FGA
2025-04-11	north	20	1.0	1.0	1.0	1.0	1.0	1.0	1.0								FGA
2025-04-12	north	20	1.0	1.0	1.0	1.0	1.0	1.0	1.0								FGA
2025-04-13	north	20	1.0	1.0	1.0	1.0	1.0	1.0	1.0								FGA
2025-04-14	north	20	1.0	1.0	1.0	1.0	1.0	1.0	1.0								FGA
2025-04-15	north	20	1.0	1.0	1.0	1.0	1.0	1.0	1.0								FGA
2025-04-16	north	20	1.0	1.0	1.0	1.0	1.0	1.0	1.0								FGA
2025-04-17	north	20	1.0	1.0	1.0	1.0	1.0	1.0	1.0								FGA
2025-04-18	north	20	1.0	1.0	1.0	1.0	1.0	1.0	1.0								FGA
2025-04-19	north	20	1.0	1.0	1.0	1.0	1.0	1.0	1.0								FGA
2025-04-20	north	20	1.0	1.0	1.0	1.0	1.0	1.0	1.0								FGA
2025-04-21	north	20	1.0	1.0	1.0	1.0	1.0	1.0	1.0								FGA
2025-04-22	north	20	1.0	1.0	1.0	1.0	1.0	1.0	1.0								FGA
2025-04-23	north	20	1.0	1.0	1.0	1.0	1.0	1.0	1.0								FGA
2025-04-24	north	20	1.0	1.0	1.0	1.0	1.0	1.0	1.0								FGA
2025-04-25	north	20	1.0	1.0	1.0	1.0	1.0	1.0	1.0								FGA
2025-04-26	north	20	1.0	1.0	1.0	1.0	1.0	1.0	1.0								FGA
2025-04-27	north	20	1.0	1.0	1.0	1.0	1.0	1.0	1.0								FGA
2025-04-28	north	20	1.0	1.0	1.0	1.0	1.0	1.0	1.0								FGA
2025-04-29	north	20	1.0	1.0	1.0	1.0	1.0	1.0	1.0								FGA
2025-04-30	north	20	1.0	1.0	1.0	1.0	1.0	1.0	1.0								FGA
2025-05-01	north	20	1.0	1.0	1.0	1.0	1.0	1.0	1.0								FGA
2025-05-02	north	20	1.0	1.0	1.0	1.0	1.0	1.0	1.0								FGA
2025-05-03	north	20	1.0	1.0	1.0	1.0	1.0	1.0	1.0								FGA
2025-05-04	north	20	1.0	1.0	1.0	1.0	1.0	1.0	1.0								FGA
2025-05-05	north	20	1.0	1.0	1.0	1.0	1.0	1.0	1.0								FGA
2025-05-06	north	20	1.0	1.0	1.0	1.0	1.0	1.0	1.0								FGA
2025-05-07	north	20	1.0	1.0	1.0	1.0	1.0	1.0	1.0								FGA
2025-05-08	north	20	1.0	1.0	1.0	1.0	1.0	1.0	1.0								FGA
2025-05-09	north	20	1.0	1.0	1.0	1.0	1.0	1.0	1.0								FGA
2025-05-10	north	20	1.0	1.0	1.0	1.0	1.0	1.0	1.0								FGA
2025-05-11	north	20	1.0	1.0	1.0	1.0	1.0	1.0	1.0								FGA
2025-05-12	north	20	1.0	1.0	1.0	1.0	1.0	1.0	1.0								FGA
2025-05-13	north	20	1.0	1.0	1.0	1.0	1.0	1.0	1.0								FGA
2025-05-14	north	20	1.0	1.0	1.0	1.0	1.0	1.0	1.0								FGA
2025-05-15	north	20	1.0	1.0	1.0	1.0	1.0	1.0	1.0								FGA
2025-05-16	north	20	1.0	1.0	1.0	1.0	1.0	1.0	1.0								FGA
2025-05-17	north	20	1.0	1.0	1.0	1.0	1.0	1.0	1.0								FGA
2025-05-18	north	20	1.0	1.0	1.0	1.0	1.0	1.0	1.0								FGA
2025-05-19	north	20	1.0	1.0	1.0	1.0	1.0	1.0	1.0								FGA
2025-05-20	north	20	1.0	1.0	1.0	1.0	1.0	1.0	1.0								FGA
2025-05-21	north	20	1.0	1.0	1.0	1.0	1.0	1.0	1.0								FGA
2025-05-22	north	20	1.0	1.0	1.0	1.0	1.0	1.0	1.0								FGA
2025-05-23	north	20	1.0	1.0	1.0	1.0	1.0	1.0	1.0								FGA
2025-05-24	north	20	1.0	1.0	1.0	1.0	1.0	1.0	1.0								FGA
2025-05-25	north	20	1.0	1.0	1.0	1.0	1.0	1.0	1.0								FGA
2025-05-26	north	20	1.0	1.0	1.0	1.0	1.0	1.0	1.0								FGA
2025-05-27	north	20	1.0	1.0	1.0	1.0	1.0	1.0	1.0								FGA
2025-05-28	north	20	1.0	1.0	1.0	1.0	1.0	1.0	1.0								FGA
2025-05-29	north	20	1.0	1.0	1.0	1.0	1.0	1.0	1.0								FGA
2025-05-30	north	20	1.0	1.0	1.0	1.0	1.0	1.0	1.0								FGA
2025-05-31	north	20	1.0	1.0	1.0	1.0	1.0	1.0	1.0								FGA
2025-06-01	north	20	1.0	1.0	1.0	1.0	1.0	1.0	1.0								FGA
2025-06-02	north	20	1.0	1.0	1.0	1.0	1.0	1.0	1.0								FGA
2025-06-03	north	20	1.0	1.0	1.0	1.0	1.0	1.0	1.0								FGA
2025-06-04	north	20	1.0	1.0	1.0	1.0	1.0	1.0	1.0								FGA
2025-06-05	north	20	1.0	1.0	1.0	1.0	1.0	1.0	1.0								FGA
2025-06-06	north	20	1.0	1.0	1.0	1.0	1.0	1.0	1.0								FGA
2025-06-07	north	20	1.0	1.0	1.0	1.0	1.0	1.0	1.0								FGA
2025-06-08	north	20	1.0	1.0	1.0	1.0	1.0	1.0	1.0								FGA
2025-06-09	north	20	1.0	1.0	1.0	1.0	1.0	1.0	1.0								FGA
2025-06-10	north	20	1.0	1.0	1.0	1.0	1.0	1.0	1.0								FGA
2025-06-11	north	20	1.0	1.0	1.0	1.0	1.0	1.0	1.0								FGA
2025-06-12	north	20	1.0	1.0	1.0	1.0	1.0	1.0	1.0								FGA
2025-06-13	north	20	1.0	1.0	1.0	1.0	1.0	1.0	1.0								FGA
2025-06-14	north	20	1.0	1.0	1.0	1.0	1.0	1.0	1.0								FGA
2025-06-15	north	20	1.0	1.0	1.0	1.0	1.0	1.0	1.0								FGA
2025-06-16	north	20	1.0	1.0	1.0	1.0	1.0	1.0	1.0								FGA
2025-06-17	north	20	1.0	1.0	1.0	1.0	1.0	1.0	1.0								FGA
2025-06-18	north	20	1.0	1.0	1.0	1.0	1.0	1.0	1.0								FGA
2025-06-19	north	20	1.0	1.0	1.0	1.0	1.0	1.0	1.0								FGA
2025-06-20	north	20	1.0	1.0	1.0	1.0	1.0	1.0	1.0								FGA
2025-06-21	north	20	1.0	1.0	1.0	1.0	1.0	1.0	1.0								FGA
2025-06-22	north	20	1.0	1.0	1.0	1.0	1.0	1.0	1.0								FGA
2025-06-23	north	20	1.0	1.0	1.0	1.0	1.0	1.0	1.0								FGA
2025-06-24	north	20	1.0	1.0	1.0	1.0	1.0	1.0	1.0								FGA
2025-06-25	north	20	1.0	1.0	1.0	1.0	1.0	1.0	1.0								FGA
2025-06-26	north	20	1.0	1.0	1.0	1.0	1.0	1.0	1.0								FGA
2025-06-27	north	20	1.0	1.0	1.0	1.0	1.0	1.0	1.0								FGA
2025-06-28	north	20	1.0	1.0	1.0	1.0	1.0	1.0	1.0								FGA
2025-06-29	north	20	1.0	1.0	1.0	1.0	1.0	1.0	1.0								FGA
2025-06-30	north	20	1.0	1.0	1.0	1.0	1.0	1.0	1.0								FGA
2025-07-01	north	20	1.0	1.0	1.0	1.0	1.0	1.0	1.0								FGA
2025-07-02	north	20	1.0	1.0	1.0	1.0	1.0	1.0	1.0								FGA
2025-07-03	north	20	1.0	1.0	1.0	1.0	1.0	1.0	1.0								FGA
2025-07-04	north	20	1.0	1.0	1.0	1.0	1.0	1.0	1.0								FGA
2025-07-05	north	20	1.0	1.0	1.0	1.0	1.0	1.0	1.0								FGA
2025-07-06	north	20	1.0	1.0	1.0	1.0	1.0	1.0	1.0								FGA
2025-07-07	north	20	1.0	1.0	1.0	1.0	1.0	1.0	1.0								FGA
2025-07-08	north	20	1.0	1.0	1.0	1.0	1.0	1.0	1.0								FGA
2025-07-09	north	20	1.0	1.0	1.0	1.0	1.0	1.0	1.0								FGA
2025-07-10	north	20	1.0	1.0	1.0	1.0	1.0	1.0	1.0								FGA
2025-07-11	north	20	1.0	1.0	1.0	1.0	1.0	1.0	1.0								FGA
2025-07-12	north	20	1.0	1.0	1.0	1.0	1.0	1.0	1.0								FGA
2025-07-13	north	20	1.0	1.0	1.0	1.0	1.0	1.0	1.0								FGA
2025-07-14	north	20	1.0	1.0	1.0	1.0	1.0	1.0	1.0								FGA
2025-07-15	north	20	1.0	1.0	1.0	1.0	1.0	1.0	1.0								FGA
2025-07-16	north	20	1.0	1.0	1.0	1.0	1.0	1.0	1.0								FGA
2025-07-17	north	20	1.0	1.0	1.0	1.0	1.0	1.0	1.0								FGA
2025-07-18	north	20	1.0	1.0	1.0	1.0	1.0	1.0	1.0								FGA
2025-07-19	north	20	1.0	1.0	1.0	1.0	1.0	1.0	1.0								FGA
2025-07-20	north	20	1.0	1.0	1.0	1.0	1.0	1.0	1.0								FGA
2025-07-21	north	20	1.0	1.0	1.0	1.0	1.0	1.0	1.0								FGA
2025-07-22	north	20	1.0	1.0	1.0	1.0	1.0	1.0	1.0								FGA
2025-07-23	north	20	1.0	1.0	1.0	1.0	1.0	1.0	1.0								FGA
2025-07-24	north	20	1.0	1.0	1.0	1.0	1.0	1.0	1.0								FGA
2025-07-25	north	20	1.0	1.0	1.0	1.0	1.0	1.0	1.0								FGA
2025-07-26	north	20	1.0	1.0	1.0	1.0	1.0	1.0	1.0								FGA
2025-07-27	north	20	1.0	1.0	1.0	1.0	1.0	1.0	1.0								FGA
2025-07-28	north	20	1.0	1.0	1.0	1.0	1.0	1.0	1.0								FGA
2025-07-29	north	20	1.0	1.0	1.0	1.0	1.0	1.0	1.0								FGA
2025-07-30	north	20	1.0	1.0	1.0	1.0	1.0	1.0	1.0								FGA
2025-07-31	north	20	1.0	1.0	1.0	1.0	1.0	1.0	1.0								FGA
2025-08-01	north	20	1.0	1.0	1.0	1.0	1.0	1.0	1.0								FGA
2025-08-02	north	20	1.0	1.0	1.0	1.0	1.0	1.0	1.0								FGA
2025-08-03	north	20	1.0	1.0	1.0	1.0	1.0	1.0	1.0								FGA
2025-08-04	north	20	1.0	1.0	1.0	1.0	1.0	1.0	1.0								FGA
2025-08-05	north	20	1.0	1.0	1.0	1.0	1.0	1.0	1.0								FGA
2025-08-06	north	20	1.0	1.0	1.0	1.0	1.0	1.0	1.0								FGA
2025-08-07	north	20	1.0	1.0	1.0	1.0	1.0	1.0	1.0								FGA
2025-08-08	north	20	1.0	1.0	1.0	1.0	1.0	1.0	1.0								FGA
2025-08-09	north	20	1.0	1.0	1.0	1.0	1.0	1.0	1.0								FGA
2025-08-10	north	20	1.0	1.0	1.0	1.0	1.0	1.0	1.0								FGA
2025-08-11	north	20	1.0	1.0	1.0	1.0	1.0	1.0	1.0								FGA
2025-08-12	north	20	1.0	1.0	1.0	1.0	1.0	1.0	1.0								FGA
2025-08-13	north	20	1.0	1.0	1.0	1.0	1.0	1.0	1.0								FGA
2025-08-14	north	20	1.0	1.0	1.0	1.0	1.0	1.0	1.0								FGA
2025-08-15	north	20	1.0	1.0	1.0	1.0	1.0	1.0	1.0								FGA
2025-08-16	north	20	1.0	1.0	1.0	1.0	1.0	1.0	1.0								FGA
2025-08-17	north	20	1.0	1.0	1.0	1.0	1.0	1.0	1.0								FGA
2025-08-18	north	20	1.0	1.0	1.0	1.0	1.0	1.0	1.0								FGA
2025-08-19	north	20	1.0	1.0	1.0	1.0	1.0	1.0	1.0								FGA
2025-08-20	north	20	1.0	1.0	1.0	1.0	1.0	1.0	1.0								FGA
2025-08-21	north	20	1.0	1.0	1.0	1.0	1.0	1.0	1.0								FGA
2025-08-22	north	20	1.0	1.0	1.0	1.0	1.0	1.0	1.0								FGA
2025-08-23	north	20	1.0	1.0	1.0	1.0	1.0	1.0	1.0								FGA
2025-08-24	north	20	1.0	1.0	1.0	1.0	1.0	1.0	1.0								FGA
2025-08-25	north	20	1.0	1.0	1.0	1.0	1.0	1.0	1.0								FGA
2025-08-26	north	20	1.0	1.0	1.0	1.0	1.0	1.0	1.0								FGA
2025-08-27	north	20	1.0	1.0	1.0	1.0	1.0	1.0	1.0								FGA
2025-08-28	north	20	1.0	1.0	1.0	1.0	1.0	1.0	1.0								FGA
2025-08-29	north	20	1.0	1.0	1.0	1.0	1.0	1.0	1.0								FGA
2025-08-30	north	20	1.0	1.0	1.0	1.0	1.0	1.0	1.0								FGA
2025-08-31	north	20	1.0	1.0	1.0	1.0	1.0	1.0	1.0								FGA
2025-09-01	north	20	1.0	1.0	1.0	1.0	1.0	1.0	1.0								FGA
2025-09-02	north	20	1.0	1.0	1.0	1.0	1.0	1.0	1.0								FGA
2025-09-03	north	20	1.0	1.0	1.0	1.0	1.0	1.0	1.0								FGA
2025-09-04	north	20	1.0	1.0	1.0	1.0	1.0	1.0	1.0								FGA
2025-09-05	north	20	1.0	1.0	1.0	1.0	1.0	1.0	1.0								FGA
2025-09-06	north	20	1.0	1.0	1.0	1.0	1.0	1.0	1.0								FGA
2025-09-07	north	20	1.0	1.0	1.0	1.0	1.0	1.0	1.0								FGA
2025-09-08	north	20	1.0	1.0	1.0	1.0	1.0	1.0	1.0								FGA
2025-09-09	north	20	1.0	1.0	1.0	1.0	1.0	1.0	1.0								FGA
2025-09-10	north	20	1.0	1.0	1.0	1.0	1.0	1.0	1.0								FGA
2025-09-11	north	20	1.0	1.0	1.0	1.0	1.0	1.0	1.0								FGA
2025-09-12	north	20	1.0	1.0	1.0	1.0	1.0	1.0	1.0								FGA
2025-09-13	north	20	1.0	1.0	1.0	1.0	1.0	1.0	1.0								FGA
2025-09-14	north	20	1.0	1.0	1.0	1.0	1.0	1.0	1.0								FGA
2025-09-15	north	20	1.0	1.0	1.0	1.0	1.0	1.0	1.0								FGA
2025-09-16	north	20	1.0	1.0	1.0	1.0	1.0	1.0	1.0								FGA
2025-09-17	north	20	1.0	1.0	1.0	1.0	1.0	1.0	1.0								FGA
2025-09-18	north	20	1.0	1.0	1.0	1.0	1.0	1.0	1.0								FGA
2025-09-19	north	20	1.0	1.0	1.0	1.0	1.0	1.0	1.0								FGA
2025-09-20	north	20	1.0	1.0	1.0	1.0	1.0	1.0	1.0								FGA
2025-09-21	north	20	1.0	1.0	1.0	1.0	1.0	1.0	1.0								FGA
2025-09-22	north	20	1.0	1.0	1.0	1.0	1.0	1.0	1.0								FGA
2025-09-23	north	20	1.0	1.0	1.0	1.0	1.0	1.0	1.0								FGA
2025-09-24	north	20	1.0	1.0	1.0	1.0	1.0	1.0	1.0								FGA
2025-09-25	north	20	1.0	1.0	1.0	1.0	1.0	1.0	1.0								FGA
2025-09-26	north	20	1.0	1.0	1.0	1.0	1.0	1.0	1.0								FGA
2025-09-27	north	20	1.0	1.0	1.0	1.0	1.0	1.0	1.0								FGA
2025-09-28	north	20	1.0	1.0	1.0	1.0	1.0	1.0	1.0								FGA
2025-09-29	north	20	1.0	1.0	1.0	1.0	1.0	1.0	1.0								FGA
2025-09-30	north	20	1.0	1.0	1.0	1.0	1.0	1.0	1.0								FGA
2025-10-01	north	20	1.0	1.0	1.0	1.0	1.0	1.0	1.0								FGA
2025-10-02	north	20	1.0	1.0	1.0	1.0	1.0	1.0	1.0								FGA
2025-10-03	north	20	1.0	1.0	1.0	1.0	1.0	1.0	1.0								FGA
2025-10-04	north	20	1.0	1.0	1.0	1.0	1.0	1.0	1.0								FGA
2025-10-05	north	20	1.0	1.0	1.0	1.0	1.0	1.0	1.0								FGA
2025-10-06	north	20	1.0	1.0	1.0	1.0	1.0	1.0	1.0								FGA
2025-10-07	north	20	1.0	1.0	1.0	1.0	1.0	1.0	1.0								FGA
2025-10-08	north	20	1.0	1.0	1.0	1.0	1.0	1.0	1.0								FGA
2025-10-09	north	20	1.0	1.0	1.0	1.0	1.0	1.0	1.0								FGA
2025-10-10	north	20	1.0	1.0	1.0	1.0	1.0	1.0	1.0								FGA
2025-10-11	north	20	1.0	1.0	1.0	1.0	1.0	1.0	1.0								FGA
2025-10-12	north	20	1.0	1.0	1.0	1.0	1.0	1.0	1.0								FGA
2025-10-13	north	20	1.0	1.0	1.0	1.0	1.0	1.0	1.0								FGA
2025-10-14	north	20	1.0	1.0	1.0	1.0	1.0	1.0	1.0								FGA
2025-10-15	north	20	1.0	1.0	1.0	1.0	1.0	1.0	1.0								FGA
2025-10-16	north	20	1.0	1.0	1.0	1.0	1.0	1.0	1.0								FGA
2025-10-17	north	20	1.0	1.0	1.0	1.0	1.0	1.0	1.0								FGA
2025-10-18	north	20	1.0	1.0	1.0	1.0	1.0	1.0	1.0								FGA
2025-10-19	north	20	1.0	1.0	1.0	1.0	1.0	1.0	1.0								FGA
2025-10-20	north	20	1.0	1.0	1.0	1.0	1.0	1.0	1.0								FGA
2025-10-21	north	20	1.0	1.0	1.0	1.0	1.0	1.0	1.0								FGA
2025-10-22	north	20	1.0	1.0	1.0	1.0	1.0	1.0	1.0								FGA
2025-10-23	north	20	1.0	1.0	1.0	1.0	1.0	1.0	1.0								FGA
2025-10-24	north	20	1.0	1.0	1.0	1.0	1.0	1.0	1.0								FGA
2025-10-25	north	20	1.0	1.0	1.0	1.0	1.0	1.0	1.0								FGA
2025-10-26	north	20	1.0	1.0	1.0	1.0	1.0	1.0	1.0								FGA
2025-10-27	north	20	1.0	1.0	1.0	1.0	1.0	1.0	1.0								FGA
2025-10-28	north	20	1.0	1.0	1.0	1.0	1.0	1.0	1.0								FGA
2025-10-29	north	20	1.0	1.0	1.0	1.0	1.0	1.0	1.0								FGA
2025-10-30	north	20	1.0	1.0	1.0	1.0	1.0	1.0	1.0								FGA
2025-10-31	north	20	1.0	1.0	1.0	1.0	1.0	1.0	1.0								FGA
2025-11-01	north	20	1.0	1.0	1.0	1.0	1.0	1.0	1.0								FGA
2025-11-02	north	20	1.0	1.0	1.0	1.0	1.0	1.0	1.0								FGA
2025-11-03	north	20	1.0	1.0	1.0	1.0	1.0	1.0	1.0								FGA
2025-11-04	north	20	1.0	1.0	1.0	1.0	1.0	1.0	1.0								FGA
2025-11-05	north	20	1.0	1.0	1.0	1.0	1.0	1.0	1.0								FGA
2025-11-06	north	20	1.0	1.0	1.0	1.0	1.0	1.0	1.0								FGA
2025-11-07	north	20	1.0	1.0	1.0	1.0	1.0	1.0	1.0								FGA
2025-11-08	north	20	1.0	1.0	1.0	1.0	1.0	1.0	1.0								FGA
2025-11-09	north	20	1.0	1.0	1.0	1.0	1.0	1.0	1.0								FGA
2025-11-10	north	20	1.0	1.0	1.0	1.0	1.0	1.0	1.0								FGA
2025-11-11	north	20	1.0	1.0	1.0	1.0	1.0	1.0	1.0								FGA
2025-11-12	north	20	1.0	1.0	1.0	1.0	1.0	1.0	1.0								FGA
2025-11-13	north	20	1.0	1.0	1.0	1.0	1.0	1.0	1.0								FGA
2025-11-14	north	20	1.0	1.0	1.0	1.0	1.0	1.0	1.0								FGA
2025-11-15	north	20	1.0	1.0	1.0	1.0	1.0	1.0	1.0								FGA
2025-11-16	north	20	1.0	1.0	1.0	1.0	1.0	1.0	1.0								FGA
2025-11-17	north	20	1.0	1.0	1.0	1.0	1.0	1.0	1.0								FGA
2025-11-18	north	20	1.0	1.0	1.0	1.0	1.0	1.0	1.0								FGA
2025-11-19	north	20	1.0	1.0	1.0	1.0	1.0	1.0	1.0								FGA
2025-11-20	north	20	1.0	1.0	1.0	1.0	1.0	1.0	1.0								FGA
2025-11-21	north	20	1.0	1.0	1.0	1.0	1.0	1.0	1.0								FGA
2025-11-22	north	20	1.0	1.0	1.0	1.0	1.0	1.0	1.0								FGA
2025-11-23	north	20	1.0	1.0	1.0	1.0	1.0	1.0	1.0								FGA
2025-11-24	north	20	1.0	1.0	1.0	1.0	1.0	1.0	1.0								FGA
2025-11-25	north	20	1.0	1.0	1.0	1.0	1.0	1.0	1.0								FGA
2025-11-26	north	20	1.0	1.0	1.0	1.0	1.0	1.0	1.0								FGA
2025-11-27	north	20	1.0	1.0	1.0	1.0	1.0	1.0	1.0								FGA
2025-11-28	north	20	1.0	1.0	1.0	1.0	1.0	1.0	1.0								FGA
2025-11-29	north	20	1.0	1.0	1.0	1.0	1.0	1.0	1.0								FGA
2025-11-30	north	20	1.0	1.0	1.0	1.0	1.0	1.0	1.0								FGA
2025-12-01	north	20	1.0	1.0	1.0	1.0	1.0	1.0	1.0								FGA
2025-12-02	north	20	1.0	1.0	1.0	1.0	1.0	1.0	1.0								FGA
2025-12-03	north	20	1.0	1.0	1.0	1.0	1.0	1.0	1.0								FGA
2025-12-04	north	20	1.0	1.0	1.0	1.0	1.0	1.0	1.0								FGA
2025-12-05	north	20	1.0	1.0	1.0	1.0	1.0	1.0	1.0								FGA
2025-12-06	north	20	1.0	1.0	1.0	1.0	1.0	1.0	1.0								FGA
2025-12-07	north	20	1.0	1.0	1.0	1.0	1.0	1.0	1.0								FGA
2025-12-08	north	20	1.0	1.0	1.0	1.0	1.0	1.0	1.0								FGA
2025-12-09	north	20	1.0	1.0	1.0	1.0	1.0	1.0	1.0								FGA
2025-12-10	north	20	1.0	1.0	1.0	1.0	1.0	1.0	1.0								FGA
2025-12-11	north	20	1.0	1.0	1.0	1.0	1.0	1.0	1.0								FGA
2025-12-12	north	20	1.0	1.0	1.0	1.0	1.0	1.0	1.0								FGA
2025-12-13	north	20	1.0	1.0	1.0	1.0	1.0	1.0	1.0								FGA
2025-12-14	north	20	1.0	1.0	1.0	1.0	1.0	1.0	1.0								FGA
2025-12-15	north	20	1.0	1.0	1.0	1.0	1.0	1.0	1.0								FGA
2025-12-16	north	20	1.0	1.0	1.0	1.0	1.0	1.0	1.0								FGA
2025-12-17	north	20	1.0	1.0	1.0	1.0	1.0	1.0	1.0								FGA
2025-12-18	north	20	1.0	1.0	1.0	1.0	1.0	1.0	1.0								FGA
2025-12-19	north	20	1.0	1.0	1.0	1.0	1.0	1.0	1.0								FGA
2025-12-20	north	20	1.0	1.0	1.0	1.0	1.0	1.0	1.0								FGA
2025-12-21	north	20	1.0	1.0	1.0	1.0	1.0	1.0	1.0								FGA
2025-12-22	north	20	1.0	1.0	1.0	1.0	1.0	1.0	1.0								FGA
2025-12-23	north	20	1.0	1.0	1.0	1.0	1.0	1.0	1.0								FGA
2025-12-24	north	20	1.0	1.0	1.0	1.0	1.0	1.0	1.0								FGA
2025-12-25	north	20	1.0	1.0	1.0	1.0	1.0	1.0	1.0								FGA
2025-12-26	north	20	1.0	1.0	1.0	1.0	1.0	1.0	1.0								FGA
2025-12-27	north	20	1.0	1.0	1.0	1.0	1.0	1.0	1.0								FGA
2025-12-28	north	20	1.0	1.0	1.0	1.0	1.0	1.0	1.0								FGA
2025-12-29	north	20	1.0	1.0	1.0	1.0	1.0	1.0	1.0								FGA
2025-12-30	north	20	1.0	1.0	1.0	1.0	1.0	1.0	1.0								FGA
2025-12-31	north	20	1.0	1.0	1.0	1.0	1.0	1.0	1.0								FGA
2026-01-01	north	20	1.0	1.0	1.0	1.0	1.0	1.0	1.0								FGA
2026-01-02	north	20	1.0	1.0	1.0	1.0	1.0	1.0	1.0								FGA
2026-01-03	north	20	1.0	1.0	1.0	1.0	1.0	1.0	1.0								FGA
2026-01-04	north	20	1.0	1.0	1.0	1.0	1.0	1.0	1.0								FGA
2026-01-05	north	20	1.0	1.0	1.0	1.0	1.0	1.0	1.0								FGA
2026-01-06	north	20	1.0	1.0	1.0	1.0	1.0	1.0	1.0								FGA
2026-01-07	north	20	1.0	1.0	1.0	1.0	1.0	1.0	1.0								FGA
2026-01-08	north	20	1.0	1.0	1.0	1.0	1.0	1.0	1.0								FGA
2026-01-09	north	20	1.0	1.0	1.0	1.0	1.0	1.0	1.0								FGA
2026-01-10	north	20	1.0	1.0	1.0	1.0	1.0	1.0	1.0								FGA
2026-01-11	north	20	1.0	1.0	1.0	1.0	1.0	1.0	1.0								FGA
2026-01-12	north	20	1.0	1.0	1.0	1.0	1.0	1.0	1.0								FGA
2026-01-13	north	20	1.0	1.0	1.0	1.0	1.0	1.0	1.0								FGA
2026-01-14	north	20	1.0	1.0	1.0	1.0	1.0	1.0	1.0								FGA
2026-01-15	north	20	1.0	1.0	1.0	1.0	1.0	1.0	1.0								FGA
2026-01-16	north	20	1.0	1.0	1.0	1.0	1.0	1.0	1.0								FGA
2026-01-17	north	20	1.0	1.0	1.0	1.0	1.0	1.0	1.0								FGA
2026-01-18	north	20	1.0	1.0	1.0	1.0	1.0	1.0	1.0								FGA
2026-01-19	north	20	1.0	1.0	1.0	1.0	1.0	1.0	1.0								FGA
2026-01-20	north	20	1.0	1.0	1.0	1.0	1.0	1.0	1.0								FGA
2026-01-21	north	20	1.0	1.0	1.0	1.0	1.0	1.0	1.0								FGA
2026-01-22	north	20	1.0	1.0	1.0	1.0	1.0	1.0	1.0								FGA
2026-01-23	north	20	1.0	1.0	1.0	1.0	1.0	1.0	1.0								FGA
2026-01-24	north	20	1.0	1.0	1.0	1.0	1.0	1.0	1.0								FGA
2026-01-25	north	20	1.0	1.0	1.0	1.0	1.0	1.0	1.0								FGA
2026-01-26	north	20	1.0	1.0	1.0	1.0	1.0	1.0	1.0								FGA
2026-01-27	north	20	1.0	1.0	1.0	1.0	1.0	1.0	1.0								FGA
2026-01-28	north	20	1.0	1.0	1.0	1.0	1.0	1.0	1.0								FGA
2026-01-29	north	20	1.0	1.0	1.0	1.0	1.0	1.0	1.0								FGA
2026-01-30	north	20	1.0	1.0	1.0	1.0	1.0	1.0	1.0								FGA
2026-01-31	north	20	1.0	1.0	1.0	1.0	1.0	1.0	1.0								FGA
2026-02-01	north	20	1.0	1.0	1.0	1.0	1.0	1.0	1.0								FGA
2026-02-02	north	20	1.0	1.0	1.0	1.0	1.0	1.0	1.0								FGA
2026-02-03	north	20	1.0	1.0	1.0	1.0	1.0	1.0	1.0								FGA
2026-02-04	north	20	1.0	1.0	1.0	1.0	1.0	1.0	1.0								FGA
2026-02-05	north	20	1.0	1.0	1.0	1.0	1.0	1.0	1.0								FGA
2026-02-06	north	20	1.0	1.0	1.0	1.0	1.0	1.0	1.0								FGA
2026-02-07	north	20	1.0	1.0	1.0	1.0	1.0	1.0	1.0								FGA
2026-02-08	north	20	1.0	1.0	1.0	1.0	1.0	1.0	1.0								FGA
2026-02-09	north	20	1.0	1.0	1.0	1.0	1.0	1.0	1.0								FGA
2026-02-10	north	20	1.0	1.0	1.0	1.0	1.0	1.0	1.0								FGA
2026-02-11	north	20	1.0	1.0	1.0	1.0	1.0	1.0	1.0								FGA
2026-02-12	north	20	1.0	1.0	1.0	1.0	1.0	1.0	1.0								FGA
2026-02-13	north	20	1.0	1.0	1.0	1.0	1.0	1.0	1.0								FGA
2026-02-14	north	20	1.0	1.0	1.0	1.0	1.0	1.0	1.0								FGA
2026-02-15	north	20	1.0	1.0	1.0	1.0	1.0	1.0	1.0								FGA
2026-02-16	north	20	1.0	1.0	1.0	1.0	1.0	1.0	1.0								FGA
2026-02-17	north	20	1.0	1.0	1.0	1.0	1.0	1.0	1.0								FGA
2026-02-18	north	20	1.0	1.0	1.0	1.0	1.0	1.0	1.0								FGA
2026-02-19	north	20	1.0	1.0	1.0	1.0	1.0	1.0	1.0								FGA
2026-02-20	north	20	1.0	1.0	1.0	1.0	1.0	1.0	1.0								FGA
2026-02-21	north	20	1.0	1.0	1.0	1.0	1.0	1.0	1.0								FGA
2026-02-22	north	20	1.0	1.0	1.0	1.0	1.0	1.0	1.0								FGA
2026-02-23	north	20	0.990057	0.9976569	0.9681684	0.99608856	0.97820693	0.9939676	0.9851066								FGA
2026-02-24	north	20	0.8538916	0.96180916	0.6393399	0.937961	0.72278535	0.90697086	0.7948836								FGA
2026-02-25	north	20	0.72474045	0.9193285	0.44048163	0.87351304	0.53702843	0.81530386	0.6329788								FGA
2026-02-26	north	20	0.6651622	0.89724934	0.36885047	0.8407189	0.46297282	0.77051497	0.56196517								FGA
2026-02-27	north	20	0.6117244	0.8747709	0.31368268	0.8076579	0.404558	0.727101	0.5030338								FGA
2026-02-28	north	20	0.5490545	0.84480864	0.25942853	0.76549166	0.34199864	0.67318344	0.438202								FGA
2026-03-01	north	20	0.49436924	0.8155914	0.21784316	0.72532505	0.29331833	0.62299407	0.38395646								FGA
2026-03-02	north	20	0.44913504	0.78937227	0.18738176	0.6901443	0.25670248	0.58147126	0.34196454								FGA
2026-03-03	north	20	0.4092707	0.7636964	0.16232835	0.6558138	0.22586232	0.5429572	0.3055247								FGA
2026-03-04	north	20	0.37252113	0.73739964	0.1409235	0.62145954	0.19888355	0.50514305	0.27276152								FGA
2026-03-05	north	20	0.34001082	0.71139205	0.12305756	0.5880927	0.17550318	0.47065365	0.24430786								FGA
2026-03-06	north	20	0.31048378	0.68617475	0.10812035	0.55586916	0.15548733	0.43778282	0.21961382								FGA
2026-03-07	north	20	0.28353405	0.66130614	0.09536141	0.5248384	0.1386948	0.40675318	0.19779997								FGA
2026-03-08	north	20	0.25869602	0.63676053	0.08434952	0.494934	0.124081984	0.37750196	0.178719								FGA
2026-03-09	north	20	0.23720671	0.61375636	0.07522092	0.46738508	0.111530185	0.3517505	0.16299856								FGA
2026-03-10	north	20	0.23032753	0.60541064	0.07255929	0.457687	0.10764487	0.34276024	0.15766776								FGA
2026-03-11	north	20	0.22715493	0.59997696	0.071644746	0.45226616	0.1062662	0.33747324	0.15426025								FGA
2026-03-12	north	20	0.21551922	0.5848798	0.06721751	0.43543816	0.09992853	0.32318163	0.14554387								FGA
2026-03-13	north	20	0.20395017	0.56943643	0.06281932	0.4193299	0.09347809	0.30829912	0.13715386								FGA
2026-03-14	north	20	0.19578469	0.5570396	0.05984007	0.4071871	0.08885778	0.29723778	0.13126884								FGA
2026-03-15	north	20	0.1881059	0.5443031	0.05708253	0.39604777	0.08448493	0.28772235	0.12513328								FGA
2026-03-16	north	20	0.17972687	0.53026843	0.054028306	0.38185078	0.0801225	0.2759224	0.118250996								FGA
2026-03-17	north	20	0.17160247	0.516361	0.05109737	0.36826578	0.07570061	0.2649584	0.1124703								FGA
2026-03-18	north	20	0.16349822	0.5029994	0.04846652	0.3557295	0.07157259	0.25461587	0.107321925								FGA
2026-03-19	north	20	0.15595528	0.4895579	0.04597893	0.34336624	0.06787814	0.24447098	0.1020824								FGA
2026-03-20	north	20	0.14884418	0.47595197	0.04356151	0.33099344	0.06431954	0.23442127	0.09684469								FGA
2026-03-21	north	20	0.14201957	0.46242777	0.04126181	0.318871	0.060956754	0.22459513	0.091814354								FGA
2026-03-22	north	20	0.13546267	0.4490308	0.039098226	0.30707893	0.057815198	0.21481904	0.087032266								FGA
2026-03-23	north	20	0.12919201	0.43569204	0.03704001	0.29553255	0.05482437	0.20494086	0.08247398								FGA
2026-03-24	north	20	0.12343782	0.42266527	0.034974955	0.2842166	0.052040607	0.19568624	0.07816224								FGA
2026-03-25	north	20	0.11785241	0.410856	0.03302371	0.27317482	0.049315896	0.18639356	0.07412997								FGA
2026-03-26	north	20	0.112531155	0.39915726	0.031182906	0.26242217	0.04667285	0.17797297	0.07034979								FGA
2026-03-27	north	20	0.10756558	0.3875657	0.029444758	0.25195047	0.04436264	0.17048502	0.0670798								FGA
2026-03-28	north	20	0.102724925	0.37535462	0.027802842	0.24176091	0.041951403	0.1632513	0.06352408								FGA
2026-03-29	north	20	0.0975468	0.36261475	0.026252687	0.23213574	0.039784968	0.15627201	0.060211338								FGA
2025-04-05	north	3	1.381229e-15	2.0276639e-15	9.585528e-16	1.7511965e-15	1.0883264e-15	1.5638856e-15	1.2191276e-15								FGA
2025-04-06	north	3	1.291383e-15	1.8953137e-15	8.968916e-16	1.6379369e-15	1.0182428e-15	1.4625046e-15	1.1401525e-15								FGA
2025-04-07	north	3	1.4036115e-15	2.038043e-15	9.822602e-16	1.771528e-15	1.1071671e-15	1.5832784e-15	1.2439115e-15								FGA
2025-04-08	north	3	1.8138863e-15	2.610383e-15	1.2855568e-15	2.2838683e-15	1.4452689e-15	2.0445402e-15	1.6082412e-15								FGA
2025-04-09	north	3	2.3028793e-15	3.25662e-15	1.6501105e-15	2.8699424e-15	1.8390667e-15	2.5766442e-15	2.0552998e-15								FGA
2025-04-10	north	3	2.6139145e-15	3.6410465e-15	1.9010877e-15	3.2397007e-15	2.1045323e-15	2.9034451e-15	2.3304964e-15								FGA
2025-04-11	north	3	2.9758813e-15	4.0967553e-15	2.1926875e-15	3.6749494e-15	2.4126003e-15	3.2980945e-15	2.6544503e-15								FGA
2025-04-12	north	3	3.5123399e-15	4.8018272e-15	2.6195432e-15	4.3283324e-15	2.863752e-15	3.885147e-15	3.1339484e-15								FGA
2025-04-13	north	3	4.1364862e-15	5.5743306e-15	3.1097116e-15	5.092387e-15	3.4105595e-15	4.572313e-15	3.7022154e-15								FGA
2025-04-14	north	3	4.7853745e-15	6.3658833e-15	3.6047855e-15	5.8417326e-15	3.9498565e-15	5.2641145e-15	4.2931323e-15								FGA
2025-04-15	north	3	5.506523e-15	7.249257e-15	4.1869186e-15	6.6750618e-15	4.5702573e-15	6.0265962e-15	4.9343294e-15								FGA
2025-04-16	north	3	6.370518e-15	8.2578995e-15	4.822062e-15	7.63331e-15	5.2963657e-15	6.9347252e-15	5.7067786e-15								FGA
2025-04-17	north	3	7.310366e-15	9.4626735e-15	5.5918583e-15	8.791827e-15	6.110673e-15	7.970329e-15	6.577795e-15								FGA
2025-04-18	north	3	8.3443545e-15	1.0740782e-14	6.4070157e-15	9.985159e-15	7.0017145e-15	9.115448e-15	7.535246e-15								FGA
2025-04-19	north	3	9.497473e-15	1.2198279e-14	7.2724665e-15	1.1323708e-14	7.9926215e-15	1.0373069e-14	8.58556e-15								FGA
2025-04-20	north	3	1.0800367e-14	1.3774547e-14	8.261313e-15	1.281269e-14	9.111519e-15	1.1774594e-14	9.779789e-15								FGA
2025-04-21	north	3	1.2271743e-14	1.5450489e-14	9.365218e-15	1.4446637e-14	1.0329084e-14	1.33444315e-14	1.1093936e-14								FGA
2025-04-22	north	3	1.3836934e-14	1.7434833e-14	1.0636045e-14	1.6210667e-14	1.1660859e-14	1.5121993e-14	1.2588536e-14								FGA
2025-04-23	north	3	1.5631519e-14	1.9590181e-14	1.2039108e-14	1.816879e-14	1.3132101e-14	1.7039504e-14	1.4191561e-14								FGA
2025-04-24	north	3	1.7609083e-14	2.1770354e-14	1.3563875e-14	2.0337973e-14	1.47775e-14	1.9098154e-14	1.5982768e-14								FGA
2025-04-25	north	3	1.9696848e-14	2.4210123e-14	1.5229974e-14	2.2802849e-14	1.6633782e-14	2.1316672e-14	1.7900005e-14								FGA
2025-04-26	north	3	2.1956903e-14	2.70868e-14	1.6981374e-14	2.5430494e-14	1.8522957e-14	2.3846688e-14	2.0038164e-14								FGA
2025-04-27	north	3	2.4541492e-14	3.029916e-14	1.8907104e-14	2.83489e-14	2.0684955e-14	2.6579625e-14	2.2352817e-14								FGA
2025-04-28	north	3	2.7275047e-14	3.3661645e-14	2.1060692e-14	3.1579662e-14	2.298415e-14	2.9567142e-14	2.4898122e-14								FGA
2025-04-29	north	3	3.0202935e-14	3.73616e-14	2.336148e-14	3.4887197e-14	2.5443145e-14	3.2933583e-14	2.7649995e-14								FGA
2025-04-30	north	3	3.3525564e-14	4.1469944e-14	2.5905723e-14	3.8601904e-14	2.8171133e-14	3.65396e-14	3.065458e-14								FGA
2025-05-01	north	3	3.6939886e-14	4.585744e-14	2.8633796e-14	4.255419e-14	3.1118693e-14	4.0356146e-14	3.3918326e-14								FGA
2025-05-02	north	3	4.068382e-14	5.0874337e-14	3.155242e-14	4.7018677e-14	3.4366522e-14	4.4427705e-14	3.738657e-14								FGA
2025-05-03	north	3	4.460073e-14	5.6035265e-14	3.4890717e-14	5.1789868e-14	3.7907598e-14	4.9045146e-14	4.1197213e-14								FGA
2025-05-04	north	3	4.9019572e-14	6.1767276e-14	3.84561e-14	5.708148e-14	4.1757674e-14	5.39131e-14	4.5056027e-14								FGA
2025-05-05	north	3	5.379901e-14	6.79701e-14	4.2166483e-14	6.290357e-14	4.5745813e-14	5.925696e-14	4.9671808e-14								FGA
2025-05-06	north	3	5.902443e-14	7.4650565e-14	4.5894244e-14	6.9051014e-14	4.9812744e-14	6.491759e-14	5.4552818e-14								FGA
2025-05-07	north	3	6.470105e-14	8.200637e-14	4.9683815e-14	7.571835e-14	5.4344834e-14	7.092181e-14	5.971413e-14								FGA
2025-05-08	north	3	7.066266e-14	9.018512e-14	5.4240836e-14	8.3241485e-14	5.941948e-14	7.739149e-14	6.518755e-14								FGA
2025-05-09	north	3	7.699264e-14	9.902919e-14	5.8948716e-14	9.124213e-14	6.47474e-14	8.449448e-14	7.0989947e-14								FGA
2025-05-10	north	3	8.363915e-14	1.0812343e-13	6.4122745e-14	9.9506164e-14	7.040354e-14	9.204043e-14	7.716805e-14								FGA
2025-05-11	north	3	9.1126305e-14	1.1803151e-13	6.929577e-14	1.08675804e-13	7.642285e-14	1.0001703e-13	8.3923035e-14								FGA
2025-05-12	north	3	9.903589e-14	1.2897313e-13	7.4681635e-14	1.1919372e-13	8.290453e-14	1.08705295e-13	9.117974e-14								FGA
2025-05-13	north	3	1.0756847e-13	1.4034084e-13	8.0384165e-14	1.2966948e-13	8.997975e-14	1.1799398e-13	9.9097285e-14								FGA
2025-05-14	north	3	1.1684019e-13	1.5300756e-13	8.6418475e-14	1.4044439e-13	9.752104e-14	1.2799282e-13	1.0741578e-13								FGA
2025-05-15	north	3	1.2645959e-13	1.6603044e-13	9.319617e-14	1.527089e-13	1.0522667e-13	1.3861873e-13	1.1609881e-13								FGA
2025-05-16	north	3	1.3664422e-13	1.8049021e-13	1.0077175e-13	1.6520287e-13	1.1389198e-13	1.4997248e-13	1.2530932e-13								FGA
2025-05-17	north	3	1.470408e-13	1.97213e-13	1.090306e-13	1.7883069e-13	1.2289364e-13	1.6235478e-13	1.3545066e-13								FGA
2025-05-18	north	3	1.5848798e-13	2.1504157e-13	1.1800356e-13	1.9405605e-13	1.3210425e-13	1.757545e-13	1.4549152e-13								FGA
2025-05-19	north	3	1.7135215e-13	2.3218897e-13	1.2715369e-13	2.0994849e-13	1.4293967e-13	1.8958676e-13	1.5640473e-13								FGA
2025-05-20	north	3	1.8458916e-13	2.50233e-13	1.3677568e-13	2.2694417e-13	1.539391e-13	2.0458534e-13	1.6766718e-13								FGA
2025-05-21	north	3	1.9849367e-13	2.6999697e-13	1.4732594e-13	2.4663656e-13	1.6521811e-13	2.2028185e-13	1.7968782e-13								FGA
2025-05-22	north	3	2.1404527e-13	2.907139e-13	1.5833935e-13	2.6541627e-13	1.7708757e-13	2.3742485e-13	1.9359771e-13								FGA
2025-05-23	north	3	2.3045617e-13	3.1282225e-13	1.695382e-13	2.859363e-13	1.8966004e-13	2.559353e-13	2.0744459e-13								FGA
2025-05-24	north	3	2.4801922e-13	3.3871782e-13	1.815102e-13	3.0648167e-13	2.0304675e-13	2.7598095e-13	2.2244991e-13								FGA
2025-05-25	north	3	2.6681419e-13	3.6649993e-13	1.9392556e-13	3.3030097e-13	2.1792458e-13	2.955913e-13	2.378738e-13								FGA
2025-05-26	north	3	2.8639423e-13	3.95479e-13	2.0667567e-13	3.5517886e-13	2.327355e-13	3.176462e-13	2.5399282e-13								FGA
2025-05-27	north	3	3.0685556e-13	4.2767696e-13	2.2043486e-13	3.8072147e-13	2.4723154e-13	3.4119032e-13	2.712958e-13								FGA
2025-05-28	north	3	3.2788914e-13	4.621889e-13	2.34944e-13	4.0710157e-13	2.6269433e-13	3.6606823e-13	2.9006954e-13								FGA
2025-05-29	north	3	3.5180303e-13	4.991872e-13	2.5119715e-13	4.3772234e-13	2.820924e-13	3.9167468e-13	3.1022453e-13								FGA
2025-05-30	north	3	3.765228e-13	5.3886843e-13	2.666375e-13	4.7303746e-13	2.9976659e-13	4.1963292e-13	3.3224004e-13								FGA
2025-05-31	north	3	4.0289164e-13	5.790094e-13	2.822609e-13	5.0786117e-13	3.208324e-13	4.497953e-13	3.5422931e-13								FGA
2025-06-01	north	3	4.315987e-13	6.2269374e-13	2.9906e-13	5.4423144e-13	3.4246073e-13	4.82207e-13	3.773324e-13								FGA
2025-06-02	north	3	4.632927e-13	6.7032946e-13	3.175188e-13	5.811452e-13	3.6422493e-13	5.170871e-13	4.018616e-13								FGA
2025-06-03	north	3	4.9592253e-13	7.21464e-13	3.372859e-13	6.247377e-13	3.8675183e-13	5.541967e-13	4.2721634e-13								FGA
2025-06-04	north	3	5.2756877e-13	7.729545e-13	3.58054e-13	6.701225e-13	4.135749e-13	5.939195e-13	4.5455425e-13								FGA
2025-06-05	north	3	5.6221195e-13	8.314743e-13	3.8009507e-13	7.1734095e-13	4.3813363e-13	6.365684e-13	4.826991e-13								FGA
2025-06-06	north	3	5.991077e-13	8.9452117e-13	4.02551e-13	7.7068994e-13	4.625216e-13	6.794188e-13	5.146298e-13								FGA
2025-06-07	north	3	6.3875495e-13	9.637282e-13	4.2553575e-13	8.261575e-13	4.9044265e-13	7.264123e-13	5.4878904e-13								FGA
2025-06-08	north	3	6.7784965e-13	1.0326237e-12	4.4971476e-13	8.822818e-13	5.196359e-13	7.763895e-13	5.8345635e-13								FGA
2025-06-09	north	3	7.205366e-13	1.1048129e-12	4.750275e-13	9.479144e-13	5.507202e-13	8.2873725e-13	6.190164e-13								FGA
2025-06-10	north	3	7.6526036e-13	1.185713e-12	5.032975e-13	1.0184323e-12	5.833568e-13	8.83917e-13	6.57889e-13								FGA
2025-06-11	north	3	8.141502e-13	1.2744764e-12	5.3109524e-13	1.088659e-12	6.182323e-13	9.465321e-13	6.9864096e-13								FGA
2025-06-12	north	3	8.642312e-13	1.3665178e-12	5.5842706e-13	1.1550701e-12	6.5522305e-13	1.0109076e-12	7.418826e-13								FGA
2025-06-13	north	3	9.210966e-13	1.4651919e-12	5.8805743e-13	1.2382029e-12	6.94688e-13	1.0802109e-12	7.873143e-13								FGA
2025-06-14	north	3	9.782981e-13	1.567505e-12	6.189492e-13	1.3244986e-12	7.364052e-13	1.1549729e-12	8.338517e-13								FGA
2025-06-15	north	3	1.0395873e-12	1.6759411e-12	6.5406426e-13	1.4166434e-12	7.794271e-13	1.2390764e-12	8.847605e-13								FGA
2025-06-16	north	3	1.1053693e-12	1.7948823e-12	6.8813667e-13	1.5105466e-12	8.231201e-13	1.3163702e-12	9.37525e-13								FGA
2025-06-17	north	3	1.1730304e-12	1.9239734e-12	7.26239e-13	1.6171589e-12	8.68858e-13	1.4026707e-12	9.93531e-13								FGA
2025-06-18	north	3	1.2455269e-12	2.0555738e-12	7.6665486e-13	1.719238e-12	9.166488e-13	1.4977507e-12	1.0537717e-12								FGA
2025-06-19	north	3	1.3210997e-12	2.1966172e-12	8.089327e-13	1.8276476e-12	9.688261e-13	1.597251e-12	1.1136863e-12								FGA
2025-06-20	north	3	1.4027777e-12	2.3455654e-12	8.503109e-13	1.9407245e-12	1.0233024e-12	1.7027981e-12	1.1774433e-12								FGA
2025-06-21	north	3	1.4841613e-12	2.499657e-12	8.931409e-13	2.066527e-12	1.0844865e-12	1.8158975e-12	1.2466913e-12								FGA
2025-06-22	north	3	1.5694401e-12	2.6651305e-12	9.389157e-13	2.2037621e-12	1.1406772e-12	1.9337383e-12	1.3197668e-12								FGA
2025-06-23	north	3	1.6706879e-12	2.8402348e-12	9.882489e-13	2.3629863e-12	1.2036718e-12	2.053882e-12	1.3934123e-12								FGA
2025-06-24	north	3	1.7746379e-12	3.0251988e-12	1.0452252e-12	2.523762e-12	1.2661342e-12	2.1946364e-12	1.4753846e-12								FGA
2025-06-25	north	3	1.8774392e-12	3.22253e-12	1.1055545e-12	2.6817875e-12	1.3328321e-12	2.3374406e-12	1.5595156e-12								FGA
2025-06-26	north	3	1.9878394e-12	3.4320728e-12	1.1691243e-12	2.856126e-12	1.4061925e-12	2.484991e-12	1.6407131e-12								FGA
2025-06-27	north	3	2.116631e-12	3.6550984e-12	1.2298183e-12	3.0484582e-12	1.4757928e-12	2.6375408e-12	1.72558e-12								FGA
2025-06-28	north	3	2.2500404e-12	3.884673e-12	1.2840759e-12	3.2517034e-12	1.546617e-12	2.8032227e-12	1.8218803e-12								FGA
2025-06-29	north	3	2.3894732e-12	4.1216527e-12	1.3424549e-12	3.4776127e-12	1.6318928e-12	2.969569e-12	1.9234365e-12								FGA
2025-06-30	north	3	2.523014e-12	4.3663797e-12	1.4079856e-12	3.687736e-12	1.7261108e-12	3.1531312e-12	2.032653e-12								FGA
2025-07-01	north	3	2.6692181e-12	4.6263444e-12	1.4760341e-12	3.9418243e-12	1.8135858e-12	3.3511384e-12	2.1470204e-12								FGA
2025-07-02	north	3	2.8195233e-12	4.9268996e-12	1.5471449e-12	4.1717493e-12	1.9084036e-12	3.5567957e-12	2.2654144e-12								FGA
2025-07-03	north	3	2.9787988e-12	5.2454542e-12	1.6225161e-12	4.424228e-12	2.004201e-12	3.769155e-12	2.394538e-12								FGA
2025-07-04	north	3	3.1516617e-12	5.585785e-12	1.7017182e-12	4.723366e-12	2.1057928e-12	3.997606e-12	2.5280353e-12								FGA
2025-07-05	north	3	3.3253305e-12	5.938318e-12	1.7870374e-12	5.0080057e-12	2.2076316e-12	4.2398238e-12	2.6689367e-12								FGA
2025-07-06	north	3	3.5154965e-12	6.310808e-12	1.8831312e-12	5.299148e-12	2.3147586e-12	4.4907754e-12	2.8076504e-12								FGA
2025-07-07	north	3	3.7072767e-12	6.703685e-12	1.9750466e-12	5.6045875e-12	2.4145e-12	4.727577e-12	2.9491607e-12								FGA
2025-07-08	north	3	3.907691e-12	7.116806e-12	2.0711805e-12	5.925627e-12	2.520715e-12	4.975717e-12	3.1003442e-12								FGA
2025-07-09	north	3	4.1075927e-12	7.55687e-12	2.1716875e-12	6.294007e-12	2.640356e-12	5.2952824e-12	3.2592017e-12								FGA
2025-07-10	north	3	4.326776e-12	8.034181e-12	2.274148e-12	6.6590743e-12	2.7947271e-12	5.6130933e-12	3.4070262e-12								FGA
2025-07-11	north	3	4.5565288e-12	8.518174e-12	2.377698e-12	7.040571e-12	2.925511e-12	5.9203814e-12	3.566912e-12								FGA
2025-07-12	north	3	4.7892072e-12	9.0341745e-12	2.4974495e-12	7.440134e-12	3.0704256e-12	6.184319e-12	3.7340317e-12								FGA
2025-07-13	north	3	5.0387277e-12	9.575537e-12	2.6179141e-12	7.8554e-12	3.214633e-12	6.500023e-12	3.9238517e-12								FGA
2025-07-14	north	3	5.3052155e-12	1.0146302e-11	2.7432347e-12	8.2816245e-12	3.3508881e-12	6.882011e-12	4.106859e-12								FGA
2025-07-15	north	3	5.5641186e-12	1.07861385e-11	2.866073e-12	8.725186e-12	3.4899785e-12	7.289734e-12	4.2919466e-12								FGA
2025-07-16	north	3	5.8247465e-12	1.1476033e-11	2.9833154e-12	9.206045e-12	3.6319346e-12	7.7138365e-12	4.4699834e-12								FGA
2025-07-17	north	3	6.088175e-12	1.2199912e-11	3.1028606e-12	9.699891e-12	3.778362e-12	8.112436e-12	4.6586506e-12								FGA
2025-07-18	north	3	6.367494e-12	1.2958369e-11	3.2254765e-12	1.0213866e-11	3.9380096e-12	8.506576e-12	4.846402e-12								FGA
2025-07-19	north	3	6.6795788e-12	1.3749387e-11	3.3512717e-12	1.0748126e-11	4.1020113e-12	8.950772e-12	5.0534377e-12								FGA
2025-07-20	north	3	7.0073452e-12	1.45266655e-11	3.4716878e-12	1.1302748e-11	4.2797853e-12	9.380064e-12	5.292397e-12								FGA
2025-07-21	north	3	7.346581e-12	1.5313289e-11	3.5955718e-12	1.1877719e-11	4.4552e-12	9.814757e-12	5.5103413e-12								FGA
2025-07-22	north	3	7.700396e-12	1.6118638e-11	3.7302618e-12	1.2483222e-11	4.6613555e-12	1.0270051e-11	5.757182e-12								FGA
2025-07-23	north	3	8.0406645e-12	1.687462e-11	3.86736e-12	1.30881755e-11	4.8677026e-12	1.073383e-11	6.016537e-12								FGA
2025-07-24	north	3	8.37975e-12	1.7710328e-11	4.006703e-12	1.3719852e-11	5.06349e-12	1.114605e-11	6.2741865e-12								FGA
2025-07-25	north	3	8.740503e-12	1.855918e-11	4.148109e-12	1.4298003e-11	5.268137e-12	1.1617265e-11	6.5499043e-12								FGA
2025-07-26	north	3	9.122045e-12	1.9352546e-11	4.3048494e-12	1.4953008e-11	5.4810436e-12	1.2120598e-11	6.822589e-12								FGA
2025-07-27	north	3	9.490794e-12	2.0161251e-11	4.469516e-12	1.5650875e-11	5.6911073e-12	1.2632658e-11	7.1045635e-12								FGA
2025-07-28	north	3	9.865651e-12	2.1087042e-11	4.6211225e-12	1.6367852e-11	5.9060326e-12	1.3167349e-11	7.394431e-12								FGA
2025-07-29	north	3	1.0268156e-11	2.2078922e-11	4.7535604e-12	1.7118116e-11	6.130222e-12	1.36904516e-11	7.6900136e-12								FGA
2025-07-30	north	3	1.0674987e-11	2.3090346e-11	4.885351e-12	1.7792476e-11	6.347066e-12	1.4210006e-11	8.010207e-12								FGA
2025-07-31	north	3	1.1069545e-11	2.4118898e-11	5.0310537e-12	1.8446442e-11	6.573577e-12	1.4684403e-11	8.296978e-12								FGA
2025-08-01	north	3	1.1476545e-11	2.5161847e-11	5.1942777e-12	1.9201791e-11	6.8035733e-12	1.5254556e-11	8.61004e-12								FGA
2025-08-02	north	3	1.1892501e-11	2.6242387e-11	5.3487223e-12	1.9940074e-11	7.013844e-12	1.5872439e-11	8.9272175e-12								FGA
2025-08-03	north	3	1.2311206e-11	2.7337198e-11	5.487783e-12	2.0630584e-11	7.2443913e-12	1.648537e-11	9.2478265e-12								FGA
2025-08-04	north	3	1.2721617e-11	2.8438252e-11	5.6238104e-12	2.136952e-11	7.480105e-12	1.7129138e-11	9.549519e-12								FGA
2025-08-05	north	3	1.3133753e-11	2.949754e-11	5.7716987e-12	2.2175905e-11	7.698407e-12	1.7654454e-11	9.832404e-12								FGA
2025-08-06	north	3	1.3515222e-11	3.0497393e-11	5.908276e-12	2.3041546e-11	7.910897e-12	1.8208315e-11	1.0100689e-11								FGA
2025-08-07	north	3	1.3929047e-11	3.1486244e-11	6.037661e-12	2.3765014e-11	8.098562e-12	1.8741071e-11	1.0368914e-11								FGA
2025-08-08	north	3	1.4308906e-11	3.245996e-11	6.181021e-12	2.456579e-11	8.295941e-12	1.9252164e-11	1.0634404e-11								FGA
2025-08-09	north	3	1.4646766e-11	3.341432e-11	6.363662e-12	2.5336525e-11	8.455766e-12	1.972113e-11	1.09056245e-11								FGA
2025-08-10	north	3	1.4988483e-11	3.4393228e-11	6.530819e-12	2.6100575e-11	8.624861e-12	2.0281126e-11	1.1185086e-11								FGA
2025-08-11	north	3	1.536255e-11	3.535601e-11	6.674074e-12	2.6803558e-11	8.773895e-12	2.079539e-11	1.1474629e-11								FGA
2025-08-12	north	3	1.5685247e-11	3.629156e-11	6.8133745e-12	2.7508888e-11	8.915799e-12	2.1296038e-11	1.163966e-11								FGA
2025-08-13	north	3	1.6002016e-11	3.719554e-11	6.9482553e-12	2.820633e-11	9.059823e-12	2.1803859e-11	1.1869566e-11								FGA
2025-08-14	north	3	1.6336661e-11	3.806368e-11	7.078254e-12	2.8845376e-11	9.21655e-12	2.2301657e-11	1.2094264e-11								FGA
2025-08-15	north	3	1.6636184e-11	3.8891793e-11	7.202925e-12	2.944577e-11	9.419893e-12	2.2769484e-11	1.2282627e-11								FGA
2025-08-16	north	3	1.6940973e-11	3.967582e-11	7.321827e-12	3.000929e-11	9.619185e-12	2.3221456e-11	1.2458802e-11								FGA
2025-08-17	north	3	1.7224064e-11	4.0411858e-11	7.4345426e-12	3.054884e-11	9.810929e-12	2.3672926e-11	1.258374e-11								FGA
2025-08-18	north	3	1.7433157e-11	4.109622e-11	7.54067e-12	3.0973488e-11	9.992081e-12	2.4181592e-11	1.27625e-11								FGA
2025-08-19	north	3	1.7670677e-11	4.1725463e-11	7.639831e-12	3.139275e-11	1.0102631e-11	2.4451163e-11	1.2860326e-11								FGA
2025-08-20	north	3	1.7889603e-11	4.229642e-11	7.7234e-12	3.1739618e-11	1.0211036e-11	2.4729881e-11	1.30064475e-11								FGA
2025-08-21	north	3	1.8035802e-11	4.2814564e-11	7.790398e-12	3.2003105e-11	1.0258749e-11	2.4950668e-11	1.3190692e-11								FGA
2025-08-22	north	3	1.8204122e-11	4.3272292e-11	7.8130055e-12	3.2224525e-11	1.0294117e-11	2.509158e-11	1.3329414e-11								FGA
2025-08-23	north	3	1.8422876e-11	4.366454e-11	7.822176e-12	3.240339e-11	1.0406941e-11	2.5333399e-11	1.3458594e-11								FGA
2025-08-24	north	3	1.8552954e-11	4.398947e-11	7.791622e-12	3.2587655e-11	1.0537418e-11	2.5521403e-11	1.35684745e-11								FGA
2025-08-25	north	3	1.86644e-11	4.4245628e-11	7.753809e-12	3.266741e-11	1.0575121e-11	2.5685988e-11	1.3697988e-11								FGA
2025-08-26	north	3	1.8683305e-11	4.4432e-11	7.7089455e-12	3.2686603e-11	1.0584503e-11	2.5778803e-11	1.3812492e-11								FGA
2025-08-27	north	3	1.8687302e-11	4.454796e-11	7.6572654e-12	3.2764895e-11	1.0577155e-11	2.5749965e-11	1.3864546e-11								FGA
2025-08-28	north	3	1.8733081e-11	4.4593332e-11	7.628693e-12	3.276121e-11	1.0605998e-11	2.5797194e-11	1.3927581e-11								FGA
2025-08-29	north	3	1.8742397e-11	4.46034e-11	7.598147e-12	3.268535e-11	1.0591142e-11	2.5778454e-11	1.3940312e-11								FGA
2025-08-30	north	3	1.8752465e-11	4.4630844e-11	7.560178e-12	3.267453e-11	1.0564459e-11	2.5744153e-11	1.3934473e-11								FGA
2025-08-31	north	3	1.8756283e-11	4.45852e-11	7.512302e-12	3.261389e-11	1.0526116e-11	2.563083e-11	1.3945024e-11								FGA
2025-09-01	north	3	1.8667155e-11	4.4467353e-11	7.457378e-12	3.2604038e-11	1.04808115e-11	2.54392e-11	1.3881097e-11								FGA
2025-09-02	north	3	1.8557295e-11	4.4278626e-11	7.431247e-12	3.2545192e-11	1.0426186e-11	2.5151433e-11	1.3834022e-11								FGA
2025-09-03	north	3	1.848994e-11	4.4020773e-11	7.408704e-12	3.2433906e-11	1.036051e-11	2.4932296e-11	1.3770241e-11								FGA
2025-09-04	north	3	1.8315321e-11	4.348315e-11	7.380202e-12	3.2258127e-11	1.0316541e-11	2.469922e-11	1.36633135e-11								FGA
2025-09-05	north	3	1.8135748e-11	4.2869246e-11	7.345524e-12	3.2101766e-11	1.0263301e-11	2.4438392e-11	1.3499809e-11								FGA
2025-09-06	north	3	1.8010447e-11	4.2199865e-11	7.309074e-12	3.1934386e-11	1.0180744e-11	2.4114426e-11	1.33721315e-11								FGA
2025-09-07	north	3	1.7811013e-11	4.147934e-11	7.282012e-12	3.167965e-11	1.0028824e-11	2.373043e-11	1.3249998e-11								FGA
2025-09-08	north	3	1.7548258e-11	4.0712173e-11	7.2504992e-12	3.134036e-11	9.869272e-12	2.3437021e-11	1.3116343e-11								FGA
2025-09-09	north	3	1.7267597e-11	3.9910405e-11	7.214649e-12	3.078335e-11	9.731357e-12	2.3044563e-11	1.2963222e-11								FGA
2025-09-10	north	3	1.7019403e-11	3.9080097e-11	7.1745856e-12	3.0239027e-11	9.608939e-12	2.2714872e-11	1.2766066e-11								FGA
2025-09-11	north	3	1.680954e-11	3.814663e-11	7.1304347e-12	2.9708853e-11	9.4521144e-12	2.2357663e-11	1.25169874e-11								FGA
2025-09-12	north	3	1.6590705e-11	3.7156018e-11	7.082334e-12	2.9260563e-11	9.295639e-12	2.198981e-11	1.2264981e-11								FGA
2025-09-13	north	3	1.628943e-11	3.6444472e-11	7.014035e-12	2.8599666e-11	9.158137e-12	2.1505612e-11	1.20050775e-11								FGA
2025-09-14	north	3	1.5962924e-11	3.573164e-11	6.9244857e-12	2.8160252e-11	8.9964095e-12	2.1026906e-11	1.1780462e-11								FGA
2025-09-15	north	3	1.5598326e-11	3.4829896e-11	6.831223e-12	2.7607312e-11	8.817103e-12	2.0438658e-11	1.1516059e-11								FGA
2025-09-16	north	3	1.5228915e-11	3.392177e-11	6.7345673e-12	2.7011952e-11	8.626035e-12	2.0028906e-11	1.1309696e-11								FGA
2025-09-17	north	3	1.496767e-11	3.2977645e-11	6.63322e-12	2.6401615e-11	8.4605795e-12	1.9618931e-11	1.1134753e-11								FGA
2025-09-18	north	3	1.4606469e-11	3.2020966e-11	6.5061277e-12	2.572236e-11	8.286889e-12	1.9290944e-11	1.0944537e-11								FGA
2025-09-19	north	3	1.4290156e-11	3.1148698e-11	6.33372e-12	2.5090357e-11	8.022199e-12	1.8827075e-11	1.0736722e-11								FGA
2025-09-20	north	3	1.3921528e-11	3.0416298e-11	6.1495834e-12	2.4419453e-11	7.804129e-12	1.8222906e-11	1.0466724e-11								FGA
2025-09-21	north	3	1.3567621e-11	2.96776e-11	5.9668863e-12	2.3731342e-11	7.680588e-12	1.7709988e-11	1.02536235e-11								FGA
2025-09-22	north	3	1.3237142e-11	2.8852146e-11	5.8295096e-12	2.3039227e-11	7.462544e-12	1.719552e-11	1.00143244e-11								FGA
2025-09-23	north	3	1.28659704e-11	2.8048452e-11	5.7471263e-12	2.2332731e-11	7.304584e-12	1.669438e-11	9.745475e-12								FGA
2025-09-24	north	3	1.245865e-11	2.7247865e-11	5.661662e-12	2.1673364e-11	7.1535737e-12	1.6169753e-11	9.4127735e-12								FGA
2025-09-25	north	3	1.2137402e-11	2.6428781e-11	5.574052e-12	2.0988756e-11	6.988324e-12	1.573111e-11	9.1007965e-12								FGA
2025-09-26	north	3	1.1805532e-11	2.5564334e-11	5.4765224e-12	2.034344e-11	6.797488e-12	1.5293964e-11	8.868249e-12								FGA
2025-09-27	north	3	1.1487725e-11	2.4767435e-11	5.358621e-12	1.9653204e-11	6.6311995e-12	1.484082e-11	8.5697924e-12								FGA
2025-09-28	north	3	1.1181951e-11	2.4028966e-11	5.2180074e-12	1.9085362e-11	6.449556e-12	1.43855075e-11	8.311969e-12								FGA
2025-09-29	north	3	1.08326854e-11	2.3173945e-11	5.0794724e-12	1.8527221e-11	6.344217e-12	1.4003217e-11	8.11903e-12								FGA
2025-09-30	north	3	1.05043535e-11	2.2392928e-11	4.9221456e-12	1.791792e-11	6.1961725e-12	1.3638102e-11	7.926744e-12								FGA
2025-10-01	north	3	1.0134725e-11	2.16054e-11	4.7718943e-12	1.7381265e-11	6.00423e-12	1.3267648e-11	7.661548e-12								FGA
2025-10-02	north	3	9.816832e-12	2.0801905e-11	4.629058e-12	1.6868477e-11	5.8185167e-12	1.2823101e-11	7.4436134e-12								FGA
2025-10-03	north	3	9.523424e-12	2.0017595e-11	4.504839e-12	1.6286625e-11	5.6198978e-12	1.2405155e-11	7.224706e-12								FGA
2025-10-04	north	3	9.277584e-12	1.9320793e-11	4.3826327e-12	1.5683751e-11	5.4466136e-12	1.2004892e-11	7.0297084e-12								FGA
2025-10-05	north	3	9.01222e-12	1.8822017e-11	4.2616583e-12	1.5181915e-11	5.2804462e-12	1.1574192e-11	6.836006e-12								FGA
2025-10-06	north	3	8.697746e-12	1.8328509e-11	4.1195983e-12	1.4714712e-11	5.1311637e-12	1.1154895e-11	6.593482e-12								FGA
2025-10-07	north	3	8.42071e-12	1.7840271e-11	3.9812806e-12	1.4100128e-11	4.9764745e-12	1.0813357e-11	6.399016e-12								FGA
2025-10-08	north	3	8.124376e-12	1.7282821e-11	3.845839e-12	1.35918846e-11	4.829508e-12	1.0417073e-11	6.1892483e-12								FGA
2025-10-09	north	3	7.863198e-12	1.670774e-11	3.709698e-12	1.315109e-11	4.6584225e-12	1.0082601e-11	5.9965878e-12								FGA
2025-10-10	north	3	7.591119e-12	1.6122997e-11	3.5885487e-12	1.278598e-11	4.5236527e-12	9.7417786e-12	5.8129595e-12								FGA
2025-10-11	north	3	7.354586e-12	1.5623575e-11	3.479607e-12	1.2387622e-11	4.3770074e-12	9.413594e-12	5.621648e-12								FGA
2025-10-12	north	3	7.1145997e-12	1.5135986e-11	3.3832832e-12	1.1847789e-11	4.235461e-12	9.114993e-12	5.4436677e-12								FGA
2025-10-13	north	3	6.8549953e-12	1.46316e-11	3.2910064e-12	1.13666715e-11	4.0915374e-12	8.831586e-12	5.2802224e-12								FGA
2025-10-14	north	3	6.620187e-12	1.4084706e-11	3.1944438e-12	1.0953792e-11	3.94476e-12	8.526293e-12	5.1111567e-12								FGA
2025-10-15	north	3	6.4172114e-12	1.3556048e-11	3.1013538e-12	1.05899855e-11	3.8224003e-12	8.281653e-12	4.9489137e-12								FGA
2025-10-16	north	3	6.2284023e-12	1.3044982e-11	3.0033027e-12	1.0256684e-11	3.6933226e-12	7.997689e-12	4.7762046e-12								FGA
2025-10-17	north	3	6.024403e-12	1.25512534e-11	2.8988923e-12	9.913535e-12	3.5818115e-12	7.787076e-12	4.5900454e-12								FGA
2025-10-18	north	3	5.8099194e-12	1.209177e-11	2.8071649e-12	9.508476e-12	3.4651464e-12	7.494134e-12	4.4493706e-12								FGA
2025-10-19	north	3	5.6049163e-12	1.1667192e-11	2.7206828e-12	9.146365e-12	3.353904e-12	7.2201316e-12	4.277993e-12								FGA
2025-10-20	north	3	5.4067367e-12	1.1222241e-11	2.6300346e-12	8.737095e-12	3.2476732e-12	6.918401e-12	4.130327e-12								FGA
2025-10-21	north	3	5.218364e-12	1.0791804e-11	2.5520545e-12	8.385138e-12	3.1438211e-12	6.64822e-12	3.9920437e-12								FGA
2025-10-22	north	3	5.0388808e-12	1.0376096e-11	2.4732742e-12	8.063913e-12	3.041422e-12	6.4022065e-12	3.8533313e-12								FGA
2025-10-23	north	3	4.867714e-12	9.989135e-12	2.3753204e-12	7.728237e-12	2.9433608e-12	6.171669e-12	3.7185003e-12								FGA
2025-10-24	north	3	4.666673e-12	9.585931e-12	2.2950361e-12	7.458178e-12	2.8417576e-12	5.968308e-12	3.599321e-12								FGA
2025-10-25	north	3	4.4976948e-12	9.198603e-12	2.2177407e-12	7.168295e-12	2.7499856e-12	5.7446847e-12	3.4785085e-12								FGA
2025-10-26	north	3	4.3530657e-12	8.8050695e-12	2.1474628e-12	6.8669254e-12	2.6558606e-12	5.5306003e-12	3.3427436e-12								FGA
2025-10-27	north	3	4.1899617e-12	8.456213e-12	2.0853631e-12	6.571791e-12	2.5800122e-12	5.3235606e-12	3.231183e-12								FGA
2025-10-28	north	3	4.040157e-12	8.114061e-12	2.001998e-12	6.2992094e-12	2.496676e-12	5.1343513e-12	3.1249482e-12								FGA
2025-10-29	north	3	3.9018164e-12	7.781947e-12	1.9270282e-12	6.060543e-12	2.4198339e-12	4.9270527e-12	3.0194046e-12								FGA
2025-10-30	north	3	3.7642263e-12	7.463367e-12	1.8570607e-12	5.837445e-12	2.3261918e-12	4.7580217e-12	2.9132855e-12								FGA
2025-10-31	north	3	3.621178e-12	7.146306e-12	1.7897815e-12	5.6142343e-12	2.253795e-12	4.575755e-12	2.8202304e-12								FGA
2025-11-01	north	3	3.4781527e-12	6.8380874e-12	1.7250988e-12	5.3802375e-12	2.1626663e-12	4.401092e-12	2.7326798e-12								FGA
2025-11-02	north	3	3.350731e-12	6.5425287e-12	1.6629226e-12	5.1799216e-12	2.0717508e-12	4.2401915e-12	2.6238913e-12								FGA
2025-11-03	north	3	3.2448983e-12	6.262866e-12	1.6031649e-12	4.994084e-12	1.9963569e-12	4.0989703e-12	2.5396313e-12								FGA
2025-11-04	north	3	3.130087e-12	6.0344724e-12	1.5457399e-12	4.797851e-12	1.9257731e-12	3.9496765e-12	2.4463112e-12								FGA
2025-11-05	north	3	3.0119915e-12	5.8237777e-12	1.4905636e-12	4.6094053e-12	1.8593588e-12	3.812707e-12	2.36565e-12								FGA
2025-11-06	north	3	2.9053734e-12	5.6369063e-12	1.4375541e-12	4.418691e-12	1.795723e-12	3.668686e-12	2.2858289e-12								FGA
2025-11-07	north	3	2.786924e-12	5.4293393e-12	1.3866316e-12	4.242669e-12	1.7409803e-12	3.531587e-12	2.2060084e-12								FGA
2025-11-08	north	3	2.6918546e-12	5.2172225e-12	1.3305276e-12	4.0676785e-12	1.6901155e-12	3.3863025e-12	2.127949e-12								FGA
2025-11-09	north	3	2.606698e-12	5.0038177e-12	1.2831743e-12	3.9197595e-12	1.6348192e-12	3.2553491e-12	2.0473853e-12								FGA
2025-11-10	north	3	2.5185977e-12	4.7988475e-12	1.2456212e-12	3.7763443e-12	1.5790507e-12	3.136395e-12	1.9849471e-12								FGA
2025-11-11	north	3	2.4290305e-12	4.6020167e-12	1.2022927e-12	3.6361081e-12	1.5267488e-12	3.0290167e-12	1.9208162e-12								FGA
2025-11-12	north	3	2.3476815e-12	4.4261287e-12	1.1584028e-12	3.5047007e-12	1.48159e-12	2.9182457e-12	1.8508216e-12								FGA
2025-11-13	north	3	2.2663937e-12	4.25995e-12	1.1149317e-12	3.3740146e-12	1.436457e-12	2.8199747e-12	1.78567e-12								FGA
2025-11-14	north	3	2.1844315e-12	4.100298e-12	1.0729371e-12	3.2570702e-12	1.3831744e-12	2.7205657e-12	1.7233422e-12								FGA
2025-11-15	north	3	2.1025326e-12	3.9477614e-12	1.0313997e-12	3.1333829e-12	1.3282802e-12	2.61031e-12	1.6617902e-12								FGA
2025-11-16	north	3	2.0372345e-12	3.8121646e-12	9.910805e-13	3.0101577e-12	1.2768203e-12	2.5199554e-12	1.6056504e-12								FGA
2025-11-17	north	3	1.962977e-12	3.6810338e-12	9.524756e-13	2.8965751e-12	1.2309522e-12	2.4287282e-12	1.5540787e-12								FGA
2025-11-18	north	3	1.8935571e-12	3.5542363e-12	9.155158e-13	2.7887519e-12	1.1862122e-12	2.3435843e-12	1.5006518e-12								FGA
2025-11-19	north	3	1.8351607e-12	3.4316423e-12	8.8444405e-13	2.6949161e-12	1.1401396e-12	2.2506044e-12	1.446326e-12								FGA
2025-11-20	north	3	1.768808e-12	3.3131245e-12	8.5714e-13	2.5827632e-12	1.0980822e-12	2.1692904e-12	1.3951298e-12								FGA
2025-11-21	north	3	1.7058631e-12	3.1985582e-12	8.304663e-13	2.4725493e-12	1.0586058e-12	2.085346e-12	1.3443465e-12								FGA
2025-11-22	north	3	1.6429867e-12	3.0878206e-12	8.0232755e-13	2.389466e-12	1.020654e-12	2.009785e-12	1.2963879e-12								FGA
2025-11-23	north	3	1.5809134e-12	2.969573e-12	7.714957e-13	2.300052e-12	9.841346e-13	1.9286885e-12	1.2484067e-12								FGA
2025-11-24	north	3	1.5256855e-12	2.8562153e-12	7.406955e-13	2.2173019e-12	9.539358e-13	1.8626515e-12	1.2058535e-12								FGA
2025-11-25	north	3	1.4720197e-12	2.7473757e-12	7.112406e-13	2.1345714e-12	9.22291e-13	1.7943578e-12	1.169577e-12								FGA
2025-11-26	north	3	1.4183405e-12	2.6668355e-12	6.8613317e-13	2.049345e-12	8.9379524e-13	1.7266979e-12	1.134193e-12								FGA
2025-11-27	north	3	1.3693387e-12	2.5874762e-12	6.63783e-13	1.9688415e-12	8.644031e-13	1.6600108e-12	1.0944425e-12								FGA
2025-11-28	north	3	1.3242205e-12	2.4972986e-12	6.4541433e-13	1.8835558e-12	8.3646756e-13	1.5906162e-12	1.0452834e-12								FGA
2025-11-29	north	3	1.2804378e-12	2.410269e-12	6.2728566e-13	1.8124119e-12	8.0697834e-13	1.5348057e-12	1.0096287e-12								FGA
2025-11-30	north	3	1.237275e-12	2.32634e-12	6.066221e-13	1.7516691e-12	7.7408354e-13	1.4771873e-12	9.792794e-13								FGA
2025-12-01	north	3	1.1927586e-12	2.2402384e-12	5.8663637e-13	1.6916197e-12	7.530778e-13	1.4266656e-12	9.426304e-13								FGA
2025-12-02	north	3	1.1502481e-12	2.1546966e-12	5.673584e-13	1.6322527e-12	7.321249e-13	1.3757324e-12	9.127269e-13								FGA
2025-12-03	north	3	1.1147819e-12	2.0657501e-12	5.4886656e-13	1.5762859e-12	7.08403e-13	1.3297064e-12	8.79001e-13								FGA
2025-12-04	north	3	1.079113e-12	1.9798703e-12	5.3033207e-13	1.5141662e-12	6.852874e-13	1.2833428e-12	8.4650993e-13								FGA
2025-12-05	north	3	1.0413559e-12	1.9059988e-12	5.0902544e-13	1.4665601e-12	6.624917e-13	1.2381602e-12	8.163884e-13								FGA
2025-12-06	north	3	1.0011796e-12	1.8342866e-12	4.886974e-13	1.4175686e-12	6.409008e-13	1.1972567e-12	7.9109766e-13								FGA
2025-12-07	north	3	9.654685e-13	1.760774e-12	4.693212e-13	1.3715525e-12	6.2182735e-13	1.1488259e-12	7.6431325e-13								FGA
2025-12-08	north	3	9.324565e-13	1.6900054e-12	4.5340722e-13	1.3268325e-12	5.996266e-13	1.1121242e-12	7.3622705e-13								FGA
2025-12-09	north	3	8.9915705e-13	1.6200618e-12	4.383665e-13	1.2819975e-12	5.779236e-13	1.0725635e-12	7.1319594e-13								FGA
2025-12-10	north	3	8.702306e-13	1.5512277e-12	4.207694e-13	1.2416066e-12	5.562116e-13	1.0357284e-12	6.9193045e-13								FGA
2025-12-11	north	3	8.3907496e-13	1.4954357e-12	4.0397256e-13	1.2034818e-12	5.362161e-13	9.997783e-13	6.639376e-13								FGA
2025-12-12	north	3	8.11601e-13	1.4332032e-12	3.8794334e-13	1.1668917e-12	5.1555635e-13	9.685244e-13	6.427136e-13								FGA
2025-12-13	north	3	7.85965e-13	1.3799103e-12	3.7533816e-13	1.1312485e-12	4.9814075e-13	9.35038e-13	6.1877044e-13								FGA
2025-12-14	north	3	7.6024896e-13	1.330295e-12	3.6163195e-13	1.0935392e-12	4.812741e-13	9.049174e-13	5.9712966e-13								FGA
2025-12-15	north	3	7.3459636e-13	1.2871489e-12	3.4788725e-13	1.0567644e-12	4.642911e-13	8.7425667e-13	5.763169e-13								FGA
2025-12-16	north	3	7.0981426e-13	1.2451988e-12	3.3565989e-13	1.0233038e-12	4.4896023e-13	8.4525664e-13	5.580541e-13								FGA
2025-12-17	north	3	6.8667945e-13	1.2044314e-12	3.2363405e-13	9.919296e-13	4.3832036e-13	8.167164e-13	5.4141717e-13								FGA
2025-12-18	north	3	6.678751e-13	1.1634945e-12	3.1304245e-13	9.611203e-13	4.269406e-13	7.9206867e-13	5.235919e-13								FGA
2025-12-19	north	3	6.449897e-13	1.1206983e-12	3.049673e-13	9.314754e-13	4.0925474e-13	7.6753e-13	5.091744e-13								FGA
2025-12-20	north	3	6.227969e-13	1.0796633e-12	2.973879e-13	9.033849e-13	3.9558794e-13	7.4395237e-13	4.9365904e-13								FGA
2025-12-21	north	3	6.0238495e-13	1.0382646e-12	2.9016855e-13	8.766426e-13	3.8757636e-13	7.21357e-13	4.786333e-13								FGA
2025-12-22	north	3	5.857107e-13	9.985503e-13	2.8088426e-13	8.4972887e-13	3.7630492e-13	6.9808645e-13	4.647736e-13								FGA
2025-12-23	north	3	5.694921e-13	9.690249e-13	2.7124296e-13	8.245844e-13	3.6323014e-13	6.763753e-13	4.5025257e-13								FGA
2025-12-24	north	3	5.490469e-13	9.421694e-13	2.6203578e-13	7.983102e-13	3.5206365e-13	6.565018e-13	4.3654726e-13								FGA
2025-12-25	north	3	5.3073697e-13	9.114807e-13	2.532466e-13	7.761922e-13	3.4071557e-13	6.3708706e-13	4.236684e-13								FGA
2025-12-26	north	3	5.152191e-13	8.8498496e-13	2.458732e-13	7.5362004e-13	3.3022185e-13	6.2089033e-13	4.0992988e-13								FGA
2025-12-27	north	3	4.99294e-13	8.591398e-13	2.3931242e-13	7.314575e-13	3.199076e-13	6.062344e-13	4.0028235e-13								FGA
2025-12-28	north	3	4.844895e-13	8.305891e-13	2.329607e-13	7.087292e-13	3.1097512e-13	5.899295e-13	3.9007434e-13								FGA
2025-12-29	north	3	4.7159596e-13	8.096042e-13	2.2683061e-13	6.8967445e-13	3.0113295e-13	5.7318717e-13	3.8027573e-13								FGA
2025-12-30	north	3	4.590717e-13	7.960707e-13	2.2091637e-13	6.712707e-13	2.9223987e-13	5.5920297e-13	3.699335e-13								FGA
2025-12-31	north	3	4.4647776e-13	7.769206e-13	2.1521238e-13	6.537674e-13	2.8406498e-13	5.4513376e-13	3.5965211e-13								FGA
2026-01-01	north	3	4.344544e-13	7.583491e-13	2.0971335e-13	6.370306e-13	2.761697e-13	5.322833e-13	3.5065652e-13								FGA
2026-01-02	north	3	4.2091826e-13	7.425533e-13	2.0441434e-13	6.2422837e-13	2.6802372e-13	5.1614886e-13	3.3936436e-13								FGA
2026-01-03	north	3	4.0978836e-13	7.324794e-13	1.9868712e-13	6.1107933e-13	2.604666e-13	5.0100494e-13	3.309173e-13								FGA
2026-01-04	north	3	3.9749955e-13	7.2010366e-13	1.9217886e-13	5.995856e-13	2.5341974e-13	4.8684364e-13	3.2204662e-13								FGA
2026-01-05	north	3	3.8779548e-13	7.0464e-13	1.8569261e-13	5.834834e-13	2.4660756e-13	4.7469776e-13	3.1246403e-13								FGA
2026-01-06	north	3	3.784918e-13	6.926953e-13	1.8020973e-13	5.6737064e-13	2.4217003e-13	4.6425884e-13	3.0558688e-13								FGA
2026-01-07	north	3	3.6923687e-13	6.8217757e-13	1.7513455e-13	5.5383795e-13	2.3511946e-13	4.5568627e-13	2.9806303e-13								FGA
2026-01-08	north	3	3.5952009e-13	6.6910296e-13	1.7057304e-13	5.377662e-13	2.2952883e-13	4.4697438e-13	2.8960002e-13								FGA
2026-01-09	north	3	3.5078662e-13	6.557294e-13	1.6671714e-13	5.2441254e-13	2.2565958e-13	4.3821606e-13	2.8279665e-13								FGA
2026-01-10	north	3	3.4107529e-13	6.4297867e-13	1.6303324e-13	5.144768e-13	2.2001567e-13	4.273609e-13	2.759153e-13								FGA
2026-01-11	north	3	3.3318454e-13	6.3083154e-13	1.5930742e-13	5.025852e-13	2.1456444e-13	4.1826265e-13	2.699853e-13								FGA
2026-01-12	north	3	3.267769e-13	6.192695e-13	1.5461107e-13	4.9410075e-13	2.0954083e-13	4.0958274e-13	2.6431204e-13								FGA
2026-01-13	north	3	3.1970715e-13	6.0827596e-13	1.500684e-13	4.879783e-13	2.0489677e-13	4.0229959e-13	2.5813978e-13								FGA
2026-01-14	north	3	3.1470605e-13	5.9783537e-13	1.4570017e-13	4.7938026e-13	2.006938e-13	3.9517331e-13	2.5232892e-13								FGA
2026-01-15	north	3	3.0987197e-13	5.920352e-13	1.4150077e-13	4.7237274e-13	1.9664325e-13	3.8903413e-13	2.468034e-13								FGA
2026-01-16	north	3	3.038837e-13	5.869757e-13	1.37781e-13	4.695997e-13	1.9301595e-13	3.8226158e-13	2.413465e-13								FGA
2026-01-17	north	3	2.997545e-13	5.823143e-13	1.3410552e-13	4.6639217e-13	1.9011665e-13	3.776988e-13	2.367265e-13								FGA
2026-01-18	north	3	2.922964e-13	5.78386e-13	1.3064955e-13	4.61293e-13	1.8679223e-13	3.714356e-13	2.329875e-13								FGA
2026-01-19	north	3	2.8667677e-13	5.7274427e-13	1.2740433e-13	4.554288e-13	1.8403713e-13	3.6546634e-13	2.2900594e-13								FGA
2026-01-20	north	3	2.8195984e-13	5.6565153e-13	1.2469722e-13	4.515736e-13	1.8097096e-13	3.6084812e-13	2.2444526e-13								FGA
2026-01-21	north	3	2.781655e-13	5.5887207e-13	1.2263922e-13	4.5034278e-13	1.7755717e-13	3.5666918e-13	2.2073393e-13								FGA
2026-01-22	north	3	2.7459572e-13	5.524054e-13	1.207035e-13	4.4583144e-13	1.7430873e-13	3.5329086e-13	2.176679e-13								FGA
2026-01-23	north	3	2.7090835e-13	5.46252e-13	1.1827449e-13	4.4025238e-13	1.7138823e-13	3.492832e-13	2.1371083e-13								FGA
2026-01-24	north	3	2.678974e-13	5.4041315e-13	1.1576044e-13	4.3529644e-13	1.6856746e-13	3.4709535e-13	2.110026e-13								FGA
2026-01-25	north	3	2.663547e-13	5.3695324e-13	1.1339879e-13	4.3407853e-13	1.6694927e-13	3.4437373e-13	2.08631e-13								FGA
2026-01-26	north	3	2.6266603e-13	5.363487e-13	1.1143248e-13	4.3103883e-13	1.6357076e-13	3.4247662e-13	2.0740321e-13								FGA
2026-01-27	north	3	2.605453e-13	5.366827e-13	1.09650915e-13	4.265565e-13	1.6179111e-13	3.3977774e-13	2.0458365e-13								FGA
2026-01-28	north	3	2.582074e-13	5.337664e-13	1.0874543e-13	4.2740702e-13	1.5976487e-13	3.3762508e-13	2.0299656e-13								FGA
2026-01-29	north	3	2.5667402e-13	5.3469273e-13	1.0799564e-13	4.2848773e-13	1.5814277e-13	3.3606259e-13	2.0174038e-13								FGA
2026-01-30	north	3	2.557609e-13	5.367674e-13	1.0662421e-13	4.2823354e-13	1.5561693e-13	3.345745e-13	2.00745e-13								FGA
2026-01-31	north	3	2.5509098e-13	5.396508e-13	1.0519697e-13	4.286292e-13	1.5304991e-13	3.3342163e-13	2.0015115e-13								FGA
2026-02-01	north	3	2.5399545e-13	5.4172416e-13	1.0337351e-13	4.3142717e-13	1.5127102e-13	3.315315e-13	1.9939233e-13								FGA
2026-02-02	north	3	2.5337195e-13	5.399133e-13	1.0219593e-13	4.3477407e-13	1.498281e-13	3.317234e-13	1.983833e-13								FGA
2026-02-03	north	3	2.538648e-13	5.4270553e-13	1.0104157e-13	4.3932742e-13	1.4921196e-13	3.3274303e-13	1.9561609e-13								FGA
2026-02-04	north	3	2.5437362e-13	5.474907e-13	9.988298e-14	4.4353613e-13	1.4948442e-13	3.3594742e-13	1.9442567e-13								FGA
2026-02-05	north	3	2.5612422e-13	5.5291297e-13	9.854217e-14	4.4463307e-13	1.4857801e-13	3.364474e-13	1.9461506e-13								FGA
2026-02-06	north	3	2.567458e-13	5.5712097e-13	9.732293e-14	4.4909332e-13	1.4841664e-13	3.409012e-13	1.9427926e-13								FGA
2026-02-07	north	3	2.5843038e-13	5.603249e-13	9.6590365e-14	4.5549675e-13	1.4747474e-13	3.463582e-13	1.9442872e-13								FGA
2026-02-08	north	3	2.599444e-13	5.735733e-13	9.5923534e-14	4.616801e-13	1.4639597e-13	3.511871e-13	1.9555286e-13								FGA
2026-02-09	north	3	2.6114543e-13	5.880474e-13	9.5340416e-14	4.6622537e-13	1.4669953e-13	3.5583404e-13	1.9793355e-13								FGA
2026-02-10	north	3	2.6316373e-13	6.03099e-13	9.5195356e-14	4.7161857e-13	1.4713553e-13	3.6083674e-13	1.9920847e-13								FGA
2026-02-11	north	3	2.648938e-13	6.1557714e-13	9.495525e-14	4.790574e-13	1.4789788e-13	3.6663153e-13	2.0066914e-13								FGA
2026-02-12	north	3	2.6780612e-13	6.2886886e-13	9.48309e-14	4.8264273e-13	1.4824925e-13	3.7234864e-13	2.0204807e-13								FGA
2026-02-13	north	3	2.7040317e-13	6.431836e-13	9.481919e-14	4.913262e-13	1.4865367e-13	3.755993e-13	2.0254574e-13								FGA
2026-02-14	north	3	2.7300384e-13	6.6292284e-13	9.4917855e-14	5.003099e-13	1.4912915e-13	3.822625e-13	2.0375285e-13								FGA
2026-02-15	north	3	2.7624365e-13	6.858756e-13	9.514174e-14	5.08263e-13	1.4924314e-13	3.884049e-13	2.0669854e-13								FGA
2026-02-16	north	3	2.8075591e-13	7.103725e-13	9.5495165e-14	5.166293e-13	1.5027015e-13	3.9476625e-13	2.0830232e-13								FGA
2026-02-17	north	3	2.8506331e-13	7.3648075e-13	9.598308e-14	5.2769567e-13	1.5155947e-13	4.0247108e-13	2.0942682e-13								FGA
2026-02-18	north	3	2.9181323e-13	7.642681e-13	9.661115e-14	5.4045597e-13	1.5356076e-13	4.1256492e-13	2.1230828e-13								FGA
2026-02-19	north	3	2.9619536e-13	7.9380285e-13	9.7385784e-14	5.5804265e-13	1.5597404e-13	4.2285273e-13	2.140017e-13								FGA
2026-02-20	north	3	3.01749e-13	8.253623e-13	9.831426e-14	5.719364e-13	1.5887436e-13	4.341819e-13	2.1850944e-13								FGA
2026-02-21	north	3	3.0811226e-13	8.572187e-13	9.888787e-14	5.900358e-13	1.6100119e-13	4.4709204e-13	2.2252586e-13								FGA
2026-02-22	north	3	3.91669e-09	1.2755829e-08	9.2605856e-10	8.633027e-09	1.5438856e-09	5.8948677e-09	2.3765705e-09								FGA
2026-02-23	north	3	0.009943028	0.03183159	0.0023430677	0.021793121	0.0039114426	0.014893445	0.0060323924								FGA
2026-02-24	north	3	0.14610833	0.36066014	0.03819087	0.2772146	0.062038954	0.20511636	0.09302916								FGA
2026-02-25	north	3	0.27525955	0.5595184	0.08067151	0.46297148	0.12648694	0.3670212	0.18469611								FGA
2026-02-26	north	3	0.3348378	0.63114953	0.10275067	0.5370272	0.15928108	0.43803483	0.229485								FGA
2026-02-27	north	3	0.38827562	0.6863174	0.1252292	0.595442	0.19234207	0.49696624	0.27289894								FGA
2026-02-28	north	3	0.4509455	0.7405715	0.15519145	0.6580014	0.23450829	0.5617981	0.32681656								FGA
2026-03-01	north	3	0.50563073	0.7821568	0.1844087	0.7066816	0.27467483	0.61604357	0.37700593								FGA
2026-03-02	north	3	0.55086493	0.8126182	0.21062799	0.74329746	0.3098556	0.65803546	0.41852874								FGA
2026-03-03	north	3	0.59072924	0.8376717	0.23630394	0.7741376	0.34418616	0.6944753	0.4570428								FGA
2026-03-04	north	3	0.6274789	0.85907656	0.26260066	0.80111647	0.37854043	0.7272385	0.49485695								FGA
2026-03-05	north	3	0.6599891	0.87694246	0.28860825	0.8244968	0.41190737	0.7556922	0.52934635								FGA
2026-03-06	north	3	0.6895162	0.8918797	0.31382558	0.8445127	0.44413075	0.7803862	0.5622171								FGA
2026-03-07	north	3	0.71646595	0.90463865	0.33869413	0.8613052	0.47516155	0.8022001	0.5932468								FGA
2026-03-08	north	3	0.741304	0.9156505	0.36323977	0.875918	0.5050659	0.82128096	0.622498								FGA
2026-03-09	north	3	0.7627933	0.9247791	0.38624394	0.8884698	0.5326148	0.83700144	0.64824957								FGA
2026-03-10	north	3	0.7696725	0.92744076	0.39458963	0.89235514	0.542313	0.84233224	0.65723974								FGA
2026-03-11	north	3	0.77284503	0.9283553	0.40002328	0.8937338	0.54773384	0.8457397	0.6625268								FGA
2026-03-12	north	3	0.78448075	0.93278253	0.41512042	0.9000715	0.56456184	0.85445607	0.67681843								FGA
2026-03-13	north	3	0.79604983	0.9371807	0.4305638	0.906522	0.5806701	0.8628462	0.6917009								FGA
2026-03-14	north	3	0.8042153	0.94016	0.44296056	0.9111421	0.59281284	0.86873114	0.70276225								FGA
2026-03-15	north	3	0.8118941	0.94291747	0.45569694	0.91551507	0.60395217	0.8748667	0.7122777								FGA
2026-03-16	north	3	0.8202731	0.94597167	0.4697316	0.9198775	0.61814916	0.88174903	0.7240776								FGA
2026-03-17	north	3	0.8283975	0.94890267	0.48363903	0.92429936	0.631734	0.88752973	0.7350416								FGA
2026-03-18	north	3	0.8365017	0.95153344	0.49700058	0.9284274	0.64427036	0.8926781	0.7453841								FGA
2026-03-19	north	3	0.8440447	0.9540211	0.5104422	0.9321219	0.6566337	0.8979176	0.755529								FGA
2026-03-20	north	3	0.8511559	0.95643854	0.5240482	0.9356804	0.6690064	0.9031553	0.76557875								FGA
2026-03-21	north	3	0.85798043	0.95873827	0.53757244	0.9390432	0.68112886	0.9081857	0.7754049								FGA
2026-03-22	north	3	0.86453736	0.9609018	0.5509694	0.94218475	0.692921	0.9129677	0.7851809								FGA
2026-03-23	north	3	0.870808	0.96296006	0.5643083	0.9451756	0.7044673	0.917526	0.79505914								FGA
2026-03-24	north	3	0.8765622	0.96502507	0.57733506	0.9479594	0.7157833	0.9218378	0.8043138								FGA
2026-03-25	north	3	0.88214755	0.9669763	0.58914435	0.9506841	0.7268251	0.92586994	0.8136065								FGA
2026-03-26	north	3	0.8874688	0.9688171	0.6008431	0.9533272	0.7375777	0.9296502	0.822027								FGA
2026-03-27	north	3	0.89243436	0.9705553	0.6124346	0.95563734	0.7480494	0.9329202	0.829515								FGA
2026-03-28	north	3	0.8972751	0.9721972	0.6246456	0.9580486	0.758239	0.9364759	0.8367487								FGA
2026-03-29	north	3	0.9024532	0.9737473	0.63738537	0.96021503	0.76786417	0.9397887	0.843728								FGA
2026-03-30	north	20								0.092473865	0.35005623	0.024789713	0.22290139	0.037674047	0.14953327	0.057120726	FGA
2026-03-31	north	20								0.08755429	0.33872694	0.023408024	0.21393445	0.035771865	0.14275098	0.053885918	FGA
2026-04-01	north	20								0.083241135	0.32851425	0.022095753	0.20522116	0.033630885	0.13604589	0.050811727	FGA
2026-04-02	north	20								0.079132736	0.31846976	0.020892605	0.19674732	0.03180665	0.12960805	0.04798565	FGA
2026-04-03	north	20								0.07527727	0.3085866	0.019797113	0.18854941	0.030099835	0.12395958	0.045401227	FGA
2026-04-04	north	20								0.07149557	0.29887804	0.018755637	0.18061242	0.028482005	0.1182528	0.042949967	FGA
2026-04-05	north	20								0.06797246	0.28934982	0.017760267	0.17293319	0.026948784	0.11262441	0.040626045	FGA
2026-04-06	north	20								0.06444171	0.28000274	0.016817296	0.16525258	0.025495933	0.10690175	0.03842271	FGA
2026-04-07	north	20								0.061155215	0.27042094	0.015846455	0.15817556	0.024003513	0.101281226	0.036334027	FGA
2026-04-08	north	20								0.05798649	0.260934	0.01492708	0.1503038	0.022570204	0.09661007	0.034354888	FGA
2026-04-09	north	20								0.055007063	0.25166625	0.014059832	0.14335462	0.021457396	0.09217153	0.03249146	FGA
2026-04-10	north	20								0.0521962	0.24231686	0.013242218	0.13651499	0.02032521	0.08777303	0.030765926	FGA
2026-04-11	north	20								0.049440905	0.23308916	0.012471755	0.13006812	0.019098138	0.08350113	0.029176796	FGA
2026-04-12	north	20								0.046885014	0.2235713	0.011746609	0.12388207	0.01805076	0.07936794	0.027688537	FGA
2026-04-13	north	20								0.044455215	0.21399546	0.011073276	0.11795032	0.017195182	0.07542256	0.026274193	FGA
2026-04-14	north	20								0.04217688	0.20461658	0.010427886	0.11226099	0.016323356	0.071658015	0.024930231	FGA
2026-04-15	north	20								0.04010717	0.1958133	0.009808651	0.10678903	0.015434263	0.06806751	0.023653325	FGA
2026-04-16	north	20								0.03808846	0.18808642	0.009236119	0.102087155	0.014554499	0.06463866	0.022415936	FGA
2026-04-17	north	20								0.03607399	0.18059689	0.008696707	0.09767094	0.013705816	0.0612925	0.021225236	FGA
2026-04-18	north	20								0.034298334	0.17334306	0.008188535	0.093398266	0.01283849	0.058105376	0.020106504	FGA
2026-04-19	north	20								0.03246878	0.16636147	0.0077092308	0.08922075	0.012134484	0.054944605	0.018949766	FGA
2026-04-20	north	20								0.03072704	0.15946227	0.007263515	0.08484945	0.011420004	0.052285917	0.01787195	FGA
2026-04-21	north	20								0.029135074	0.15256004	0.0068719205	0.08097865	0.010750366	0.049651615	0.016896717	FGA
2026-04-22	north	20								0.02772753	0.1459048	0.0065008183	0.0768263	0.010177367	0.04713445	0.015919186	FGA
2026-04-23	north	20								0.02625847	0.13908084	0.0061445897	0.072858356	0.00958637	0.044830613	0.0150170075	FGA
2026-04-24	north	20								0.024827719	0.13251162	0.0057948907	0.069079995	0.009016845	0.042573273	0.014205226	FGA
2026-04-25	north	20								0.023508374	0.12621644	0.005464989	0.065483764	0.008495381	0.040286362	0.013369348	FGA
2026-04-26	north	20								0.02231689	0.120198585	0.0051537766	0.062214814	0.008063832	0.038126893	0.012592863	FGA
2026-04-27	north	20								0.021184536	0.11479261	0.0048602037	0.0592377	0.0076753898	0.036121856	0.011896407	FGA
2026-04-28	north	20								0.020066343	0.1097992	0.0045832815	0.05650264	0.0073055215	0.034201436	0.01123132	FGA
2026-04-29	north	20								0.018975385	0.10501891	0.004322073	0.05381477	0.0069533545	0.032416534	0.010632318	FGA
2026-04-30	north	20								0.017942734	0.100423984	0.0040756934	0.0512236	0.006566225	0.030650776	0.010091334	FGA
2026-05-01	north	20								0.016999375	0.09600931	0.0038385368	0.0487449	0.00620077	0.029066714	0.009576354	FGA
2026-05-02	north	20								0.01613336	0.091769636	0.0036142266	0.046380308	0.005848993	0.027637856	0.00909272	FGA
2026-05-03	north	20								0.015325293	0.08756444	0.00340298	0.0440895	0.0055170697	0.02633408	0.008634591	FGA
2026-05-04	north	20								0.014582779	0.08348731	0.003204042	0.04200749	0.005203892	0.025104396	0.008194003	FGA
2026-05-05	north	20								0.013861355	0.079840414	0.0030167	0.03998285	0.00490841	0.023874067	0.0077757346	FGA
2026-05-06	north	20								0.013143898	0.07634015	0.0028402815	0.03801555	0.004629652	0.022721037	0.0073484574	FGA
2026-05-07	north	20								0.012440387	0.07298172	0.0026741533	0.0360553	0.0043710037	0.021594131	0.0069335	FGA
2026-05-08	north	20								0.011800101	0.069760464	0.002517718	0.034122158	0.004126759	0.020475019	0.0065317145	FGA
2026-05-09	north	20								0.011196455	0.06667358	0.0023704136	0.032289285	0.0038961219	0.019395404	0.006183481	FGA
2026-05-10	north	20								0.010609628	0.06373211	0.0022317087	0.030581718	0.0036783393	0.018395295	0.0058549354	FGA
2026-05-11	north	20								0.01007142	0.06078462	0.0021021608	0.029017575	0.0034873069	0.01742899	0.005547188	FGA
2026-05-12	north	20								0.009574883	0.057898927	0.0019818419	0.027531175	0.0033082007	0.016501743	0.0052573443	FGA
2026-05-13	north	20								0.009091778	0.05514218	0.0018684035	0.026202492	0.0031190403	0.015597779	0.004982571	FGA
2026-05-14	north	20								0.008620357	0.05250938	0.0017614528	0.02503785	0.0029351162	0.014741558	0.0047220928	FGA
2026-05-15	north	20								0.008164335	0.049995627	0.0016606201	0.024016518	0.0027556173	0.013936593	0.004455922	FGA
2026-05-16	north	20								0.007715569	0.047596168	0.0015655558	0.022964636	0.0025947222	0.0132314	0.00420863	FGA
2026-05-17	north	20								0.0072898036	0.045306377	0.001475857	0.021849243	0.0024538932	0.012561454	0.0039770347	FGA
2026-05-18	north	20								0.0068926574	0.043121755	0.0013911008	0.020787068	0.0023176584	0.011925037	0.0037592966	FGA
2026-05-19	north	20								0.006525548	0.041037954	0.0013112104	0.01975088	0.0021838173	0.011311632	0.0035586078	FGA
2026-05-20	north	20								0.0061753783	0.039050728	0.001235907	0.018803028	0.0020576897	0.010712206	0.0033685958	FGA
2026-05-21	north	20								0.005843893	0.03715601	0.0011649271	0.01792052	0.0019394187	0.010132477	0.0031886976	FGA
2026-05-22	north	20								0.0055309637	0.03534984	0.0010980235	0.017036077	0.0018294338	0.009582028	0.003017947	FGA
2026-05-23	north	20								0.005238036	0.033628408	0.0010349618	0.016121054	0.0017256758	0.009052908	0.0028529642	FGA
2026-05-24	north	20								0.0049605453	0.031988014	0.000975522	0.015340334	0.0016279499	0.00855095	0.0026969782	FGA
2026-05-25	north	20								0.0046976847	0.03042512	0.000919496	0.014631876	0.0015361076	0.008110233	0.0025458578	FGA
2026-05-26	north	20								0.0044426145	0.028936308	0.0008666881	0.013869112	0.0014496326	0.0077088494	0.0024070132	FGA
2026-05-27	north	20								0.0042057307	0.027518284	0.00081691344	0.013208252	0.001369933	0.007317503	0.0022782467	FGA
2026-05-28	north	20								0.0039806026	0.026167875	0.00076999795	0.012577383	0.0012945964	0.006918106	0.0021536206	FGA
2026-05-29	north	20								0.003770364	0.024882037	0.0007257775	0.011969376	0.0012233981	0.006553427	0.002038412	FGA
2026-05-30	north	20								0.0035701627	0.023657849	0.0006840973	0.0113904355	0.0011557743	0.006200798	0.0019247092	FGA
2026-05-31	north	20								0.0033805566	0.022492504	0.00064494676	0.010839204	0.001089375	0.005877224	0.0018184535	FGA
2026-06-01	north	20								0.0032009894	0.021383302	0.0006080505	0.010304507	0.0010267862	0.005551135	0.0017195607	FGA
2026-06-02	north	20								0.003030932	0.020327661	0.00057020574	0.009776946	0.00096782274	0.005270738	0.0016264823	FGA
2026-06-03	north	20								0.0028695627	0.019323109	0.0005347261	0.009276149	0.00091418554	0.0049985084	0.001537936	FGA
2026-06-04	north	20								0.002716524	0.018335218	0.0005014633	0.008798314	0.00086873875	0.0047181495	0.0014541656	FGA
2026-06-05	north	20								0.0025722212	0.017388934	0.0004702782	0.008343518	0.00082432065	0.004457713	0.0013723953	FGA
2026-06-06	north	20								0.0024331126	0.016493544	0.00044104067	0.0079120435	0.00077927834	0.004221406	0.0012952178	FGA
2026-06-07	north	20								0.0022990073	0.015644256	0.00041362862	0.007501806	0.0007366955	0.003997578	0.0012231672	FGA
2026-06-08	north	20								0.0021760974	0.014838104	0.00038777856	0.0071144113	0.0006958155	0.0037869615	0.0011548798	FGA
2026-06-09	north	20								0.0020584096	0.014072962	0.0003646452	0.0067460686	0.0006574765	0.0035931654	0.0010875748	FGA
2026-06-10	north	20								0.0019445601	0.0133468015	0.00034325122	0.006396674	0.0006210374	0.0034107217	0.0010254015	FGA
2026-06-11	north	20								0.0018403477	0.012657684	0.00032311215	0.006065264	0.0005866185	0.0032349566	0.00096678024	FGA
2026-06-12	north	20								0.0017456885	0.01200377	0.0003041544	0.0057509253	0.0005541081	0.0030659246	0.0009118349	FGA
2026-06-13	north	20								0.001653213	0.011383302	0.0002863087	0.0054541295	0.0005235106	0.002904679	0.00086069305	FGA
2026-06-14	north	20								0.0015688466	0.010794602	0.00026950988	0.0051769763	0.0004924081	0.0027518934	0.0008115723	FGA
2026-06-15	north	20								0.0014856502	0.010236079	0.0002536966	0.004906086	0.0004624332	0.0026071256	0.0007652533	FGA
2026-06-16	north	20								0.0013996736	0.009706215	0.00023881097	0.0046497798	0.00043428317	0.002469957	0.0007215765	FGA
2026-06-17	north	20								0.0013200212	0.009203567	0.00022479866	0.0044094785	0.00040784682	0.0023408202	0.00068109424	FGA
2026-06-18	north	20								0.0012489425	0.00872676	0.00021160838	0.0041815434	0.0003830201	0.0022185184	0.00064293656	FGA
2026-06-19	north	20								0.0011820765	0.008274486	0.00019919199	0.003965345	0.0003597048	0.0020993273	0.0006069161	FGA
2026-06-20	north	20								0.001118381	0.007845502	0.00018750406	0.0037588382	0.00033780898	0.0019831164	0.0005736629	FGA
2026-06-21	north	20								0.0010577046	0.0074386257	0.00017708667	0.0035623214	0.00031815786	0.0018787615	0.0005436267	FGA
2026-06-22	north	20								0.0010003176	0.0070527326	0.00016705289	0.0033708292	0.0002999813	0.0017800184	0.0005146666	FGA
2026-06-23	north	20								0.00094790256	0.006686755	0.00015752926	0.0031853253	0.00028231624	0.001689188	0.00048531216	FGA
2026-06-24	north	20								0.0008984788	0.0063396767	0.00014815664	0.003017887	0.00026546532	0.0015959758	0.0004601917	FGA
2026-06-25	north	20								0.0008496406	0.006010531	0.00013921838	0.002859225	0.00025070872	0.0015104853	0.00043486262	FGA
2026-06-26	north	20								0.0008041358	0.0057083415	0.00013136916	0.0027088823	0.00023695838	0.0014297253	0.00040999032	FGA
2026-06-27	north	20								0.0007610663	0.005423366	0.00012396279	0.0025664244	0.00022389561	0.001352641	0.00038668932	FGA
2026-06-28	north	20								0.00071962236	0.005152544	0.00011697431	0.0024314409	0.00021129452	0.0012792249	0.0003647718	FGA
2026-06-29	north	20								0.0006808923	0.0048951795	0.000110380104	0.0023035398	0.00019945523	0.0012112947	0.0003445353	FGA
2026-06-30	north	20								0.0006452025	0.0046506096	0.00010415792	0.0021823526	0.00018836853	0.0011469679	0.00032556965	FGA
2026-07-01	north	20								0.0006107563	0.0044182045	9.828365e-05	0.0020675275	0.00017878847	0.0010860534	0.00030842357	FGA
2026-07-02	north	20								0.00057905295	0.0041973656	9.2727496e-05	0.0019587327	0.0001695433	0.0010283709	0.00029247082	FGA
2026-07-03	north	20								0.0005489957	0.00398752	8.748568e-05	0.0018556516	0.00016030525	0.0009731619	0.00027715598	FGA
2026-07-04	north	20								0.00052049896	0.0037881257	8.254041e-05	0.0017579864	0.00015129035	0.0009200024	0.00026228093	FGA
2026-07-05	north	20								0.00049333577	0.0035986663	7.78749e-05	0.0016654528	0.00014221104	0.0008719399	0.00024820425	FGA
2026-07-06	north	20								0.00046682416	0.00341865	7.347332e-05	0.001577782	0.00013367667	0.00082592136	0.00023466122	FGA
2026-07-07	north	20								0.00044108013	0.0032476091	6.910213e-05	0.0014984326	0.00012565458	0.000783622	0.00022179115	FGA
2026-07-08	north	20								0.00041656996	0.0030850994	6.498914e-05	0.0014251993	0.00011811401	0.00074435794	0.00020989351	FGA
2026-07-09	north	20								0.00039257397	0.002930698	6.112108e-05	0.0013547871	0.000111449255	0.0007051116	0.00019866516	FGA
2026-07-10	north	20								0.00037067197	0.0027840023	5.748337e-05	0.0012774515	0.00010499858	0.00066686934	0.00018791662	FGA
2026-07-11	north	20								0.00035126053	0.0026446301	5.4062286e-05	0.0012120582	9.899059e-05	0.00063028804	0.0001776675	FGA
2026-07-12	north	20								0.0003330665	0.0025122175	5.0844028e-05	0.0011514188	9.335528e-05	0.0005956711	0.00016731935	FGA
2026-07-13	north	20								0.00031553442	0.0023864193	4.7810838e-05	0.0010934223	8.806641e-05	0.00056295464	0.00015798434	FGA
2026-07-14	north	20								0.0002986741	0.0022669057	4.4958695e-05	0.0010333762	8.275274e-05	0.0005324662	0.0001493074	FGA
2026-07-15	north	20								0.00028256324	0.0021546516	4.2258966e-05	0.0009773207	7.7709825e-05	0.00050320174	0.00014082051	FGA
2026-07-16	north	20								0.00026754633	0.002049768	3.969344e-05	0.00092771783	7.309379e-05	0.00047583695	0.00013278546	FGA
2026-07-17	north	20								0.00025297087	0.0019499864	3.7283666e-05	0.000880424	6.8932044e-05	0.00045192445	0.00012508735	FGA
2026-07-18	north	20								0.0002391893	0.0018550592	3.5020188e-05	0.0008355285	6.500739e-05	0.00042822614	0.00011806254	FGA
2026-07-19	north	20								0.00022615836	0.0017647509	3.2894124e-05	0.0007929206	6.130634e-05	0.0004048872	0.00011161454	FGA
2026-07-20	north	20								0.00021404825	0.0016788371	3.089714e-05	0.0007552951	5.7816127e-05	0.00038307346	0.00010568048	FGA
2026-07-21	north	20								0.00020269904	0.0015971047	2.9021388e-05	0.00071877154	5.4524757e-05	0.00036321476	0.00010004574	FGA
2026-07-22	north	20								0.00019195172	0.0015193501	2.7259512e-05	0.00068191794	5.1376526e-05	0.00034483935	9.4405994e-05	FGA
2026-07-23	north	20								0.00018177443	0.0014453805	2.5604602e-05	0.0006467929	4.8232196e-05	0.0003265451	8.9158304e-05	FGA
2026-07-24	north	20								0.0001721369	0.0013750115	2.4050163e-05	0.00061329996	4.528036e-05	0.00030987	8.432436e-05	FGA
2026-07-25	north	20								0.00016278515	0.0013080686	2.2590091e-05	0.0005815409	4.2509248e-05	0.0002945477	7.938969e-05	FGA
2026-07-26	north	20								0.00015359219	0.0012459329	2.121866e-05	0.0005514256	3.9907784e-05	0.00027970172	7.4972224e-05	FGA
2026-07-27	north	20								0.00014492779	0.0011888065	1.993049e-05	0.00052302866	3.7465976e-05	0.00026544795	7.105028e-05	FGA
2026-07-28	north	20								0.00013709918	0.0011343248	1.8720528e-05	0.00049647223	3.517389e-05	0.0002517739	6.7066125e-05	FGA
2026-07-29	north	20								0.00012975413	0.0010823642	1.758402e-05	0.00047126372	3.3022076e-05	0.00023866429	6.309699e-05	FGA
2026-07-30	north	20								0.00012293085	0.0010330839	1.651651e-05	0.00044733463	3.1057636e-05	0.00022616229	5.9379112e-05	FGA
2026-07-31	north	20								0.000116336116	0.0009810759	1.551381e-05	0.0004246201	2.9273437e-05	0.00021439305	5.5926663e-05	FGA
2026-08-01	north	20								0.0001100132	0.0009316838	1.4571982e-05	0.0004030586	2.7591741e-05	0.00020394001	5.2710242e-05	FGA
2026-08-02	north	20								0.00010412448	0.0008847761	1.3687334e-05	0.0003825916	2.6006652e-05	0.00019378684	4.9925562e-05	FGA
2026-08-03	north	20								9.872594e-05	0.00084022805	1.2892847e-05	0.00036316348	2.4512618e-05	0.00018399933	4.7323712e-05	FGA
2026-08-04	north	20								9.369556e-05	0.00079792127	1.2169191e-05	0.00034501601	2.3104412e-05	0.0001744718	4.485746e-05	FGA
2026-08-05	north	20								8.892278e-05	0.00075800857	1.1475518e-05	0.0003288587	2.1777107e-05	0.00016509193	4.242588e-05	FGA
2026-08-06	north	20								8.421894e-05	0.0007210947	1.0775632e-05	0.00031345946	2.0526048e-05	0.00015600846	4.0077746e-05	FGA
2026-08-07	north	20								7.978575e-05	0.00068604003	1.0115468e-05	0.00029878246	1.934763e-05	0.00014742474	3.791954e-05	FGA
2026-08-08	north	20								7.567479e-05	0.0006527544	9.495755e-06	0.0002847939	1.8239492e-05	0.00013976607	3.5827325e-05	FGA
2026-08-09	north	20								7.171429e-05	0.0006210849	8.914015e-06	0.0002708546	1.7237984e-05	0.00013234562	3.3764383e-05	FGA
2026-08-10	north	20								6.79057e-05	0.000590953	8.3679215e-06	0.0002565529	1.6293623e-05	0.00012528658	3.1820222e-05	FGA
2026-08-11	north	20								6.429935e-05	0.000562284	7.85529e-06	0.00024295092	1.5401e-05	0.00011891988	3.0017392e-05	FGA
2026-08-12	north	20								6.0983588e-05	0.0005350069	7.3740703e-06	0.00023006993	1.4557284e-05	0.00011287689	2.837412e-05	FGA
2026-08-13	north	20								5.7877e-05	0.0005090542	6.9413445e-06	0.00021787167	1.3759795e-05	0.00010718794	2.6874324e-05	FGA
2026-08-14	north	20								5.4929005e-05	0.00048436143	6.535154e-06	0.00020632007	1.3005999e-05	0.00010183603	2.5360752e-05	FGA
2026-08-15	north	20								5.2131494e-05	0.0004608676	6.152754e-06	0.0001953808	1.2246504e-05	9.676836e-05	2.3886872e-05	FGA
2026-08-16	north	20								4.9321927e-05	0.00043851425	5.792749e-06	0.00018502143	1.1522991e-05	9.1900234e-05	2.25041e-05	FGA
2026-08-17	north	20								4.6611654e-05	0.0004172461	5.452982e-06	0.00017521123	1.084223e-05	8.730398e-05	2.1225667e-05	FGA
2026-08-18	north	20								4.405043e-05	0.0003970104	5.1330057e-06	0.00016591957	1.0201697e-05	8.267863e-05	2.0047255e-05	FGA
2026-08-19	north	20								4.173672e-05	0.00037775698	4.8318216e-06	0.00015710026	9.601971e-06	7.8156714e-05	1.8974539e-05	FGA
2026-08-20	north	20								3.948024e-05	0.00035943819	4.5469064e-06	0.00014887305	9.055966e-06	7.4008e-05	1.7962324e-05	FGA
2026-08-21	north	20								3.7329875e-05	0.00034233124	4.269711e-06	0.00014093851	8.541016e-06	6.9943664e-05	1.6974915e-05	FGA
2026-08-22	north	20								3.5296685e-05	0.00032609887	4.009417e-06	0.00013365483	8.055352e-06	6.617023e-05	1.6031117e-05	FGA
2026-08-23	north	20								3.3404744e-05	0.0003106361	3.7649927e-06	0.00012692106	7.597312e-06	6.28196e-05	1.514878e-05	FGA
2026-08-24	north	20								3.163065e-05	0.00029590647	3.535471e-06	0.00012021487	7.1664267e-06	5.9784223e-05	1.4338648e-05	FGA
2026-08-25	north	20								2.9950774e-05	0.00028187514	3.3199428e-06	0.00011386303	6.760299e-06	5.689049e-05	1.3553974e-05	FGA
2026-08-26	north	20								2.8360113e-05	0.00026850915	3.1175546e-06	0.00010800343	6.3771868e-06	5.3786378e-05	1.2807661e-05	FGA
2026-08-27	north	20								2.687082e-05	0.00025584607	2.927506e-06	0.00010273096	6.0157877e-06	5.098485e-05	1.2110718e-05	FGA
2026-08-28	north	20								2.5474696e-05	0.00024389186	2.7504716e-06	9.6996984e-05	5.6748677e-06	4.8321308e-05	1.1433254e-05	FGA
2026-08-29	north	20								2.4124995e-05	0.00023249615	2.5842814e-06	9.163924e-05	5.35327e-06	4.5821653e-05	1.07966e-05	FGA
2026-08-30	north	20								2.2812135e-05	0.00022163277	2.4284043e-06	8.679731e-05	5.049897e-06	4.347154e-05	1.021891e-05	FGA
2026-08-31	north	20								2.1587755e-05	0.00021127684	2.2831787e-06	8.221125e-05	4.7637163e-06	4.1242572e-05	9.648962e-06	FGA
2026-09-01	north	20								2.0441244e-05	0.0002014047	2.1466392e-06	7.786752e-05	4.4911326e-06	3.9062114e-05	9.093077e-06	FGA
2026-09-02	north	20								1.9355626e-05	0.00019199378	2.0182658e-06	7.37533e-05	4.225777e-06	3.6979094e-05	8.570019e-06	FGA
2026-09-03	north	20								1.8327664e-05	0.00018302252	1.8975701e-06	6.985137e-05	3.9761007e-06	3.504776e-05	8.092824e-06	FGA
2026-09-04	north	20								1.7354298e-05	0.00017447044	1.7840927e-06	6.646065e-05	3.7411771e-06	3.3192246e-05	7.64902e-06	FGA
2026-09-05	north	20								1.6432623e-05	0.00016631783	1.6774022e-06	6.325221e-05	3.5201354e-06	3.1434967e-05	7.2326056e-06	FGA
2026-09-06	north	20								1.554821e-05	0.00015854616	1.5770923e-06	6.019878e-05	3.3111692e-06	2.9770716e-05	6.8388636e-06	FGA
2026-09-07	north	20								1.468622e-05	0.00015113757	1.4827816e-06	5.729284e-05	3.1057168e-06	2.8194574e-05	6.4665583e-06	FGA
2026-09-08	north	20								1.3908881e-05	0.00014407515	1.3941112e-06	5.4527278e-05	2.9152116e-06	2.6701875e-05	6.1145224e-06	FGA
2026-09-09	north	20								1.3210112e-05	0.00013734266	1.3107436e-06	5.188681e-05	2.7462922e-06	2.5288202e-05	5.7850875e-06	FGA
2026-09-10	north	20								1.25085335e-05	0.00013092477	1.2323619e-06	4.9201317e-05	2.5880674e-06	2.3949371e-05	5.473409e-06	FGA
2026-09-11	north	20								1.1844217e-05	0.00012480674	1.1586678e-06	4.667793e-05	2.440894e-06	2.2680979e-05	5.1614966e-06	FGA
2026-09-12	north	20								1.1226623e-05	0.00011897458	1.0893809e-06	4.4439355e-05	2.3009186e-06	2.1452706e-05	4.8729135e-06	FGA
2026-09-13	north	20								1.0619553e-05	0.00011341492	1.0242376e-06	4.2299336e-05	2.1683506e-06	2.0294972e-05	4.600487e-06	FGA
2026-09-14	north	20								1.0068967e-05	0.00010811503	9.629903e-07	4.0262406e-05	2.0756654e-06	1.9267234e-05	4.343312e-06	FGA
2026-09-15	north	20								9.544995e-06	0.00010306279	9.054056e-07	3.826171e-05	1.9506106e-06	1.8255438e-05	4.1055755e-06	FGA
2026-09-16	north	20								9.034966e-06	9.8246615e-05	8.512648e-07	3.6325207e-05	1.8330917e-06	1.7286824e-05	3.8762937e-06	FGA
2026-09-17	north	20								8.545207e-06	9.36555e-05	8.0036165e-07	3.4486748e-05	1.7226547e-06	1.63946e-05	3.6598274e-06	FGA
2026-09-18	north	20								8.072842e-06	8.927888e-05	7.525026e-07	3.2732332e-05	1.6188726e-06	1.5523805e-05	3.455459e-06	FGA
2026-09-19	north	20								7.639335e-06	8.510679e-05	7.0750576e-07	3.1056927e-05	1.5213446e-06	1.47217215e-05	3.285028e-06	FGA
2026-09-20	north	20								7.218059e-06	8.112965e-05	6.6519965e-07	2.9467283e-05	1.4332658e-06	1.3962637e-05	3.1065144e-06	FGA
2026-09-21	north	20								6.824221e-06	7.733836e-05	6.254235e-07	2.7959031e-05	1.3505037e-06	1.3223842e-05	2.9378234e-06	FGA
2026-09-22	north	20								6.452491e-06	7.3724215e-05	5.8802607e-07	2.648314e-05	1.2725217e-06	1.2524167e-05	2.778294e-06	FGA
2026-09-23	north	20								6.092532e-06	7.027897e-05	5.52865e-07	2.5071931e-05	1.1993254e-06	1.1861538e-05	2.6274292e-06	FGA
2026-09-24	north	20								5.7449506e-06	6.6994704e-05	5.198066e-07	2.3735935e-05	1.130425e-06	1.12751795e-05	2.4847577e-06	FGA
2026-09-25	north	20								5.4625903e-06	6.386391e-05	4.887251e-07	2.2471142e-05	1.0654827e-06	1.0720595e-05	2.351485e-06	FGA
2026-03-30	north	3								0.90752614	0.9752103	0.64994377	0.9623259	0.7770985	0.9428792	0.8504667	FGA
2026-03-31	north	3								0.91244566	0.976592	0.66127306	0.96422815	0.78606546	0.9461141	0.857249	FGA
2026-04-01	north	3								0.91675884	0.9779042	0.6714858	0.9663691	0.79477876	0.94918823	0.8639541	FGA
2026-04-02	north	3								0.92086726	0.9791074	0.68153024	0.96819335	0.80325264	0.9520143	0.870392	FGA
2026-04-03	north	3								0.92472273	0.98020285	0.6914134	0.9699002	0.8114506	0.9545988	0.87604046	FGA
2026-04-04	north	3								0.92850447	0.9812444	0.701122	0.971518	0.81938756	0.9570501	0.8817472	FGA
2026-04-05	north	3								0.9320276	0.9822397	0.7106502	0.9730512	0.82706684	0.95937383	0.8873756	FGA
2026-04-06	north	3								0.9355583	0.98318267	0.71999735	0.974504	0.83474743	0.9615773	0.89309824	FGA
2026-04-07	north	3								0.9388448	0.9841535	0.7295791	0.9759965	0.8418244	0.963666	0.8987188	FGA
2026-04-08	north	3								0.9420135	0.9850729	0.73906606	0.9774298	0.8496962	0.9656451	0.90338993	FGA
2026-04-09	north	3								0.944993	0.98594016	0.7483338	0.97854257	0.85664535	0.96750855	0.90782845	FGA
2026-04-10	north	3								0.9478038	0.98675776	0.7576831	0.97967476	0.863485	0.96923405	0.912227	FGA
2026-04-11	north	3								0.95055914	0.9875282	0.76691085	0.98090184	0.8699318	0.97082317	0.91649884	FGA
2026-04-12	north	3								0.953115	0.9882535	0.7764287	0.9819492	0.87611794	0.97231144	0.9206321	FGA
2026-04-13	north	3								0.9555448	0.9889267	0.7860046	0.9828048	0.8820497	0.9737258	0.9245775	FGA
2026-04-14	north	3								0.9578231	0.9895721	0.7953835	0.9836767	0.887739	0.97506976	0.928342	FGA
2026-04-15	north	3								0.95989287	0.9901914	0.8041868	0.9845657	0.8932109	0.9763467	0.9319325	FGA
2026-04-16	north	3								0.9619115	0.9907639	0.81191367	0.98544544	0.8979128	0.977584	0.9353613	FGA
2026-04-17	north	3								0.96392596	0.9913033	0.8194032	0.9862942	0.902329	0.9787748	0.9387075	FGA
2026-04-18	north	3								0.9657017	0.99181145	0.82665694	0.9871615	0.90660167	0.97989357	0.94189465	FGA
2026-04-19	north	3								0.9675312	0.99229074	0.83363855	0.9878655	0.91077924	0.98105025	0.94505537	FGA
2026-04-20	north	3								0.969273	0.9927365	0.8405378	0.98858	0.91515046	0.982128	0.9477141	FGA
2026-04-21	north	3								0.9708649	0.9931281	0.84744	0.98924965	0.91902137	0.98310333	0.9503484	FGA
2026-04-22	north	3								0.97227246	0.99349916	0.8540952	0.9898226	0.9231738	0.9840808	0.9528656	FGA
2026-04-23	north	3								0.97374153	0.99385536	0.8609192	0.9904136	0.92714167	0.98498297	0.9551694	FGA
2026-04-24	north	3								0.9751723	0.9942051	0.8674884	0.9909832	0.93091995	0.9857947	0.9574267	FGA
2026-04-25	north	3								0.9764917	0.994535	0.8737835	0.9915046	0.9345162	0.9866307	0.9597137	FGA
2026-04-26	north	3								0.9776832	0.9948462	0.87980145	0.9919362	0.93778515	0.9874071	0.9618731	FGA
2026-04-27	north	3								0.97881556	0.9951398	0.8852074	0.99232465	0.94076234	0.9881036	0.96387815	FGA
2026-04-28	north	3								0.9799337	0.9954167	0.8902008	0.99269456	0.94349736	0.98876864	0.9657986	FGA
2026-04-29	north	3								0.9810246	0.99567795	0.89498115	0.9930467	0.94618523	0.98936766	0.9675834	FGA
2026-04-30	north	3								0.9820572	0.9959243	0.89957607	0.9934338	0.94877636	0.9899087	0.96934927	FGA
2026-05-01	north	3								0.98300064	0.99616146	0.90399075	0.99379915	0.9512551	0.9904237	0.97093326	FGA
2026-05-02	north	3								0.98386663	0.99638575	0.90823036	0.99415106	0.95361966	0.9909073	0.9723621	FGA
2026-05-03	north	3								0.9846747	0.996597	0.9124356	0.99448293	0.95591056	0.99136543	0.97366595	FGA
2026-05-04	north	3								0.98541725	0.99679595	0.9165127	0.9947961	0.95799255	0.991806	0.9748956	FGA
2026-05-05	north	3								0.98613864	0.9969833	0.92015964	0.99509156	0.96001714	0.9922242	0.97612596	FGA
2026-05-06	north	3								0.9868561	0.9971597	0.9236599	0.9953703	0.96198446	0.9926515	0.97727895	FGA
2026-05-07	north	3								0.9875596	0.99732584	0.9270183	0.995629	0.96394473	0.9930665	0.97840583	FGA
2026-05-08	north	3								0.98819983	0.9974823	0.93023956	0.9958732	0.9658779	0.9934683	0.97952497	FGA
2026-05-09	north	3								0.98880357	0.99762964	0.9333264	0.9961039	0.96771073	0.9938165	0.9806046	FGA
2026-05-10	north	3								0.9893904	0.99776834	0.9362679	0.9963217	0.9694182	0.9941451	0.9816047	FGA
2026-05-11	north	3								0.9899286	0.9978978	0.93921536	0.9965127	0.97098243	0.9944528	0.982571	FGA
2026-05-12	north	3								0.9904251	0.99801815	0.94210106	0.99669176	0.97246873	0.9947427	0.9834983	FGA
2026-05-13	north	3								0.9909082	0.99813163	0.94485784	0.99688095	0.9737975	0.9950174	0.9844022	FGA
2026-05-14	north	3								0.9913796	0.99823856	0.9474906	0.9970649	0.9749621	0.9952779	0.9852584	FGA
2026-05-15	north	3								0.99183565	0.99833935	0.9500044	0.99724436	0.9759835	0.99554414	0.9860634	FGA
2026-05-16	north	3								0.9922845	0.9984344	0.95240384	0.9974053	0.9770354	0.99579144	0.9867686	FGA
2026-05-17	north	3								0.9927102	0.9985241	0.9546936	0.99754614	0.9781508	0.99602294	0.9874385	FGA
2026-05-18	north	3								0.9931073	0.99860895	0.95687824	0.9976824	0.97921294	0.99624074	0.988075	FGA
2026-05-19	north	3								0.9934745	0.99868876	0.958962	0.9978162	0.9802491	0.99644136	0.98868835	FGA
2026-05-20	north	3								0.9938246	0.99876404	0.96094924	0.9979424	0.98119694	0.9966314	0.98928773	FGA
2026-05-21	north	3								0.9941561	0.9988351	0.962844	0.9980606	0.9820795	0.9968113	0.98986757	FGA
2026-05-22	north	3								0.99446905	0.998902	0.96465015	0.99817055	0.9829639	0.99698204	0.99041796	FGA
2026-05-23	north	3								0.99476194	0.998965	0.9663716	0.9982743	0.9838789	0.9971471	0.9909471	FGA
2026-05-24	north	3								0.99503946	0.99902445	0.968012	0.9983721	0.9846597	0.997303	0.99144906	FGA
2026-05-25	north	3								0.99530226	0.99908054	0.96957487	0.9984639	0.98536813	0.99745417	0.9918898	FGA
2026-05-26	north	3								0.9955574	0.9991333	0.9710636	0.9985504	0.9861309	0.9975929	0.99229115	FGA
2026-05-27	north	3								0.9957943	0.9991831	0.9724817	0.99863	0.98679173	0.9977218	0.9926825	FGA
2026-05-28	north	3								0.99601936	0.99923	0.97383213	0.9987053	0.9874226	0.99784636	0.9930819	FGA
2026-05-29	north	3								0.99622965	0.9992742	0.9751179	0.99877656	0.9880306	0.99796164	0.9934466	FGA
2026-05-30	north	3								0.99642986	0.9993159	0.97634214	0.99884415	0.9886095	0.99807537	0.9937992	FGA
2026-05-31	north	3								0.99661946	0.999355	0.97750753	0.9989106	0.9891608	0.9981816	0.9941228	FGA
2026-06-01	north	3								0.996799	0.999392	0.97861665	0.99897313	0.9896955	0.9982804	0.99444884	FGA
2026-06-02	north	3								0.9969691	0.9994298	0.9796724	0.9990322	0.9902231	0.9983735	0.9947293	FGA
2026-06-03	north	3								0.99713045	0.9994653	0.9806769	0.99908584	0.99072385	0.99846196	0.9950015	FGA
2026-06-04	north	3								0.99728346	0.99949855	0.9816648	0.99913126	0.9912017	0.9985458	0.9952818	FGA
2026-06-05	north	3								0.99742776	0.9995297	0.98261106	0.9991757	0.9916565	0.9986276	0.9955423	FGA
2026-06-06	north	3								0.9975669	0.9995589	0.98350644	0.9992207	0.99208796	0.9987048	0.99577856	FGA
2026-06-07	north	3								0.9977009	0.99958634	0.98435575	0.9992633	0.9924982	0.99877685	0.99600244	FGA
2026-06-08	north	3								0.9978239	0.9996122	0.9851619	0.9993042	0.9928856	0.99884516	0.996213	FGA
2026-06-09	north	3								0.9979416	0.99963534	0.985927	0.9993425	0.9932539	0.99891245	0.99640685	FGA
2026-06-10	north	3								0.99805546	0.99965674	0.9866532	0.9993789	0.9936034	0.9989746	0.9965893	FGA
2026-06-11	north	3								0.99815965	0.9996769	0.9873423	0.9994133	0.9939347	0.9990332	0.996765	FGA
2026-06-12	north	3								0.9982543	0.99969584	0.9879963	0.9994459	0.99424905	0.99908817	0.99693406	FGA
2026-06-13	north	3								0.9983468	0.9997137	0.9886167	0.9994765	0.9945459	0.9991393	0.99709535	FGA
2026-06-14	north	3								0.99843115	0.99973047	0.98920536	0.99950755	0.99482304	0.9991884	0.9972481	FGA
2026-06-15	north	3								0.9985143	0.9997463	0.989764	0.9995375	0.9950939	0.9992348	0.9973929	FGA
2026-06-16	north	3								0.99860036	0.9997612	0.9902938	0.99956566	0.99535024	0.9992784	0.9975301	FGA
2026-06-17	north	3								0.99867994	0.99977523	0.99079645	0.9995922	0.99559057	0.99931896	0.9976592	FGA
2026-06-18	north	3								0.99875104	0.9997884	0.9912732	0.999617	0.9958185	0.9993571	0.99778146	FGA
2026-06-19	north	3								0.9988179	0.99980074	0.9917255	0.99964035	0.9960346	0.9993931	0.9979007	FGA
2026-06-20	north	3								0.9988816	0.9998125	0.99215454	0.99966216	0.9962412	0.99942636	0.9980169	FGA
2026-06-21	north	3								0.9989423	0.9998229	0.9925614	0.9996819	0.99643767	0.99945635	0.99812126	FGA
2026-06-22	north	3								0.9989997	0.999833	0.9929473	0.99970007	0.9966292	0.9994854	0.99821997	FGA
2026-06-23	north	3								0.99905205	0.99984246	0.99331325	0.9997177	0.99681467	0.99951476	0.9983108	FGA
2026-06-24	north	3								0.9991015	0.9998518	0.9936604	0.9997345	0.9969821	0.99953973	0.99840397	FGA
2026-06-25	north	3								0.99915034	0.99986076	0.99398947	0.99974936	0.99714077	0.9995651	0.9984895	FGA
2026-06-26	north	3								0.9991959	0.99986863	0.9942917	0.9997631	0.9972911	0.99959004	0.99857026	FGA
2026-06-27	north	3								0.99923897	0.999876	0.9945767	0.99977607	0.99743354	0.9996133	0.99864733	FGA
2026-06-28	north	3								0.99928045	0.99988306	0.9948474	0.9997887	0.9975686	0.9996352	0.99872077	FGA
2026-06-29	north	3								0.99931914	0.9998896	0.9951048	0.9998005	0.9976965	0.9996555	0.9987887	FGA
2026-06-30	north	3								0.99935484	0.9998958	0.9953494	0.9998116	0.9978177	0.99967444	0.99885297	FGA
2026-07-01	north	3								0.99938923	0.9999017	0.99558187	0.9998212	0.99793243	0.9996916	0.99891394	FGA
2026-07-02	north	3								0.99942094	0.99990726	0.99580264	0.9998304	0.9980413	0.9997075	0.99897164	FGA
2026-07-03	north	3								0.99945104	0.9999125	0.9960125	0.99983966	0.9981443	0.99972284	0.9990269	FGA
2026-07-04	north	3								0.99947953	0.9999175	0.9962119	0.9998487	0.9982421	0.99973774	0.99908	FGA
2026-07-05	north	3								0.99950665	0.99992216	0.99640137	0.9998578	0.9983346	0.9997518	0.9991281	FGA
2026-07-06	north	3								0.9995332	0.9999265	0.9965814	0.99986625	0.99842227	0.99976534	0.9991741	FGA
2026-07-07	north	3								0.9995589	0.9999309	0.99675244	0.99987435	0.99850154	0.9997783	0.9992164	FGA
2026-07-08	north	3								0.9995834	0.99993503	0.9969149	0.99988186	0.9985748	0.99979013	0.9992556	FGA
2026-07-09	north	3								0.99960744	0.9999389	0.9970693	0.99988854	0.99864525	0.9998014	0.9992949	FGA
2026-07-10	north	3								0.9996294	0.9999425	0.997216	0.99989504	0.9987226	0.99981207	0.99933314	FGA
2026-07-11	north	3								0.9996487	0.99994594	0.9973554	0.99990106	0.99878794	0.9998224	0.9993697	FGA
2026-07-12	north	3								0.9996669	0.99994916	0.9974877	0.99990666	0.9988486	0.9998327	0.9994043	FGA
2026-07-13	north	3								0.99968445	0.9999522	0.99761367	0.9999119	0.9989066	0.99984205	0.99943703	FGA
2026-07-14	north	3								0.9997013	0.99995506	0.9977332	0.9999172	0.99896663	0.9998507	0.99946755	FGA
2026-07-15	north	3								0.9997175	0.9999578	0.99784535	0.9999222	0.99902266	0.9998592	0.9994968	FGA
2026-07-16	north	3								0.99973243	0.9999603	0.9979502	0.9999269	0.99907225	0.99986714	0.9995242	FGA
2026-07-17	north	3								0.99974704	0.9999627	0.99805003	0.9999311	0.9991196	0.99987495	0.999548	FGA
2026-07-18	north	3								0.9997608	0.999965	0.9981449	0.999935	0.99916446	0.999882	0.99957174	FGA
2026-07-19	north	3								0.99977386	0.9999671	0.9982352	0.99993867	0.9992071	0.99988836	0.9995951	FGA
2026-07-20	north	3								0.99978596	0.99996907	0.9983212	0.9999422	0.9992447	0.9998943	0.9996169	FGA
2026-07-21	north	3								0.9997973	0.999971	0.9984029	0.9999455	0.9992812	0.9998999	0.99963677	FGA
2026-07-22	north	3								0.999808	0.99997276	0.9984806	0.99994856	0.99931806	0.9999056	0.9996551	FGA
2026-07-23	north	3								0.9998182	0.99997437	0.99855465	0.9999517	0.9993532	0.99991083	0.9996735	FGA
2026-07-24	north	3								0.99982786	0.9999759	0.998625	0.99995476	0.9993867	0.99991566	0.9996901	FGA
2026-07-25	north	3								0.9998373	0.9999774	0.998692	0.9999575	0.99941844	0.9999206	0.99970543	FGA
2026-07-26	north	3								0.99984634	0.9999788	0.9987541	0.9999601	0.99944854	0.999925	0.9997203	FGA
2026-07-27	north	3								0.99985504	0.99998003	0.9988112	0.99996257	0.99947697	0.999929	0.9997345	FGA
2026-07-28	north	3								0.9998629	0.9999813	0.99886566	0.99996483	0.9995035	0.9999329	0.99974823	FGA
2026-07-29	north	3								0.99987024	0.9999824	0.99891764	0.999967	0.99952877	0.9999369	0.9997614	FGA
2026-07-30	north	3								0.9998771	0.9999835	0.99896693	0.9999689	0.9995527	0.99994063	0.99977386	FGA
2026-07-31	north	3								0.99988365	0.9999845	0.99901897	0.99997073	0.9995754	0.9999441	0.9997856	FGA
2026-08-01	north	3								0.99988997	0.9999854	0.9990683	0.9999724	0.99959695	0.9999473	0.99979603	FGA
2026-08-02	north	3								0.9998959	0.99998635	0.9991152	0.99997395	0.99961746	0.99995005	0.9998062	FGA
2026-08-03	north	3								0.9999013	0.9999871	0.99915975	0.99997544	0.9996369	0.9999527	0.99981594	FGA
2026-08-04	north	3								0.9999063	0.99998784	0.9992021	0.9999769	0.999655	0.9999552	0.99982554	FGA
2026-08-05	north	3								0.99991107	0.99998856	0.999242	0.99997824	0.9996711	0.99995756	0.9998349	FGA
2026-08-06	north	3								0.99991584	0.9999892	0.99927896	0.9999795	0.99968654	0.99995995	0.99984396	FGA
2026-08-07	north	3								0.9999202	0.99998987	0.999314	0.9999806	0.99970126	0.9999621	0.9998526	FGA
2026-08-08	north	3								0.9999243	0.9999905	0.99934727	0.9999817	0.9997152	0.9999642	0.9998603	FGA
2026-08-09	north	3								0.9999283	0.9999911	0.99937886	0.9999828	0.9997291	0.99996626	0.9998677	FGA
2026-08-10	north	3								0.99993205	0.9999916	0.9994091	0.9999837	0.99974346	0.9999682	0.9998747	FGA
2026-08-11	north	3								0.9999357	0.99999213	0.9994377	0.9999846	0.99975705	0.9999701	0.99988115	FGA
2026-08-12	north	3								0.99993896	0.9999926	0.999465	0.99998546	0.9997699	0.99997157	0.9998871	FGA
2026-08-13	north	3								0.9999422	0.9999931	0.9994909	0.99998623	0.99978215	0.99997306	0.99989283	FGA
2026-08-14	north	3								0.99994504	0.9999935	0.9995156	0.99998707	0.9997937	0.9999746	0.99989814	FGA
2026-08-15	north	3								0.9999479	0.99999386	0.99953914	0.9999878	0.99980456	0.99997604	0.9999032	FGA
2026-08-16	north	3								0.99995065	0.9999942	0.9995615	0.99998844	0.999815	0.99997747	0.9999081	FGA
2026-08-17	north	3								0.9999534	0.9999946	0.9995827	0.99998915	0.9998248	0.9999787	0.99991274	FGA
2026-08-18	north	3								0.99995595	0.9999949	0.999603	0.9999898	0.9998341	0.9999799	0.99991727	FGA
2026-08-19	north	3								0.9999583	0.9999952	0.9996223	0.9999904	0.99984294	0.99998105	0.9999218	FGA
2026-08-20	north	3								0.99996054	0.99999547	0.9996406	0.99999094	0.9998511	0.99998206	0.999926	FGA
2026-08-21	north	3								0.9999627	0.9999957	0.9996577	0.9999914	0.9998591	0.999983	0.99993	FGA
2026-08-22	north	3								0.99996465	0.999996	0.9996739	0.99999195	0.9998663	0.99998397	0.9999338	FGA
2026-08-23	north	3								0.9999666	0.9999962	0.9996894	0.9999924	0.99987304	0.9999849	0.9999372	FGA
2026-08-24	north	3								0.9999683	0.9999965	0.99970406	0.9999928	0.99987984	0.99998564	0.9999402	FGA
2026-08-25	north	3								0.99997	0.9999967	0.99971807	0.9999932	0.99988616	0.9999864	0.99994314	FGA
2026-08-26	north	3								0.9999716	0.9999969	0.9997315	0.9999936	0.999892	0.99998724	0.99994624	FGA
2026-08-27	north	3								0.9999732	0.9999971	0.9997442	0.999994	0.9998973	0.99998796	0.99994904	FGA
2026-08-28	north	3								0.9999745	0.9999972	0.9997561	0.99999434	0.99990296	0.99998856	0.9999517	FGA
2026-08-29	north	3								0.99997586	0.9999974	0.99976754	0.99999464	0.99990827	0.9999892	0.99995416	FGA
2026-08-30	north	3								0.99997723	0.9999976	0.99977845	0.99999493	0.9999132	0.99998975	0.99995655	FGA
2026-08-31	north	3								0.9999784	0.99999774	0.9997887	0.99999523	0.9999178	0.99999034	0.99995875	FGA
2026-09-01	north	3								0.99997956	0.99999785	0.9997986	0.9999955	0.99992216	0.9999909	0.99996096	FGA
2026-09-02	north	3								0.9999807	0.999998	0.999808	0.99999577	0.9999262	0.9999914	0.99996305	FGA
2026-09-03	north	3								0.99998164	0.9999981	0.999817	0.999996	0.99993014	0.9999919	0.99996495	FGA
2026-09-04	north	3								0.99998266	0.9999982	0.99982554	0.99999624	0.99993354	0.9999923	0.9999668	FGA
2026-09-05	north	3								0.99998355	0.9999983	0.99983364	0.9999965	0.9999367	0.9999928	0.9999686	FGA
2026-09-06	north	3								0.9999844	0.9999984	0.9998415	0.9999967	0.9999398	0.99999315	0.99997026	FGA
2026-09-07	north	3								0.99998534	0.9999985	0.99984884	0.9999969	0.99994266	0.9999935	0.9999718	FGA
2026-09-08	north	3								0.9999862	0.9999986	0.99985594	0.9999971	0.9999455	0.99999386	0.9999733	FGA
2026-09-09	north	3								0.99998677	0.9999987	0.9998627	0.99999726	0.99994814	0.99999416	0.9999747	FGA
2026-09-10	north	3								0.9999875	0.99999875	0.99986905	0.9999974	0.9999508	0.9999945	0.99997604	FGA
2026-09-11	north	3								0.9999882	0.9999988	0.9998751	0.99999756	0.99995327	0.9999949	0.99997735	FGA
2026-09-12	north	3								0.99998873	0.9999989	0.99988097	0.9999977	0.9999555	0.9999951	0.99997854	FGA
2026-09-13	north	3								0.9999894	0.999999	0.9998866	0.99999785	0.9999577	0.9999954	0.9999797	FGA
2026-09-14	north	3								0.9999899	0.99999905	0.9998919	0.9999979	0.99995977	0.99999565	0.99998075	FGA
2026-09-15	north	3								0.99999046	0.9999991	0.99989694	0.9999981	0.9999618	0.9999959	0.99998176	FGA
2026-09-16	north	3								0.99999094	0.99999917	0.9999018	0.99999815	0.9999637	0.9999961	0.9999827	FGA
2026-09-17	north	3								0.9999915	0.9999992	0.9999063	0.9999983	0.9999655	0.99999636	0.9999836	FGA
2026-09-18	north	3								0.9999919	0.9999992	0.9999107	0.9999984	0.9999673	0.99999654	0.99998444	FGA
2026-09-19	north	3								0.9999924	0.9999993	0.9999149	0.9999985	0.99996895	0.9999967	0.9999853	FGA
2026-09-20	north	3								0.9999928	0.99999934	0.9999189	0.99999857	0.99997056	0.9999969	0.99998605	FGA
2026-09-21	north	3								0.9999932	0.9999994	0.99992263	0.9999986	0.99997205	0.9999971	0.99998677	FGA
2026-09-22	north	3								0.99999356	0.9999994	0.99992627	0.9999987	0.99997354	0.9999972	0.9999875	FGA
2026-09-23	north	3								0.9999939	0.99999946	0.9999297	0.9999988	0.99997497	0.9999974	0.99998814	FGA
2026-09-24	north	3								0.9999943	0.99999946	0.999933	0.99999887	0.9999763	0.9999975	0.99998873	FGA
2026-09-25	north	3								0.9999946	0.99999946	0.9999361	0.9999989	0.9999776	0.9999977	0.99998933	FGA
